1 2 36
1 3 36
1 4 64
1 5 64
1 6 84
1 7 84
1 8 96
1 9 96
1 10 100
2 1 36
2 11 64
2 12 32
2 13 56
2 14 56
2 15 72
2 16 72
2 17 80
2 18 80
3 1 4
3 12 32
3 19 56
3 20 72
3 21 80
4 1 32
4 11 4
4 13 28
4 19 28
4 22 96
4 23 48
4 24 60
4 25 60
4 26 64
5 1 8
5 12 4
5 14 28
5 23 48
5 27 60
5 28 64
6 1 28
6 13 8
6 15 24
6 20 24
6 24 40
6 27 40
6 29 96
6 30 48
7 1 12
7 14 8
7 16 24
7 19 8
7 25 40
7 30 48
8 1 24
8 15 12
8 17 20
8 21 20
8 22 16
8 26 32
8 28 64
8 30 36
9 1 16
9 16 12
9 18 20
9 20 12
9 23 16
9 26 32
9 29 36
10 1 20
10 17 16
10 18 16
10 21 16
10 24 24
10 25 24
10 27 24
11 2 32
11 4 4
11 31 84
11 32 28
11 33 48
11 34 48
11 35 60
11 36 60
11 37 64
12 2 4
12 3 36
12 5 4
12 32 56
12 38 48
12 39 60
12 40 64
13 2 28
13 4 28
13 6 12
13 31 12
13 33 48
13 38 24
13 41 80
13 42 40
13 43 48
13 44 48
14 2 8
14 5 32
14 7 8
14 32 8
14 34 48
14 42 40
14 45 48
15 2 24
15 6 24
15 8 16
15 33 16
15 35 40
15 39 20
15 43 32
15 45 32
15 46 72
16 2 12
16 7 28
16 9 12
16 34 16
16 36 40
16 38 8
16 44 32
16 46 36
17 2 20
17 8 20
17 10 20
17 35 24
17 37 32
17 40 32
17 41 16
17 44 24
17 45 24
18 2 16
18 9 24
18 10 16
18 36 24
18 37 32
18 39 12
18 42 16
18 43 24
19 3 36
19 4 4
19 7 4
19 32 4
19 38 24
19 47 80
19 48 48
20 3 36
20 6 4
20 9 4
20 38 8
20 39 20
20 48 32
20 49 108
21 3 36
21 8 4
21 10 4
21 39 12
21 40 32
21 47 16
21 48 24
22 4 24
22 8 8
22 33 4
22 41 20
22 47 20
22 50 96
22 51 32
22 52 36
23 4 8
23 5 32
23 9 8
23 34 4
23 38 4
23 42 20
23 51 64
23 53 36
24 4 20
24 6 20
24 10 20
24 35 4
24 41 16
24 43 16
24 48 16
24 52 48
24 53 48
25 4 12
25 7 28
25 10 12
25 36 4
25 42 8
25 44 16
25 47 16
25 52 48
26 4 16
26 8 16
26 9 24
26 37 4
26 43 12
26 44 12
26 48 12
26 50 48
26 51 32
27 5 32
27 6 8
27 10 8
27 39 4
27 42 8
27 45 16
27 53 48
28 5 16
28 8 8
28 40 4
28 45 12
28 51 16
29 6 16
29 9 12
29 43 8
29 46 12
29 49 36
29 53 16
30 6 12
30 7 28
30 8 12
30 44 8
30 45 8
30 46 24
30 48 8
30 52 16
31 11 28
31 13 4
31 54 96
31 55 24
31 56 40
31 57 40
31 58 48
31 59 48
32 11 4
32 12 32
32 14 4
32 19 4
32 55 72
32 60 40
32 61 48
33 11 24
33 13 24
33 15 12
33 22 8
33 54 24
33 56 60
33 60 20
33 62 64
33 63 32
33 64 36
34 11 8
34 14 28
34 16 8
34 23 4
34 55 12
34 57 60
34 63 32
34 65 36
35 11 20
35 15 20
35 17 16
35 24 4
35 56 24
35 58 48
35 61 16
35 64 24
35 65 48
36 11 12
36 16 24
36 18 12
36 25 4
36 57 24
36 59 48
36 60 8
36 64 24
37 11 16
37 17 16
37 18 20
37 26 4
37 58 36
37 59 36
37 61 12
37 62 16
37 63 16
38 12 32
38 13 4
38 16 4
38 19 28
38 20 12
38 23 4
38 55 12
38 60 40
38 66 64
38 67 36
39 12 32
39 15 4
39 18 4
39 20 24
39 21 16
39 27 4
39 60 16
39 61 32
39 67 48
40 12 16
40 17 4
40 21 20
40 28 4
40 61 24
40 66 16
41 13 20
41 17 8
41 22 20
41 24 12
41 56 12
41 62 32
41 66 16
41 68 72
41 69 24
42 13 8
42 14 28
42 18 8
42 23 24
42 25 8
42 27 12
42 57 12
42 60 8
42 63 32
42 69 48
43 13 16
43 15 16
43 18 20
43 24 16
43 26 16
43 29 24
43 58 12
43 62 32
43 64 24
43 67 24
43 69 32
44 13 12
44 16 24
44 17 12
44 25 20
44 26 12
44 30 12
44 59 12
44 63 16
44 64 24
44 66 16
44 68 48
45 14 28
45 15 8
45 17 8
45 27 20
45 28 32
45 30 8
45 61 8
45 63 16
45 65 48
45 69 16
46 15 12
46 16 12
46 29 12
46 30 16
46 64 16
46 65 16
46 67 8
47 19 28
47 21 8
47 22 4
47 25 4
47 60 4
47 66 16
47 70 72
48 19 28
48 20 24
48 21 20
48 24 4
48 26 4
48 30 4
48 61 4
48 66 16
48 67 24
48 70 48
49 20 12
49 29 4
49 67 8
50 22 16
50 26 8
50 62 4
50 68 12
50 70 12
50 71 64
51 22 8
51 23 24
51 26 8
51 28 16
51 63 4
51 66 4
51 69 12
51 71 96
52 22 12
52 24 12
52 25 20
52 30 8
52 64 4
52 68 24
52 69 8
52 70 24
53 23 12
53 24 8
53 27 20
53 29 8
53 65 4
53 67 4
53 69 16
54 31 24
54 33 4
54 72 100
54 73 20
54 74 32
54 75 32
54 76 36
55 31 4
55 32 28
55 34 4
55 38 4
55 73 80
55 77 32
55 78 36
56 31 20
56 33 20
56 35 12
56 41 8
56 72 40
56 74 64
56 77 16
56 79 48
56 80 24
57 31 8
57 34 24
57 36 8
57 42 4
57 73 16
57 75 64
57 80 24
58 31 16
58 35 16
58 37 16
58 43 4
58 74 32
58 76 48
58 78 24
58 80 16
59 31 12
59 36 20
59 37 12
59 44 4
59 75 32
59 76 48
59 77 8
59 79 16
60 32 28
60 33 4
60 36 4
60 38 24
60 39 12
60 42 4
60 47 8
60 73 24
60 77 48
60 81 48
61 32 28
61 35 4
61 37 4
61 39 20
61 40 32
61 45 4
61 48 4
61 77 24
61 78 72
61 81 16
62 33 16
62 37 8
62 41 16
62 43 12
62 50 12
62 74 24
62 79 36
62 81 12
62 82 48
63 33 8
63 34 24
63 37 8
63 42 20
63 44 8
63 45 12
63 51 8
63 75 24
63 77 12
63 80 36
63 82 48
64 33 12
64 35 12
64 36 20
64 43 12
64 44 16
64 46 24
64 52 8
64 76 24
64 79 48
64 80 24
64 81 16
65 34 12
65 35 8
65 45 16
65 46 8
65 53 4
65 78 12
65 80 24
66 38 24
66 40 16
66 41 4
66 44 4
66 47 20
66 48 12
66 51 4
66 77 12
66 81 24
66 83 96
67 38 12
67 39 20
67 43 4
67 46 4
67 48 16
67 49 36
67 53 4
67 78 12
67 81 32
68 41 12
68 44 8
68 50 12
68 52 12
68 79 12
68 82 16
68 83 32
69 41 8
69 42 20
69 43 8
69 45 8
69 51 16
69 52 8
69 53 24
69 80 12
69 81 8
69 82 48
70 47 20
70 48 8
70 50 4
70 52 4
70 81 4
70 83 32
71 50 8
71 51 8
71 82 4
71 83 4
72 54 20
72 56 4
72 84 96
72 85 16
72 86 24
72 87 24
73 54 4
73 55 24
73 57 4
73 60 4
73 85 80
73 88 24
74 54 16
74 56 16
74 58 12
74 62 8
74 84 60
74 86 60
74 88 12
74 89 32
75 54 8
75 57 20
75 59 8
75 63 4
75 85 20
75 87 60
75 89 16
76 54 12
76 58 12
76 59 16
76 64 4
76 86 40
76 87 40
76 88 8
77 55 24
77 56 4
77 59 4
77 60 20
77 61 12
77 63 4
77 66 8
77 85 40
77 88 48
77 90 48
78 55 12
78 58 4
78 61 16
78 65 4
78 67 4
78 88 32
79 56 12
79 59 8
79 62 12
79 64 12
79 68 12
79 86 40
79 89 32
79 90 24
80 56 8
80 57 20
80 58 8
80 63 16
80 64 8
80 65 24
80 69 8
80 87 40
80 88 16
80 89 64
81 60 20
81 61 8
81 62 4
81 64 4
81 66 16
81 67 24
81 69 4
81 70 12
81 88 24
81 90 72
82 62 8
82 63 8
82 68 8
82 69 12
82 71 16
82 89 24
82 90 12
83 66 8
83 68 4
83 70 12
83 71 4
83 90 12
84 72 16
84 74 4
84 91 84
84 92 12
84 93 16
85 72 4
85 73 20
85 75 4
85 77 4
85 92 72
85 94 16
86 72 12
86 74 12
86 76 12
86 79 8
86 91 84
86 93 48
86 94 16
87 72 8
87 75 16
87 76 8
87 80 4
87 92 24
87 93 48
88 73 20
88 74 4
88 76 4
88 77 16
88 78 24
88 80 4
88 81 8
88 92 60
88 94 80
89 74 8
89 75 8
89 79 8
89 80 12
89 82 12
89 93 60
89 94 20
90 77 8
90 79 4
90 81 12
90 82 4
90 83 16
90 94 40
91 84 12
91 86 4
91 95 64
91 96 8
92 84 4
92 85 16
92 87 4
92 88 4
92 96 56
93 84 8
93 86 8
93 87 12
93 89 8
93 95 112
93 96 28
94 85 8
94 86 4
94 88 12
94 89 4
94 90 12
94 96 84
95 91 8
95 93 4
95 97 36
96 91 4
96 92 12
96 93 4
96 94 8
96 97 144
97 95 4
97 96 4
98 110 28
98 120 4
98 124 48
98 131 8
98 134 60
98 139 8
98 142 8
98 143 84
98 144 64
98 148 8
98 150 8
98 151 48
98 152 60
98 154 8
99 110 4
99 111 24
99 120 4
99 125 40
99 131 4
99 132 4
99 135 48
99 139 8
99 140 4
99 142 4
99 145 48
99 148 8
99 149 4
99 150 8
99 151 24
99 153 40
99 154 8
99 155 4
100 110 4
100 112 24
100 120 4
100 126 40
100 131 4
100 132 4
100 136 48
100 139 8
100 140 4
100 142 4
100 146 48
100 148 8
100 149 4
100 150 8
100 151 24
100 153 40
100 154 8
100 155 4
101 111 8
101 113 20
101 120 4
101 124 8
101 127 32
101 131 8
101 132 -4
101 133 4
101 137 36
101 139 8
101 141 4
101 142 8
101 146 32
101 148 12
101 150 8
101 152 20
101 154 12
101 155 -4
102 111 4
102 112 4
102 114 20
102 121 8
102 122 -4
102 128 32
102 132 8
102 138 36
102 139 -4
102 140 16
102 142 -8
102 147 96
102 149 16
102 153 20
102 155 16
103 112 8
103 115 20
103 120 4
103 124 8
103 129 32
103 131 8
103 132 -4
103 133 4
103 137 36
103 139 8
103 141 4
103 142 8
103 145 32
103 148 12
103 150 8
103 152 20
103 154 12
103 155 -4
104 113 12
104 116 16
104 120 4
104 125 16
104 129 24
104 131 8
104 133 -4
104 134 12
104 136 24
104 139 12
104 140 -4
104 141 -4
104 142 8
104 144 16
104 148 12
104 149 -4
104 150 12
104 154 12
105 113 4
105 114 8
105 117 16
105 121 4
105 122 4
105 123 -4
105 126 8
105 130 24
105 132 8
105 138 24
105 140 4
105 141 8
105 142 -4
105 145 16
105 148 -4
105 149 12
105 150 -4
105 155 4
106 114 8
106 115 4
106 118 16
106 121 4
106 122 4
106 123 -4
106 125 8
106 130 24
106 132 8
106 138 24
106 140 4
106 141 8
106 142 -4
106 146 16
106 148 -4
106 149 12
106 150 -4
106 155 4
107 115 12
107 116 16
107 120 4
107 126 16
107 127 24
107 131 8
107 133 -4
107 134 12
107 135 24
107 139 12
107 140 -4
107 141 -4
107 142 8
107 144 16
107 148 12
107 149 -4
107 150 12
107 154 12
108 116 4
108 117 12
108 118 12
108 121 4
108 123 8
108 128 32
108 132 8
108 135 12
108 136 12
108 140 12
108 141 -16
108 142 -4
108 154 -8
108 155 12
109 117 8
109 118 8
109 119 36
109 122 8
109 123 4
109 127 8
109 129 8
109 130 16
109 133 16
109 137 12
109 141 12
109 149 -8
109 150 -8
109 154 -4
109 155 -16
110 98 28
110 99 4
110 100 4
110 156 48
110 163 4
110 166 40
110 171 8
110 174 48
110 178 8
110 180 8
110 181 72
110 182 48
110 184 8
110 186 8
110 187 40
111 99 24
111 101 8
111 102 4
111 156 8
111 157 40
111 163 4
111 167 32
111 171 4
111 172 4
111 175 36
111 178 8
111 179 4
111 180 4
111 183 32
111 184 8
111 185 4
111 186 8
111 187 20
112 100 24
112 102 4
112 103 8
112 156 8
112 158 40
112 163 4
112 168 32
112 171 4
112 172 4
112 176 36
112 178 8
112 179 4
112 180 4
112 183 32
112 184 8
112 185 4
112 186 8
112 187 20
113 101 20
113 104 12
113 105 4
113 157 16
113 159 32
113 163 4
113 166 8
113 169 24
113 171 8
113 172 -4
113 173 4
113 176 24
113 178 8
113 180 8
113 182 16
113 184 12
113 185 -4
113 186 8
114 102 20
114 105 8
114 106 8
114 157 8
114 158 8
114 160 32
114 164 8
114 165 -4
114 170 24
114 172 8
114 177 72
114 178 -4
114 179 16
114 180 -8
114 183 16
114 185 16
115 103 20
115 106 4
115 107 12
115 158 16
115 161 32
115 163 4
115 166 8
115 169 24
115 171 8
115 172 -4
115 173 4
115 175 24
115 178 8
115 180 8
115 182 16
115 184 12
115 185 -4
115 186 8
116 104 16
116 107 16
116 108 4
116 159 24
116 161 24
116 163 4
116 167 16
116 168 16
116 171 8
116 173 -8
116 174 24
116 178 12
116 179 -8
116 180 8
116 184 8
116 186 12
117 105 16
117 108 12
117 109 8
117 159 8
117 160 16
117 162 24
117 164 4
117 165 4
117 168 8
117 170 16
117 172 8
117 175 12
117 179 4
117 180 -4
117 184 -4
117 185 4
117 186 -4
118 106 16
118 108 12
118 109 8
118 160 16
118 161 8
118 162 24
118 164 4
118 165 4
118 167 8
118 170 16
118 172 8
118 176 12
118 179 4
118 180 -4
118 184 -4
118 185 4
118 186 -4
119 109 12
119 162 16
119 165 4
119 169 8
119 173 8
119 185 -8
119 186 -4
120 98 4
120 99 4
120 100 4
120 101 4
120 103 4
120 104 4
120 107 4
120 163 28
120 188 48
120 192 60
120 195 48
120 196 64
120 199 60
121 102 8
121 105 4
121 106 4
121 108 4
121 163 4
121 164 24
121 189 40
121 193 48
121 195 -24
121 197 48
122 102 -4
122 105 4
122 106 4
122 109 8
122 164 8
122 165 20
122 188 8
122 190 32
122 197 -32
122 199 -20
123 105 -4
123 106 -4
123 108 8
123 109 4
123 165 12
123 189 16
123 190 -24
123 192 12
123 193 -24
123 196 -16
124 98 24
124 101 4
124 103 4
124 156 4
124 166 20
124 188 4
124 200 64
124 204 8
124 206 36
124 208 8
124 210 8
124 211 60
124 212 32
124 213 8
125 99 20
125 104 8
125 106 4
125 157 4
125 166 4
125 167 16
125 188 4
125 201 48
125 204 4
125 205 4
125 207 24
125 208 8
125 209 4
125 210 4
125 212 16
125 213 8
126 100 20
126 105 4
126 107 8
126 158 4
126 166 4
126 168 16
126 188 4
126 202 48
126 204 4
126 205 4
126 207 24
126 208 8
126 209 4
126 210 4
126 212 16
126 213 8
127 101 16
127 107 12
127 109 4
127 159 4
127 167 8
127 169 12
127 188 4
127 200 16
127 202 32
127 204 8
127 205 -4
127 206 12
127 208 8
127 209 -4
127 210 8
127 213 8
128 102 16
128 108 16
128 160 4
128 167 4
128 168 4
128 170 12
128 189 8
128 190 -4
128 203 96
128 205 8
128 207 12
128 208 -4
128 209 16
128 210 -8
129 103 16
129 104 12
129 109 4
129 161 4
129 168 8
129 169 12
129 188 4
129 200 16
129 201 32
129 204 8
129 205 -4
129 206 12
129 208 8
129 209 -4
129 210 8
129 213 8
130 105 12
130 106 12
130 109 8
130 162 4
130 169 4
130 170 16
130 189 4
130 190 8
130 201 16
130 202 16
130 205 8
130 209 -4
130 210 -4
130 213 -8
131 98 8
131 99 4
131 100 4
131 101 8
131 103 8
131 104 8
131 107 8
131 163 4
131 171 24
131 204 40
131 214 48
131 217 40
131 218 48
132 99 4
132 100 4
132 101 -4
132 102 8
132 103 -4
132 105 8
132 106 8
132 108 8
132 164 4
132 171 4
132 172 20
132 205 32
132 215 36
132 217 -20
133 101 4
133 103 4
133 104 -4
133 107 -4
133 109 16
133 165 4
133 172 8
133 173 16
133 204 8
133 215 -24
133 218 -16
134 98 20
134 104 4
134 107 4
134 166 8
134 174 16
134 192 4
134 206 24
134 214 8
134 219 48
134 220 8
134 221 8
134 222 48
135 99 16
135 107 8
135 108 4
135 167 8
135 174 4
135 175 12
135 192 4
135 207 16
135 214 4
135 215 4
135 219 24
135 220 8
135 221 4
136 100 16
136 104 8
136 108 4
136 168 8
136 174 4
136 176 12
136 192 4
136 207 16
136 214 4
136 215 4
136 219 24
136 220 8
136 221 4
137 101 12
137 103 12
137 109 4
137 169 8
137 175 8
137 176 8
137 192 4
137 206 16
137 214 8
137 215 -8
137 220 4
137 221 8
138 102 12
138 105 8
138 106 8
138 170 8
138 175 4
138 176 4
138 177 24
138 193 8
138 207 8
138 215 8
138 220 -4
138 221 -8
139 98 8
139 99 8
139 100 8
139 101 8
139 102 -4
139 103 8
139 104 12
139 107 12
139 171 8
139 178 20
139 188 8
139 208 32
139 220 36
139 223 32
140 99 4
140 100 4
140 102 16
140 104 -4
140 105 4
140 106 4
140 107 -4
140 108 12
140 172 8
140 178 4
140 179 16
140 189 8
140 209 24
140 223 -16
141 101 4
141 103 4
141 104 -4
141 105 8
141 106 8
141 107 -4
141 108 -16
141 109 12
141 173 8
141 179 8
141 190 8
141 208 8
141 209 -16
141 220 -12
142 98 8
142 99 4
142 100 4
142 101 8
142 102 -8
142 103 8
142 104 8
142 105 -4
142 106 -4
142 107 8
142 108 -4
142 180 24
142 195 24
142 210 40
142 217 40
142 221 48
142 223 48
143 98 4
143 181 24
143 211 40
143 222 48
144 98 16
144 104 4
144 107 4
144 174 12
144 182 12
144 196 4
144 200 16
144 212 16
144 218 8
144 222 36
144 223 8
145 99 12
145 103 8
145 105 4
145 175 12
145 182 4
145 183 8
145 196 4
145 201 16
145 212 8
145 218 4
145 223 4
146 100 12
146 101 8
146 106 4
146 176 12
146 182 4
146 183 8
146 196 4
146 202 16
146 212 8
146 218 4
146 223 4
147 102 8
147 177 12
147 183 4
147 197 4
147 203 16
147 223 -4
148 98 8
148 99 8
148 100 8
148 101 12
148 103 12
148 104 12
148 105 -4
148 106 -4
148 107 12
148 178 12
148 184 16
148 192 12
148 204 16
148 213 24
148 221 24
149 99 4
149 100 4
149 102 16
149 104 -4
149 105 12
149 106 12
149 107 -4
149 109 -8
149 179 12
149 184 4
149 185 12
149 193 12
149 205 16
149 221 -12
150 98 8
150 99 8
150 100 8
150 101 8
150 103 8
150 104 12
150 105 -4
150 106 -4
150 107 12
150 109 -8
150 180 8
150 186 20
150 199 20
150 213 32
150 218 32
150 220 36
151 98 8
151 99 4
151 100 4
151 181 12
151 187 20
151 195 4
151 212 32
151 219 36
152 98 12
152 101 4
152 103 4
152 182 16
152 187 8
152 199 4
152 206 24
152 211 24
152 217 8
153 99 8
153 100 8
153 102 4
153 183 16
153 187 8
153 199 4
153 207 24
154 98 8
154 99 8
154 100 8
154 101 12
154 103 12
154 104 12
154 107 12
154 108 -8
154 109 -4
154 184 16
154 186 12
154 196 16
154 208 24
154 210 16
154 214 24
155 99 4
155 100 4
155 101 -4
155 102 16
155 103 -4
155 105 4
155 106 4
155 108 12
155 109 -16
155 185 16
155 186 4
155 197 16
155 209 24
155 210 -8
155 215 24
156 110 24
156 111 4
156 112 4
156 124 4
156 224 60
156 229 4
156 232 32
156 236 8
156 238 36
156 240 8
156 242 8
156 243 60
156 244 32
156 245 8
157 111 20
157 113 8
157 114 4
157 125 4
157 224 12
157 225 48
157 229 4
157 233 24
157 236 4
157 237 4
157 239 24
157 240 8
157 241 4
157 242 4
157 244 16
157 245 8
158 112 20
158 114 4
158 115 8
158 126 4
158 224 12
158 226 48
158 229 4
158 234 24
158 236 4
158 237 4
158 239 24
158 240 8
158 241 4
158 242 4
158 244 16
158 245 8
159 113 16
159 116 12
159 117 4
159 127 4
159 225 24
159 227 36
159 229 4
159 232 8
159 234 16
159 236 8
159 237 -4
159 238 12
159 240 8
159 241 -4
159 242 8
159 245 8
160 114 16
160 117 8
160 118 8
160 128 4
160 225 12
160 226 12
160 228 36
160 230 8
160 231 -4
160 235 48
160 237 8
160 239 12
160 240 -4
160 241 16
160 242 -8
161 115 16
161 116 12
161 118 4
161 129 4
161 226 24
161 227 36
161 229 4
161 232 8
161 233 16
161 236 8
161 237 -4
161 238 12
161 240 8
161 241 -4
161 242 8
161 245 8
162 117 12
162 118 12
162 119 24
162 130 4
162 227 12
162 228 48
162 230 4
162 231 8
162 233 8
162 234 8
162 237 8
162 241 -4
162 242 -4
162 245 -8
163 110 4
163 111 4
163 112 4
163 113 4
163 115 4
163 116 4
163 120 28
163 121 4
163 131 4
163 229 48
163 246 40
163 249 48
163 252 40
163 253 48
164 114 8
164 117 4
164 118 4
164 121 24
164 122 8
164 132 4
164 229 8
164 230 40
164 247 32
164 250 36
164 252 -20
165 114 -4
165 117 4
165 118 4
165 119 12
165 122 20
165 123 12
165 133 4
165 230 16
165 231 32
165 246 8
165 250 -24
165 253 -16
166 110 20
166 113 4
166 115 4
166 124 20
166 125 4
166 126 4
166 134 12
166 224 12
166 232 32
166 246 4
166 254 48
166 256 8
166 258 24
166 259 8
166 260 8
166 261 48
167 111 16
167 116 8
167 118 4
167 125 16
167 127 8
167 128 4
167 135 12
167 225 12
167 232 8
167 233 24
167 246 4
167 255 32
167 256 4
167 257 4
167 258 12
167 259 8
167 260 4
168 112 16
168 116 8
168 117 4
168 126 16
168 128 4
168 129 8
168 136 12
168 226 12
168 232 8
168 234 24
168 246 4
168 255 32
168 256 4
168 257 4
168 258 12
168 259 8
168 260 4
169 113 12
169 115 12
169 119 12
169 127 12
169 129 12
169 130 4
169 137 12
169 227 12
169 233 16
169 234 16
169 246 4
169 254 32
169 256 8
169 257 -8
169 259 4
169 260 8
170 114 12
170 117 8
170 118 8
170 128 12
170 130 16
170 138 12
170 228 12
170 233 8
170 234 8
170 235 48
170 247 8
170 255 16
170 257 8
170 259 -4
170 260 -8
171 110 8
171 111 4
171 112 4
171 113 8
171 115 8
171 116 8
171 131 24
171 132 4
171 139 8
171 229 8
171 236 40
171 256 32
171 262 36
171 264 32
172 111 4
172 112 4
172 113 -4
172 114 8
172 115 -4
172 117 8
172 118 8
172 132 20
172 133 8
172 140 8
172 230 8
172 236 8
172 237 32
172 257 24
172 264 -16
173 113 4
173 115 4
173 116 -8
173 119 24
173 133 16
173 141 8
173 231 8
173 237 16
173 256 8
173 257 -16
173 262 -12
174 110 16
174 116 8
174 134 16
174 135 4
174 136 4
174 144 16
174 232 16
174 238 24
174 249 4
174 258 16
174 262 8
174 265 72
174 266 8
175 111 12
175 115 8
175 117 4
175 135 12
175 137 8
175 138 4
175 145 16
175 233 16
175 238 8
175 239 16
175 249 4
175 258 8
175 262 4
175 266 4
176 112 12
176 113 8
176 118 4
176 136 12
176 137 8
176 138 4
176 146 16
176 234 16
176 238 8
176 239 16
176 249 4
176 258 8
176 262 4
176 266 4
177 114 8
177 138 8
177 147 16
177 235 16
177 239 8
177 250 4
177 266 -4
178 110 8
178 111 8
178 112 8
178 113 8
178 114 -4
178 115 8
178 116 12
178 139 20
178 140 4
178 148 12
178 236 16
178 240 32
178 246 8
178 259 24
178 266 24
179 111 4
179 112 4
179 114 16
179 116 -8
179 117 4
179 118 4
179 140 16
179 141 8
179 149 12
179 237 16
179 240 8
179 241 24
179 247 8
179 266 -12
180 110 8
180 111 4
180 112 4
180 113 8
180 114 -8
180 115 8
180 116 8
180 117 -4
180 118 -4
180 142 24
180 150 8
180 242 40
180 252 20
180 260 32
180 264 32
180 266 36
181 110 4
181 143 28
181 151 4
181 243 40
181 261 32
181 265 36
182 110 12
182 113 4
182 115 4
182 144 12
182 145 4
182 146 4
182 152 20
182 238 24
182 244 16
182 253 4
182 254 16
182 261 24
182 264 8
183 111 8
183 112 8
183 114 4
183 145 8
183 146 8
183 147 12
183 153 20
183 239 24
183 244 16
183 253 4
183 255 16
184 110 8
184 111 8
184 112 8
184 113 12
184 115 12
184 116 8
184 117 -4
184 118 -4
184 148 16
184 149 4
184 154 16
184 240 24
184 245 24
184 249 12
184 256 16
184 260 16
185 111 4
185 112 4
185 113 -4
185 114 16
185 115 -4
185 117 4
185 118 4
185 119 -24
185 149 12
185 155 16
185 241 24
185 245 8
185 250 12
185 257 16
185 260 -8
186 110 8
186 111 8
186 112 8
186 113 8
186 115 8
186 116 12
186 117 -4
186 118 -4
186 119 -12
186 150 20
186 154 12
186 155 4
186 242 16
186 245 32
186 253 16
186 259 24
186 262 24
187 110 8
187 111 4
187 112 4
187 151 24
187 152 8
187 153 8
187 243 24
187 244 32
187 252 4
187 258 24
188 120 24
188 122 4
188 124 4
188 125 4
188 126 4
188 127 4
188 129 4
188 139 4
188 229 4
188 246 20
188 267 64
188 270 36
188 272 32
189 121 20
189 123 8
189 128 8
189 130 4
189 140 4
189 230 4
189 246 4
189 247 16
189 268 48
189 272 -16
190 122 16
190 123 -12
190 128 -4
190 130 8
190 141 4
190 231 4
190 247 8
190 267 16
190 268 -32
190 270 -12
191 248 24
191 269 40
191 273 48
191 274 48
192 120 20
192 123 4
192 134 4
192 135 4
192 136 4
192 137 4
192 148 4
192 246 8
192 249 16
192 270 24
192 275 48
193 121 16
193 123 -8
193 138 8
193 149 4
193 247 8
193 249 4
193 250 12
193 275 -24
194 248 8
194 251 20
194 271 32
194 274 -32
195 120 8
195 121 -4
195 142 4
195 151 4
195 252 20
195 272 32
195 275 36
196 120 16
196 123 -4
196 144 4
196 145 4
196 146 4
196 154 4
196 249 12
196 253 12
196 267 16
196 272 16
197 121 12
197 122 -8
197 147 12
197 155 4
197 250 12
197 253 4
197 268 16
197 272 -8
198 251 12
198 269 16
198 271 -24
198 273 -24
199 120 12
199 122 -4
199 150 4
199 152 4
199 153 4
199 252 8
199 253 16
199 270 24
200 124 16
200 127 4
200 129 4
200 144 8
200 232 4
200 254 12
200 267 4
200 276 48
200 277 8
200 278 36
200 279 8
201 125 12
201 129 8
201 130 4
201 145 8
201 233 4
201 254 4
201 255 8
201 267 4
201 276 24
201 277 4
201 279 4
202 126 12
202 127 8
202 130 4
202 146 8
202 234 4
202 254 4
202 255 8
202 267 4
202 276 24
202 277 4
202 279 4
203 128 8
203 147 8
203 235 4
203 255 4
203 268 4
203 279 -4
204 124 8
204 125 4
204 126 4
204 127 8
204 129 8
204 131 20
204 133 4
204 148 8
204 236 4
204 246 4
204 256 16
204 277 48
204 280 24
205 125 4
205 126 4
205 127 -4
205 128 8
205 129 -4
205 130 8
205 132 16
205 149 8
205 237 4
205 247 4
205 256 4
205 257 12
205 280 -12
206 124 12
206 127 4
206 129 4
206 134 12
206 137 8
206 152 20
206 238 4
206 254 16
206 258 8
206 270 4
206 278 48
206 280 8
207 125 8
207 126 8
207 128 4
207 135 8
207 136 8
207 138 4
207 153 20
207 239 4
207 255 16
207 258 8
207 270 4
208 124 8
208 125 8
208 126 8
208 127 8
208 128 -4
208 129 8
208 139 16
208 141 4
208 154 12
208 240 4
208 256 8
208 259 12
208 267 16
208 279 32
209 125 4
209 126 4
209 127 -4
209 128 16
209 129 -4
209 130 -4
209 140 12
209 141 -8
209 155 12
209 241 4
209 257 8
209 259 4
209 268 16
209 279 -16
210 124 8
210 125 4
210 126 4
210 127 8
210 128 -8
210 129 8
210 130 -4
210 142 20
210 154 8
210 155 -4
210 242 4
210 260 16
210 272 16
210 279 48
210 280 24
211 124 4
211 143 28
211 152 4
211 243 4
211 261 16
211 278 48
212 124 8
212 125 4
212 126 4
212 144 8
212 145 4
212 146 4
212 151 24
212 244 4
212 258 12
212 261 12
212 272 4
212 276 48
213 124 8
213 125 8
213 126 8
213 127 8
213 129 8
213 130 -8
213 148 12
213 150 16
213 245 4
213 259 12
213 260 8
213 270 12
213 277 32
214 131 16
214 134 8
214 135 4
214 136 4
214 137 8
214 154 8
214 249 4
214 256 8
214 262 12
214 280 16
215 132 12
215 133 -8
215 135 4
215 136 4
215 137 -8
215 138 8
215 155 8
215 250 4
215 257 8
215 262 4
215 280 -8
216 251 4
216 263 16
216 269 -8
216 274 16
217 131 8
217 132 -4
217 142 8
217 152 8
217 252 4
217 264 16
217 280 24
218 131 12
218 133 -4
218 144 8
218 145 4
218 146 4
218 150 8
218 253 4
218 262 12
218 264 8
218 277 16
219 134 8
219 135 4
219 136 4
219 151 12
219 258 8
219 265 12
219 275 4
220 134 8
220 135 8
220 136 8
220 137 4
220 138 -4
220 139 12
220 141 -4
220 150 12
220 259 8
220 262 8
220 266 8
220 270 8
221 134 8
221 135 4
221 136 4
221 137 8
221 138 -8
221 142 16
221 148 8
221 149 -4
221 260 8
221 266 12
221 275 24
221 280 16
222 134 4
222 143 28
222 144 4
222 261 8
222 265 24
222 278 16
223 139 8
223 140 -4
223 142 12
223 144 8
223 145 4
223 146 4
223 147 -12
223 264 8
223 266 12
223 272 8
223 279 16
224 156 20
224 157 4
224 158 4
224 166 4
224 281 64
224 285 4
224 287 24
224 289 8
224 291 24
224 292 8
224 293 8
224 294 48
225 157 16
225 159 8
225 160 4
225 167 4
225 281 16
225 282 48
225 285 4
225 288 16
225 289 4
225 290 4
225 291 12
225 292 8
225 293 4
226 158 16
226 160 4
226 161 8
226 168 4
226 281 16
226 283 48
226 285 4
226 288 16
226 289 4
226 290 4
226 291 12
226 292 8
226 293 4
227 159 12
227 161 12
227 162 4
227 169 4
227 282 32
227 283 32
227 285 4
227 287 16
227 289 8
227 290 -8
227 292 4
227 293 8
228 160 12
228 162 16
228 170 4
228 282 16
228 283 16
228 284 96
228 286 8
228 288 8
228 290 8
228 292 -4
228 293 -8
229 156 4
229 157 4
229 158 4
229 159 4
229 161 4
229 163 24
229 164 4
229 171 4
229 188 4
229 285 60
229 295 32
229 298 36
229 300 32
230 160 8
230 162 4
230 164 20
230 165 8
230 172 4
230 189 4
230 285 12
230 286 48
230 296 24
230 300 -16
231 160 -4
231 162 8
231 165 16
231 173 4
231 190 4
231 286 24
231 295 8
231 296 -16
231 298 -12
232 156 16
232 159 4
232 161 4
232 166 16
232 167 4
232 168 4
232 174 12
232 200 8
232 281 24
232 287 36
232 295 4
232 301 32
232 302 8
232 303 36
232 304 8
233 157 12
233 161 8
233 162 4
233 167 12
233 169 8
233 170 4
233 175 12
233 201 8
233 282 24
233 287 12
233 288 24
233 295 4
233 301 16
233 302 4
233 304 4
234 158 12
234 159 8
234 162 4
234 168 12
234 169 8
234 170 4
234 176 12
234 202 8
234 283 24
234 287 12
234 288 24
234 295 4
234 301 16
234 302 4
234 304 4
235 160 8
235 170 8
235 177 12
235 203 8
235 284 24
235 288 12
235 296 4
235 304 -4
236 156 8
236 157 4
236 158 4
236 159 8
236 161 8
236 171 20
236 172 4
236 178 8
236 204 4
236 285 12
236 289 48
236 302 24
236 305 24
237 157 4
237 158 4
237 159 -4
237 160 8
237 161 -4
237 162 8
237 172 16
237 173 8
237 179 8
237 205 4
237 286 12
237 289 12
237 290 36
237 305 -12
238 156 12
238 159 4
238 161 4
238 174 12
238 175 4
238 176 4
238 182 16
238 206 4
238 287 24
238 291 24
238 298 4
238 303 24
238 305 8
239 157 8
239 158 8
239 160 4
239 175 8
239 176 8
239 177 12
239 183 16
239 207 4
239 288 24
239 291 24
239 298 4
240 156 8
240 157 8
240 158 8
240 159 8
240 160 -4
240 161 8
240 178 16
240 179 4
240 184 12
240 208 4
240 289 24
240 292 36
240 295 8
240 304 16
241 157 4
241 158 4
241 159 -4
241 160 16
241 161 -4
241 162 -4
241 179 12
241 185 12
241 209 4
241 290 24
241 292 12
241 296 8
241 304 -8
242 156 8
242 157 4
242 158 4
242 159 8
242 160 -8
242 161 8
242 162 -4
242 180 20
242 186 8
242 210 4
242 293 48
242 300 16
242 304 24
242 305 24
243 156 4
243 181 24
243 187 4
243 211 4
243 294 48
243 303 24
244 156 8
244 157 4
244 158 4
244 182 8
244 183 8
244 187 20
244 212 4
244 291 36
244 294 36
244 300 4
244 301 16
245 156 8
245 157 8
245 158 8
245 159 8
245 161 8
245 162 -8
245 184 12
245 185 4
245 186 16
245 213 4
245 292 36
245 293 24
245 298 12
245 302 16
246 163 20
246 165 4
246 166 4
246 167 4
246 168 4
246 169 4
246 178 4
246 188 20
246 189 4
246 192 12
246 204 4
246 285 12
246 295 32
246 306 48
246 308 24
247 164 16
247 170 8
247 179 4
247 189 16
247 190 8
247 193 12
247 205 4
247 286 12
247 295 8
247 296 24
247 308 -12
248 191 24
248 194 8
248 297 40
248 307 32
248 309 36
249 163 16
249 174 4
249 175 4
249 176 4
249 184 4
249 192 16
249 193 4
249 196 16
249 214 4
249 295 16
249 298 24
249 308 16
250 164 12
250 165 -8
250 177 12
250 185 4
250 193 12
250 197 16
250 215 4
250 296 16
250 298 8
250 308 -8
251 194 20
251 198 12
251 216 4
251 297 16
251 299 32
251 309 -24
252 163 8
252 164 -4
252 180 4
252 187 4
252 195 24
252 199 8
252 217 4
252 300 32
252 308 24
253 163 12
253 165 -4
253 182 4
253 183 4
253 186 4
253 196 12
253 197 4
253 199 20
253 218 4
253 298 24
253 300 16
253 306 16
254 166 12
254 169 8
254 182 8
254 200 12
254 201 4
254 202 4
254 206 12
254 287 12
254 301 16
254 306 4
254 310 72
254 311 8
255 167 8
255 168 8
255 170 4
255 183 8
255 201 8
255 202 8
255 203 12
255 207 12
255 288 12
255 301 16
255 306 4
256 166 8
256 167 4
256 168 4
256 169 8
256 171 16
256 173 4
256 184 8
256 204 16
256 205 4
256 208 8
256 214 12
256 289 12
256 295 8
256 302 24
256 311 32
257 167 4
257 168 4
257 169 -8
257 170 8
257 172 12
257 173 -8
257 185 8
257 205 12
257 209 8
257 215 12
257 290 12
257 296 8
257 302 8
257 311 -16
258 166 8
258 167 4
258 168 4
258 174 8
258 175 4
258 176 4
258 187 20
258 206 8
258 207 8
258 212 16
258 219 24
258 291 12
258 301 32
258 303 24
258 308 4
259 166 8
259 167 8
259 168 8
259 169 4
259 170 -4
259 178 12
259 186 12
259 208 12
259 209 4
259 213 12
259 220 12
259 292 12
259 302 16
259 304 16
259 306 16
260 166 8
260 167 4
260 168 4
260 169 8
260 170 -8
260 180 16
260 184 8
260 185 -4
260 210 16
260 213 8
260 221 12
260 293 12
260 304 24
260 308 12
260 311 32
261 166 4
261 181 24
261 182 4
261 211 20
261 212 4
261 222 12
261 294 12
261 303 24
261 310 48
262 171 12
262 173 -4
262 174 8
262 175 4
262 176 4
262 186 8
262 214 12
262 215 4
262 218 16
262 220 8
262 298 8
262 302 16
262 305 16
263 216 16
263 299 8
263 307 -8
263 309 12
264 171 8
264 172 -4
264 180 8
264 182 8
264 217 20
264 218 8
264 223 8
264 300 8
264 305 24
264 311 16
265 174 4
265 181 12
265 219 4
265 222 16
265 303 16
266 174 8
266 175 4
266 176 4
266 177 -12
266 178 8
266 179 -4
266 180 12
266 220 8
266 221 12
266 223 16
266 304 16
266 305 16
266 308 8
267 188 16
267 190 4
267 196 8
267 200 4
267 201 4
267 202 4
267 208 4
267 295 4
267 306 12
267 312 48
268 189 12
268 190 -8
268 197 8
268 203 12
268 209 4
268 296 4
268 306 4
268 312 -24
269 191 20
269 198 8
269 216 -4
269 297 4
269 307 16
269 313 48
270 188 12
270 190 -4
270 192 12
270 199 20
270 206 4
270 207 4
270 213 4
270 220 4
270 298 4
270 306 16
270 308 8
271 194 16
271 198 -12
271 299 4
271 307 8
271 313 -32
272 188 8
272 189 -4
272 195 24
272 196 8
272 197 -4
272 210 4
272 212 4
272 223 4
272 300 4
272 308 12
272 312 48
273 191 16
273 198 -8
273 307 8
273 309 12
274 191 12
274 194 -8
274 216 4
274 309 12
274 313 16
275 192 8
275 193 -4
275 195 12
275 219 4
275 221 4
275 308 8
276 200 8
276 201 4
276 202 4
276 212 8
276 301 4
276 310 12
276 312 4
277 200 8
277 201 4
277 202 4
277 204 12
277 213 8
277 218 8
277 302 4
277 306 4
277 311 8
278 200 4
278 206 4
278 211 20
278 222 8
278 303 4
278 310 24
279 200 8
279 201 4
279 202 4
279 203 -12
279 208 8
279 209 -4
279 210 12
279 223 8
279 304 4
279 311 8
279 312 24
280 204 8
280 205 -4
280 206 8
280 210 8
280 214 8
280 215 -4
280 217 20
280 221 8
280 305 4
280 308 4
280 311 16
281 224 16
281 225 4
281 226 4
281 232 4
281 314 60
281 316 4
281 318 16
281 319 8
281 320 36
281 321 8
282 225 12
282 227 8
282 228 4
282 233 4
282 314 20
282 315 40
282 316 4
282 318 8
282 319 4
282 321 4
283 226 12
283 227 8
283 228 4
283 234 4
283 314 20
283 315 40
283 316 4
283 318 8
283 319 4
283 321 4
284 228 8
284 235 4
284 315 20
284 317 4
284 321 -4
285 224 4
285 225 4
285 226 4
285 227 4
285 229 20
285 230 4
285 236 4
285 246 4
285 316 64
285 322 24
285 324 24
286 228 8
286 230 16
286 231 8
286 237 4
286 247 4
286 316 16
286 317 48
286 324 -12
287 224 12
287 227 8
287 232 12
287 233 4
287 234 4
287 238 12
287 254 8
287 314 40
287 318 32
287 322 4
287 325 48
287 326 8
288 225 8
288 226 8
288 228 4
288 233 8
288 234 8
288 235 12
288 239 12
288 255 8
288 315 40
288 318 32
288 322 4
289 224 8
289 225 4
289 226 4
289 227 8
289 236 16
289 237 4
289 240 8
289 256 4
289 316 16
289 319 48
289 326 16
290 225 4
290 226 4
290 227 -8
290 228 8
290 237 12
290 241 8
290 257 4
290 317 16
290 319 16
290 326 -8
291 224 8
291 225 4
291 226 4
291 238 8
291 239 8
291 244 16
291 258 4
291 318 32
291 320 48
291 324 4
292 224 8
292 225 8
292 226 8
292 227 4
292 228 -4
292 240 12
292 241 4
292 245 12
292 259 4
292 319 32
292 321 32
292 322 8
293 224 8
293 225 4
293 226 4
293 227 8
293 228 -8
293 242 16
293 245 8
293 260 4
293 321 48
293 324 12
293 326 16
294 224 4
294 243 20
294 244 4
294 261 4
294 320 48
294 325 16
295 229 16
295 231 4
295 232 4
295 233 4
295 234 4
295 240 4
295 246 16
295 247 4
295 249 12
295 256 4
295 267 8
295 316 24
295 322 36
295 327 32
296 230 12
296 231 -8
296 235 12
296 241 4
296 247 12
296 250 12
296 257 4
296 268 8
296 317 24
296 322 12
296 327 -16
297 248 20
297 251 8
297 269 4
297 323 48
297 328 24
298 229 12
298 231 -4
298 238 4
298 239 4
298 245 4
298 249 12
298 250 4
298 253 16
298 262 4
298 270 4
298 322 24
298 324 24
299 251 16
299 263 4
299 271 4
299 323 24
299 328 -16
300 229 8
300 230 -4
300 242 4
300 244 4
300 252 20
300 253 8
300 264 4
300 272 4
300 324 36
300 327 16
301 232 8
301 233 4
301 234 4
301 244 8
301 254 8
301 255 8
301 258 12
301 276 12
301 318 24
301 325 36
301 327 4
302 232 8
302 233 4
302 234 4
302 236 12
302 245 8
302 256 12
302 257 4
302 259 8
302 262 12
302 277 8
302 319 24
302 322 12
302 326 24
303 232 4
303 238 4
303 243 20
303 258 4
303 261 16
303 265 24
303 278 8
303 320 24
303 325 48
304 232 8
304 233 4
304 234 4
304 235 -12
304 240 8
304 241 -4
304 242 12
304 259 8
304 260 12
304 266 12
304 279 8
304 321 24
304 326 24
304 327 16
305 236 8
305 237 -4
305 238 8
305 242 8
305 262 8
305 264 16
305 266 8
305 280 4
305 324 12
305 326 24
306 246 12
306 253 8
306 254 4
306 255 4
306 259 4
306 267 12
306 268 4
306 270 12
306 277 4
306 322 12
306 327 16
307 248 16
307 263 -4
307 269 16
307 271 8
307 273 12
307 323 12
307 328 24
308 246 8
308 247 -4
308 249 8
308 250 -4
308 252 20
308 258 4
308 260 4
308 266 4
308 270 8
308 272 16
308 275 24
308 280 4
308 324 12
308 327 32
309 248 12
309 251 -8
309 263 4
309 273 12
309 274 16
309 328 16
310 254 4
310 261 8
310 276 4
310 278 12
310 325 12
311 254 8
311 256 8
311 257 -4
311 260 8
311 264 8
311 277 8
311 279 8
311 280 12
311 326 12
311 327 8
312 267 8
312 268 -4
312 272 8
312 276 4
312 279 4
312 327 4
313 269 12
313 271 -8
313 274 8
313 328 4
314 281 12
314 282 4
314 283 4
314 287 4
314 329 48
314 330 4
314 331 24
314 332 8
315 282 8
315 283 8
315 284 12
315 288 4
315 329 48
315 330 4
316 281 4
316 282 4
316 283 4
316 285 16
316 286 4
316 289 4
316 295 4
316 330 60
316 333 16
317 284 12
317 286 12
317 290 4
317 296 4
317 330 20
317 333 -8
318 281 8
318 282 4
318 283 4
318 287 8
318 288 8
318 291 12
318 301 8
318 329 60
318 331 60
318 333 4
319 281 8
319 282 4
319 283 4
319 289 12
319 290 4
319 292 8
319 302 4
319 330 20
319 332 40
320 281 4
320 291 4
320 294 16
320 303 4
320 331 40
321 281 8
321 282 4
321 283 4
321 284 -12
321 292 8
321 293 12
321 304 4
321 332 40
321 333 8
322 285 12
322 287 4
322 288 4
322 292 4
322 295 12
322 296 4
322 298 12
322 302 4
322 306 8
322 330 40
322 333 32
323 297 16
323 299 8
323 307 4
323 334 48
324 285 8
324 286 -4
324 291 4
324 293 4
324 298 8
324 300 16
324 305 4
324 308 4
324 333 32
325 287 4
325 294 8
325 301 4
325 303 12
325 310 12
325 331 40
326 287 8
326 289 8
326 290 -4
326 293 8
326 302 8
326 304 8
326 305 12
326 311 8
326 332 40
326 333 16
327 295 8
327 296 -4
327 300 8
327 301 4
327 304 4
327 306 8
327 308 12
327 311 4
327 312 12
327 333 24
328 297 12
328 299 -8
328 307 12
328 309 12
328 313 8
328 334 24
329 314 8
329 315 8
329 318 4
329 335 84
329 336 4
330 314 4
330 315 4
330 316 12
330 317 4
330 319 4
330 322 4
330 336 48
331 314 4
331 318 4
331 320 12
331 325 8
331 335 84
332 314 8
332 319 8
332 321 8
332 326 4
332 336 24
333 316 8
333 317 -4
333 318 4
333 321 4
333 322 8
333 324 12
333 326 4
333 327 8
333 336 60
334 323 12
334 328 4
335 329 4
335 331 4
336 329 4
336 330 8
336 332 4
336 333 4
337 363 20
337 377 4
337 391 32
337 398 8
337 407 36
337 410 8
337 415 8
337 420 12
337 423 32
337 424 8
337 427 8
337 431 8
337 433 100
337 434 8
337 435 8
338 363 4
338 364 16
338 377 4
338 392 24
338 398 4
338 399 4
338 408 24
338 410 8
338 411 4
338 416 4
338 423 16
338 424 8
338 425 4
338 428 4
338 432 4
338 434 4
338 436 4
338 437 4
339 363 4
339 365 16
339 379 4
339 393 24
339 399 4
339 400 4
339 409 24
339 411 4
339 412 4
339 415 8
339 417 4
339 420 12
339 423 16
339 425 4
339 426 8
339 427 8
339 429 4
339 431 8
339 435 8
339 436 4
340 363 4
340 366 16
340 379 4
340 394 24
340 400 4
340 401 4
340 409 24
340 412 4
340 413 4
340 415 8
340 416 4
340 420 12
340 423 16
340 425 -4
340 426 8
340 427 8
340 428 4
340 431 8
340 435 8
340 436 4
341 363 4
341 367 16
341 377 4
341 395 24
341 398 4
341 401 4
341 408 24
341 410 8
341 413 4
341 417 4
341 423 16
341 424 8
341 425 -4
341 429 4
341 432 4
341 434 4
341 436 4
341 437 4
342 364 8
342 368 12
342 377 4
342 391 8
342 395 16
342 398 8
342 399 -4
342 402 4
342 407 12
342 410 8
342 413 -4
342 416 4
342 418 4
342 424 8
342 429 4
342 432 -4
342 434 8
342 437 -4
343 364 4
343 365 4
343 369 12
343 378 4
343 381 -4
343 382 4
343 396 16
343 399 4
343 403 4
343 408 12
343 410 -4
343 411 8
343 414 4
343 415 -4
343 419 4
343 421 12
343 425 4
343 430 12
343 432 4
343 434 -4
343 437 8
344 364 4
344 366 4
344 370 12
344 379 4
344 397 16
344 400 4
344 404 4
344 409 12
344 412 8
344 414 -4
344 416 8
344 426 8
344 427 4
344 428 8
344 431 4
344 434 4
344 436 4
344 438 4
345 364 4
345 367 4
345 371 12
345 378 4
345 380 4
345 383 -4
345 396 16
345 399 4
345 401 4
345 409 12
345 411 8
345 413 8
345 422 -12
345 434 -8
345 435 -4
345 438 8
346 365 8
346 372 12
346 384 4
346 391 8
346 394 16
346 399 -4
346 400 4
346 402 4
346 405 8
346 407 12
346 412 4
346 413 -4
346 415 8
346 417 4
346 418 4
346 420 12
346 427 12
346 428 4
346 431 8
346 435 12
347 365 4
347 366 4
347 373 12
347 384 4
347 397 16
347 403 4
347 406 4
347 408 12
347 410 4
347 414 8
347 416 4
347 417 4
347 428 8
347 429 8
347 431 8
347 436 12
348 365 4
348 367 4
348 374 12
348 379 4
348 397 16
348 400 4
348 404 4
348 409 12
348 412 8
348 414 -4
348 417 8
348 426 8
348 427 4
348 429 8
348 431 4
348 434 4
348 436 4
348 438 4
349 366 8
349 372 12
349 384 4
349 391 8
349 393 16
349 400 4
349 401 -4
349 402 -4
349 405 8
349 407 12
349 411 -4
349 412 4
349 415 8
349 416 4
349 418 4
349 420 12
349 427 12
349 429 4
349 431 8
349 435 12
350 366 4
350 367 4
350 375 12
350 380 4
350 385 4
350 386 -4
350 396 16
350 401 4
350 406 4
350 408 12
350 410 -4
350 413 8
350 414 4
350 415 -4
350 419 4
350 421 12
350 425 -4
350 430 12
350 432 4
350 434 -4
350 437 8
351 367 8
351 368 12
351 377 4
351 391 8
351 392 16
351 398 8
351 401 -4
351 402 -4
351 407 12
351 410 8
351 411 -4
351 417 4
351 418 4
351 424 8
351 428 4
351 432 -4
351 434 8
351 437 -4
352 368 4
352 369 8
352 371 8
352 378 4
352 386 4
352 387 4
352 392 8
352 393 8
352 399 8
352 402 -4
352 404 -4
352 419 4
352 422 12
352 424 -4
352 425 8
352 427 -4
352 434 -4
352 437 -4
352 438 -4
353 368 4
353 370 8
353 374 8
353 379 4
353 393 8
353 394 8
353 400 8
353 403 -4
353 406 -4
353 412 4
353 418 12
353 426 16
353 428 4
353 429 4
353 434 4
353 435 8
353 438 -8
354 368 4
354 371 8
354 375 8
354 380 4
354 381 4
354 388 -4
354 394 8
354 395 8
354 401 8
354 402 4
354 404 -4
354 419 4
354 422 12
354 424 -4
354 425 -8
354 427 -4
354 434 -4
354 437 -4
354 438 -4
355 369 8
355 372 4
355 375 8
355 381 4
355 386 4
355 389 4
355 392 8
355 395 8
355 403 4
355 406 4
355 411 -4
355 413 -4
355 415 -4
355 419 8
355 421 12
355 424 -8
355 432 8
355 437 4
356 369 4
356 370 4
356 373 4
356 376 8
356 382 4
356 387 -4
356 389 4
356 396 8
356 403 4
356 411 4
356 412 -4
356 414 4
356 416 -4
356 418 -4
356 419 4
356 425 -4
356 430 12
356 432 4
356 436 4
356 437 4
356 438 4
357 369 4
357 371 4
357 374 4
357 376 8
357 382 4
357 383 4
357 388 -4
357 397 8
357 403 4
357 404 4
357 413 -4
357 417 -4
357 425 -4
357 426 -8
357 432 4
357 438 4
358 370 8
358 372 4
358 373 8
358 384 4
358 392 8
358 394 8
358 404 -4
358 405 8
358 412 4
358 416 8
358 418 4
358 424 4
358 428 12
358 431 4
358 435 4
358 436 8
359 370 4
359 371 4
359 375 4
359 376 8
359 383 4
359 385 4
359 387 4
359 397 8
359 404 4
359 406 4
359 411 -4
359 416 -4
359 425 4
359 426 -8
359 432 4
359 438 4
360 372 4
360 373 8
360 374 8
360 384 4
360 393 8
360 395 8
360 404 -4
360 405 8
360 412 4
360 417 8
360 418 4
360 424 4
360 429 12
360 431 4
360 435 4
360 436 8
361 373 4
361 374 4
361 375 4
361 376 8
361 385 4
361 388 4
361 389 4
361 396 8
361 406 4
361 412 -4
361 413 4
361 414 4
361 417 -4
361 418 -4
361 419 4
361 425 4
361 430 12
361 432 4
361 436 4
361 437 4
361 438 4
362 376 4
362 390 4
362 414 -4
362 419 -4
362 438 4
363 337 20
363 338 4
363 339 4
363 340 4
363 341 4
363 439 32
363 446 4
363 455 24
363 458 8
363 463 24
363 464 8
363 467 8
363 471 12
363 473 80
363 474 8
363 475 8
363 477 8
364 338 16
364 342 8
364 343 4
364 344 4
364 345 4
364 439 8
364 440 24
364 446 4
364 456 16
364 458 4
364 459 4
364 463 12
364 464 8
364 465 4
364 468 4
364 474 4
364 476 4
364 478 4
365 339 16
365 343 4
365 346 8
365 347 4
365 348 4
365 439 8
365 441 24
365 448 4
365 457 16
365 459 4
365 460 4
365 463 12
365 465 4
365 466 8
365 467 8
365 469 4
365 471 12
365 475 8
365 476 4
365 477 8
366 340 16
366 344 4
366 347 4
366 349 8
366 350 4
366 439 8
366 442 24
366 448 4
366 457 16
366 460 4
366 461 4
366 463 12
366 465 -4
366 466 8
366 467 8
366 468 4
366 471 12
366 475 8
366 476 4
366 477 8
367 341 16
367 345 4
367 348 4
367 350 4
367 351 8
367 439 8
367 443 24
367 446 4
367 456 16
367 458 4
367 461 4
367 463 12
367 464 8
367 465 -4
367 469 4
367 474 4
367 476 4
367 478 4
368 342 12
368 351 12
368 352 4
368 353 4
368 354 4
368 440 16
368 443 16
368 446 4
368 455 16
368 458 8
368 459 -4
368 461 -4
368 464 4
368 468 4
368 469 4
368 474 8
368 478 -8
369 343 12
369 352 8
369 355 8
369 356 4
369 357 4
369 440 8
369 441 8
369 444 16
369 447 4
369 450 -4
369 451 4
369 456 8
369 459 4
369 462 4
369 464 -4
369 465 4
369 467 -4
369 470 12
369 472 12
369 474 -4
369 478 4
370 344 12
370 353 8
370 356 4
370 358 8
370 359 4
370 440 8
370 442 8
370 445 16
370 448 4
370 457 8
370 460 4
370 462 -4
370 466 8
370 468 8
370 474 4
370 475 4
370 476 4
370 477 4
371 345 12
371 352 8
371 354 8
371 357 4
371 359 4
371 440 8
371 443 8
371 444 16
371 447 4
371 449 4
371 452 -4
371 457 8
371 459 4
371 461 4
371 474 -8
371 475 -4
372 346 12
372 349 12
372 355 4
372 358 4
372 360 4
372 441 16
372 442 16
372 453 8
372 455 16
372 459 -4
372 460 8
372 461 -4
372 467 8
372 468 4
372 469 4
372 471 12
372 475 12
372 477 8
373 347 12
373 356 4
373 358 8
373 360 8
373 361 4
373 441 8
373 442 8
373 445 16
373 453 8
373 456 8
373 462 8
373 464 4
373 468 4
373 469 4
373 476 12
373 477 8
374 348 12
374 353 8
374 357 4
374 360 8
374 361 4
374 441 8
374 443 8
374 445 16
374 448 4
374 457 8
374 460 4
374 462 -4
374 466 8
374 469 8
374 474 4
374 475 4
374 476 4
374 477 4
375 350 12
375 354 8
375 355 8
375 359 4
375 361 4
375 442 8
375 443 8
375 444 16
375 449 4
375 450 4
375 454 4
375 456 8
375 461 4
375 462 4
375 464 -4
375 465 -4
375 467 -4
375 470 12
375 472 12
375 474 -4
375 478 4
376 356 8
376 357 8
376 359 8
376 361 8
376 362 20
376 444 16
376 445 16
376 451 4
376 452 4
376 454 4
376 466 -8
376 468 -4
376 469 -4
376 476 4
376 478 8
377 337 4
377 338 4
377 341 4
377 342 4
377 351 4
377 446 20
377 479 32
377 489 36
377 496 8
377 499 32
377 502 8
378 343 4
378 345 4
378 352 4
378 446 4
378 447 16
378 480 24
378 484 4
378 485 -4
378 490 24
378 492 8
378 493 -4
378 497 4
378 498 -12
378 499 -16
378 500 8
378 501 -4
378 503 4
378 504 -4
379 339 4
379 340 4
379 344 4
379 348 4
379 353 4
379 446 4
379 448 16
379 481 24
379 485 4
379 486 -4
379 491 48
379 493 4
379 494 -4
379 496 12
379 499 16
379 502 16
380 345 4
380 350 4
380 354 4
380 446 4
380 449 16
380 482 24
380 484 -4
380 486 4
380 490 -24
380 492 -8
380 494 4
380 497 4
380 498 12
380 499 -16
380 500 -8
380 501 4
380 503 4
380 504 4
381 343 -4
381 354 4
381 355 4
381 447 8
381 450 12
381 479 8
381 482 -16
381 484 8
381 485 -4
381 487 -4
381 489 -12
381 492 8
381 494 -4
381 497 4
381 498 -12
381 500 8
381 503 -4
381 504 -8
382 343 4
382 356 4
382 357 4
382 447 4
382 448 4
382 451 12
382 483 16
382 485 4
382 488 -4
382 490 -12
382 492 -4
382 493 8
382 495 -12
382 496 -4
382 497 4
382 501 4
382 503 8
382 504 -4
383 345 -4
383 357 4
383 359 4
383 447 4
383 449 4
383 452 12
383 483 -16
383 485 -4
383 486 4
383 491 -24
383 493 -8
383 494 8
383 502 4
384 346 4
384 347 4
384 349 4
384 358 4
384 360 4
384 448 8
384 453 24
384 479 8
384 481 16
384 485 -4
384 486 4
384 489 12
384 493 -4
384 494 4
384 496 16
384 502 20
385 350 4
385 359 4
385 361 4
385 448 4
385 449 4
385 454 12
385 483 16
385 486 -4
385 488 4
385 490 12
385 492 4
385 494 -8
385 495 12
385 496 -4
385 497 4
385 501 -4
385 503 8
385 504 4
386 350 -4
386 352 4
386 355 4
386 449 8
386 450 -12
386 479 8
386 480 -16
386 484 -8
386 486 4
386 487 4
386 489 -12
386 492 -8
386 493 4
386 497 4
386 498 12
386 500 -8
386 503 -4
386 504 8
387 352 4
387 356 -4
387 359 4
387 450 4
387 451 8
387 452 -8
387 480 -8
387 481 8
387 485 8
387 487 -4
387 488 -4
387 500 -4
387 501 8
387 502 -4
387 503 -4
387 504 -4
388 354 -4
388 357 -4
388 361 4
388 450 4
388 452 8
388 454 -8
388 481 -8
388 482 8
388 486 8
388 487 -4
388 488 -4
388 500 -4
388 501 8
388 502 4
388 503 4
388 504 -4
389 355 4
389 356 4
389 361 4
389 451 8
389 453 8
389 454 8
389 480 8
389 482 8
389 493 -4
389 494 4
389 496 -4
389 497 8
389 503 4
390 362 20
390 451 4
390 452 4
390 454 4
390 483 -8
390 493 4
390 494 -4
390 497 -8
390 503 4
391 337 16
391 342 4
391 346 4
391 349 4
391 351 4
391 439 4
391 455 12
391 479 4
391 505 32
391 506 8
391 509 60
391 510 8
391 511 8
391 513 12
391 515 8
392 338 12
392 351 8
392 352 4
392 355 4
392 358 4
392 440 4
392 455 4
392 456 8
392 479 4
392 505 16
392 506 4
392 507 4
392 510 4
392 512 4
393 339 12
393 349 8
393 352 4
393 353 4
393 360 4
393 441 4
393 455 4
393 457 8
393 481 4
393 505 16
393 507 4
393 508 8
393 511 8
393 512 4
393 513 12
393 515 8
394 340 12
394 346 8
394 353 4
394 354 4
394 358 4
394 442 4
394 455 4
394 457 8
394 481 4
394 505 16
394 507 -4
394 508 8
394 511 8
394 512 4
394 513 12
394 515 8
395 341 12
395 342 8
395 354 4
395 355 4
395 360 4
395 443 4
395 455 4
395 456 8
395 479 4
395 505 16
395 506 4
395 507 -4
395 510 4
395 512 4
396 343 8
396 345 8
396 350 8
396 356 4
396 361 4
396 444 4
396 456 8
396 457 4
396 480 4
396 482 4
396 483 4
396 510 -8
396 511 -4
396 514 12
397 344 8
397 347 8
397 348 8
397 357 4
397 359 4
397 445 4
397 456 4
397 457 8
397 481 4
397 510 4
397 512 4
397 515 8
398 337 8
398 338 4
398 341 4
398 342 8
398 351 8
398 446 4
398 458 16
398 506 24
398 516 24
398 519 8
398 523 8
399 338 4
399 339 4
399 342 -4
399 343 4
399 345 4
399 346 -4
399 352 8
399 447 4
399 458 4
399 459 12
399 484 -4
399 485 4
399 507 16
399 516 -12
399 517 8
399 518 -4
399 520 4
399 521 -12
399 522 4
400 339 4
400 340 4
400 344 4
400 346 4
400 348 4
400 349 4
400 353 8
400 448 4
400 458 4
400 460 12
400 508 32
400 516 12
400 519 12
400 523 16
401 340 4
401 341 4
401 345 4
401 349 -4
401 350 4
401 351 -4
401 354 8
401 449 4
401 458 4
401 461 12
401 484 4
401 486 -4
401 507 -16
401 516 -12
401 517 -8
401 518 4
401 520 4
401 521 12
401 522 -4
402 342 4
402 346 4
402 349 -4
402 351 -4
402 352 -4
402 354 4
402 450 4
402 459 8
402 461 -8
402 484 -4
402 487 4
402 517 4
402 521 -12
402 522 8
403 343 4
403 347 4
403 353 -4
403 355 4
403 356 4
403 357 4
403 451 4
403 459 4
403 460 4
403 462 8
403 485 -4
403 487 4
403 507 -8
403 517 -4
403 518 4
403 519 -4
403 520 4
403 522 4
404 344 4
404 348 4
404 352 -4
404 354 -4
404 357 4
404 358 -4
404 359 4
404 360 -4
404 452 4
404 459 4
404 461 4
404 462 -8
404 485 4
404 486 -4
404 508 -16
404 523 8
405 346 4
405 349 4
405 358 4
405 360 4
405 453 4
405 460 8
405 506 8
405 519 8
405 523 8
406 347 4
406 350 4
406 353 -4
406 355 4
406 359 4
406 361 4
406 454 4
406 460 4
406 461 4
406 462 8
406 486 4
406 487 -4
406 507 8
406 517 4
406 518 -4
406 519 -4
406 520 4
406 522 -4
407 337 12
407 342 4
407 346 4
407 349 4
407 351 4
407 455 8
407 463 8
407 489 4
407 509 40
407 516 8
407 524 8
407 525 12
408 338 8
408 341 8
408 343 4
408 347 4
408 350 4
408 456 8
408 463 8
408 489 4
409 339 8
409 340 8
409 344 4
409 345 4
409 348 4
409 457 8
409 463 8
409 491 8
409 524 8
409 525 12
410 337 8
410 338 8
410 341 8
410 342 8
410 343 -4
410 347 4
410 350 -4
410 351 8
410 458 8
410 464 12
410 479 8
410 510 16
410 526 8
411 338 4
411 339 4
411 343 8
411 345 8
411 349 -4
411 351 -4
411 355 -4
411 356 4
411 359 -4
411 459 8
411 464 4
411 465 8
411 480 8
411 492 -4
411 493 4
411 510 -8
411 517 -4
411 518 4
411 527 -12
412 339 4
412 340 4
412 344 8
412 346 4
412 348 8
412 349 4
412 353 4
412 356 -4
412 358 4
412 360 4
412 361 -4
412 460 8
412 464 4
412 466 16
412 481 8
412 510 8
412 526 12
413 340 4
413 341 4
413 342 -4
413 345 8
413 346 -4
413 350 8
413 355 -4
413 357 -4
413 361 4
413 461 8
413 464 4
413 465 -8
413 482 8
413 492 4
413 494 -4
413 510 -8
413 517 4
413 518 -4
413 527 12
414 343 4
414 344 -4
414 347 8
414 348 -4
414 350 4
414 356 4
414 361 4
414 362 -20
414 462 8
414 466 8
414 483 8
414 493 -4
414 494 4
414 526 -4
415 337 8
415 339 8
415 340 8
415 343 -4
415 346 8
415 349 8
415 350 -4
415 355 -4
415 467 16
415 496 4
415 511 24
415 519 8
415 524 24
415 526 8
415 528 16
415 529 48
416 338 4
416 340 4
416 342 4
416 344 8
416 347 4
416 349 4
416 356 -4
416 358 8
416 359 -4
416 467 4
416 468 12
416 496 4
416 512 16
416 519 4
416 520 4
416 524 12
416 526 8
416 528 8
417 339 4
417 341 4
417 346 4
417 347 4
417 348 8
417 351 4
417 357 -4
417 360 8
417 361 -4
417 467 4
417 469 12
417 496 4
417 512 16
417 519 4
417 520 4
417 524 12
417 526 8
417 528 8
418 342 4
418 346 4
418 349 4
418 351 4
418 353 12
418 356 -4
418 358 4
418 360 4
418 361 -4
418 468 8
418 469 8
418 496 4
418 511 16
418 519 8
418 520 -8
418 526 4
418 528 16
419 343 4
419 350 4
419 352 4
419 354 4
419 355 8
419 356 4
419 361 4
419 362 -20
419 468 4
419 469 4
419 470 24
419 497 8
419 512 8
419 520 8
419 526 -4
419 528 -16
420 337 4
420 339 4
420 340 4
420 346 4
420 349 4
420 471 20
420 513 32
420 525 36
420 529 32
421 343 4
421 350 4
421 355 4
421 471 4
421 472 16
421 514 24
421 529 -16
422 345 -4
422 352 4
422 354 4
422 472 8
422 513 8
422 514 -16
422 525 -12
423 337 8
423 338 4
423 339 4
423 340 4
423 341 4
423 463 12
423 473 20
423 499 4
423 505 16
423 529 12
424 337 8
424 338 8
424 341 8
424 342 8
424 351 8
424 352 -4
424 354 -4
424 355 -8
424 358 4
424 360 4
424 464 12
424 474 8
424 489 12
424 506 16
424 528 8
425 338 4
425 339 4
425 340 -4
425 341 -4
425 343 4
425 350 -4
425 352 8
425 354 -8
425 356 -4
425 357 -4
425 359 4
425 361 4
425 465 12
425 490 12
425 500 -4
425 501 4
425 507 16
425 527 12
426 339 4
426 340 4
426 344 4
426 348 4
426 353 8
426 357 -4
426 359 -4
426 466 12
426 474 4
426 491 12
426 508 16
426 528 4
427 337 8
427 339 8
427 340 8
427 344 4
427 346 12
427 348 4
427 349 12
427 352 -4
427 354 -4
427 467 8
427 475 12
427 502 4
427 515 16
427 523 16
427 525 36
427 526 8
428 338 4
428 340 4
428 344 8
428 346 4
428 347 8
428 351 4
428 353 4
428 358 12
428 468 8
428 475 4
428 476 8
428 502 4
428 515 8
428 523 8
428 526 4
429 339 4
429 341 4
429 342 4
429 347 8
429 348 8
429 349 4
429 353 4
429 360 12
429 469 8
429 475 4
429 476 8
429 502 4
429 515 8
429 523 8
429 526 4
430 343 4
430 350 4
430 356 4
430 361 4
430 470 8
430 476 4
430 503 4
430 526 -4
431 337 8
431 339 8
431 340 8
431 344 4
431 346 8
431 347 8
431 348 4
431 349 8
431 358 4
431 360 4
431 471 12
431 477 16
431 496 4
431 515 24
431 524 24
432 338 4
432 341 4
432 342 -4
432 343 4
432 350 4
432 351 -4
432 355 8
432 356 4
432 357 4
432 359 4
432 361 4
432 472 12
432 477 4
432 478 12
432 497 4
432 524 -12
433 337 4
433 473 16
433 509 24
434 337 8
434 338 4
434 341 4
434 342 8
434 343 -4
434 344 4
434 345 -8
434 348 4
434 350 -4
434 351 8
434 352 -4
434 353 4
434 354 -4
434 474 16
434 499 16
434 510 24
434 516 24
435 337 8
435 339 8
435 340 8
435 345 -4
435 346 12
435 349 12
435 353 8
435 358 4
435 360 4
435 475 12
435 477 8
435 502 4
435 511 16
435 513 24
435 519 8
436 338 4
436 339 4
436 340 4
436 341 4
436 344 4
436 347 12
436 348 4
436 356 4
436 358 8
436 360 8
436 361 4
436 476 12
436 477 8
436 502 4
436 512 16
437 338 4
437 341 4
437 342 -4
437 343 8
437 350 8
437 351 -4
437 352 -4
437 354 -4
437 355 4
437 356 4
437 361 4
437 475 4
437 478 8
437 503 4
437 511 -8
437 514 24
437 520 8
438 344 4
438 345 8
438 348 4
438 352 -4
438 353 -8
438 354 -4
438 356 4
438 357 4
438 359 4
438 361 4
438 362 20
438 476 4
438 478 8
438 503 4
438 512 -8
439 363 16
439 364 4
439 365 4
439 366 4
439 367 4
439 391 4
439 530 36
439 533 4
439 538 16
439 539 8
439 542 60
439 543 8
439 544 8
439 546 12
439 548 8
440 364 12
440 368 8
440 369 4
440 370 4
440 371 4
440 392 4
440 530 12
440 531 24
440 533 4
440 538 8
440 539 4
440 540 4
440 543 4
440 545 4
441 365 12
441 369 4
441 372 8
441 373 4
441 374 4
441 393 4
441 530 12
441 532 24
441 535 4
441 538 8
441 540 4
441 541 8
441 544 8
441 545 4
441 546 12
441 548 8
442 366 12
442 370 4
442 372 8
442 373 4
442 375 4
442 394 4
442 530 12
442 532 24
442 535 4
442 538 8
442 540 -4
442 541 8
442 544 8
442 545 4
442 546 12
442 548 8
443 367 12
443 368 8
443 371 4
443 374 4
443 375 4
443 395 4
443 530 12
443 531 24
443 533 4
443 538 8
443 539 4
443 540 -4
443 543 4
443 545 4
444 369 8
444 371 8
444 375 8
444 376 8
444 396 4
444 531 24
444 532 12
444 534 4
444 536 4
444 537 4
444 543 -8
444 544 -4
444 547 12
445 370 8
445 373 8
445 374 8
445 376 8
445 397 4
445 531 12
445 532 24
445 535 4
445 543 4
445 545 4
445 548 8
446 363 4
446 364 4
446 367 4
446 368 4
446 377 20
446 378 4
446 379 4
446 380 4
446 398 4
446 533 32
446 549 24
446 556 24
446 559 8
446 563 8
447 369 4
447 371 4
447 378 16
447 381 8
447 382 4
447 383 4
447 399 4
447 533 8
447 534 24
447 550 16
447 552 4
447 553 -4
447 556 -12
447 557 8
447 558 -4
447 560 4
447 561 -12
447 562 4
448 365 4
448 366 4
448 370 4
448 374 4
448 379 16
448 382 4
448 384 8
448 385 4
448 400 4
448 533 8
448 535 24
448 551 32
448 553 4
448 554 -4
448 556 12
448 559 12
448 563 16
449 371 4
449 375 4
449 380 16
449 383 4
449 385 4
449 386 8
449 401 4
449 533 8
449 536 24
449 550 -16
449 552 -4
449 554 4
449 556 -12
449 557 -8
449 558 4
449 560 4
449 561 12
449 562 -4
450 369 -4
450 375 4
450 381 12
450 386 -12
450 387 4
450 388 4
450 402 4
450 534 16
450 536 -16
450 552 8
450 553 -4
450 554 -4
450 557 4
450 561 -12
450 562 8
451 369 4
451 376 4
451 382 12
451 387 8
451 389 8
451 390 4
451 403 4
451 534 8
451 535 8
451 537 16
451 550 -8
451 553 4
451 555 -12
451 557 -4
451 558 4
451 559 -4
451 560 4
451 562 4
452 371 -4
452 376 4
452 383 12
452 387 -8
452 388 8
452 390 4
452 404 4
452 534 8
452 536 8
452 537 -16
452 551 -16
452 553 -4
452 554 4
452 563 8
453 372 4
453 373 4
453 384 12
453 389 4
453 405 4
453 535 16
453 549 8
453 553 -4
453 554 4
453 559 8
453 563 8
454 375 4
454 376 4
454 385 12
454 388 -8
454 389 8
454 390 4
454 406 4
454 535 8
454 536 8
454 537 16
454 550 8
454 554 -4
454 555 12
454 557 4
454 558 -4
454 559 -4
454 560 4
454 562 -4
455 363 12
455 368 8
455 372 8
455 391 12
455 392 4
455 393 4
455 394 4
455 395 4
455 407 12
455 530 12
455 538 16
455 549 4
455 564 80
455 565 8
455 566 8
455 567 12
456 364 8
456 367 8
456 369 4
456 373 4
456 375 4
456 392 8
456 395 8
456 396 8
456 397 4
456 408 12
456 531 12
456 538 16
456 549 4
457 365 8
457 366 8
457 370 4
457 371 4
457 374 4
457 393 8
457 394 8
457 396 4
457 397 8
457 409 12
457 532 12
457 538 16
457 551 8
457 566 8
457 567 12
458 363 8
458 364 4
458 367 4
458 368 8
458 398 16
458 399 4
458 400 4
458 401 4
458 410 8
458 533 8
458 539 24
458 565 16
458 569 8
459 364 4
459 365 4
459 368 -4
459 369 4
459 371 4
459 372 -4
459 399 12
459 402 8
459 403 4
459 404 4
459 411 8
459 534 8
459 539 8
459 540 16
459 552 -4
459 553 4
459 565 -8
459 568 4
459 570 -12
460 365 4
460 366 4
460 370 4
460 372 8
460 374 4
460 400 12
460 403 4
460 405 16
460 406 4
460 412 8
460 535 8
460 539 8
460 541 32
460 565 8
460 569 12
461 366 4
461 367 4
461 368 -4
461 371 4
461 372 -4
461 375 4
461 401 12
461 402 -8
461 404 4
461 406 4
461 413 8
461 536 8
461 539 8
461 540 -16
461 552 4
461 554 -4
461 565 -8
461 568 -4
461 570 12
462 369 4
462 370 -4
462 373 8
462 374 -4
462 375 4
462 403 8
462 404 -8
462 406 8
462 414 8
462 537 8
462 541 16
462 553 -4
462 554 4
462 569 -4
463 363 8
463 364 4
463 365 4
463 366 4
463 367 4
463 407 8
463 408 8
463 409 8
463 423 16
463 538 16
463 542 40
463 556 4
463 571 12
464 363 8
464 364 8
464 367 8
464 368 4
464 369 -4
464 373 4
464 375 -4
464 410 12
464 411 4
464 412 4
464 413 4
464 424 12
464 539 16
464 543 16
464 549 8
464 572 8
465 364 4
465 365 4
465 366 -4
465 367 -4
465 369 4
465 375 -4
465 411 8
465 413 -8
465 425 12
465 540 16
465 550 8
465 557 -4
465 558 4
466 365 4
466 366 4
466 370 4
466 374 4
466 376 -4
466 412 8
466 414 4
466 426 12
466 541 16
466 543 8
466 551 8
466 572 4
467 363 8
467 365 8
467 366 8
467 369 -4
467 372 8
467 375 -4
467 415 16
467 416 4
467 417 4
467 427 8
467 544 24
467 559 4
467 566 16
467 569 8
467 571 36
467 572 16
468 364 4
468 366 4
468 368 4
468 370 8
468 372 4
468 373 4
468 376 -4
468 416 12
468 418 8
468 419 4
468 428 8
468 544 8
468 545 16
468 559 4
468 566 8
468 569 4
468 572 8
469 365 4
469 367 4
469 368 4
469 372 4
469 373 4
469 374 8
469 376 -4
469 417 12
469 418 8
469 419 4
469 429 8
469 544 8
469 545 16
469 559 4
469 566 8
469 569 4
469 572 8
470 369 4
470 375 4
470 419 8
470 430 8
470 545 8
470 560 4
470 572 -8
471 363 4
471 365 4
471 366 4
471 372 4
471 420 20
471 421 4
471 431 4
471 546 32
471 567 24
471 571 24
472 369 4
472 375 4
472 421 16
472 422 8
472 432 4
472 546 8
472 547 24
472 571 -12
473 363 4
473 423 4
473 433 20
473 542 24
473 564 16
474 363 8
474 364 4
474 367 4
474 368 8
474 369 -4
474 370 4
474 371 -8
474 374 4
474 375 -4
474 424 8
474 426 8
474 434 16
474 543 24
474 556 12
474 565 16
475 363 8
475 365 8
475 366 8
475 370 4
475 371 -4
475 372 12
475 374 4
475 427 12
475 428 4
475 429 4
475 435 12
475 437 4
475 544 16
475 548 16
475 563 8
475 567 24
475 569 8
476 364 4
476 365 4
476 366 4
476 367 4
476 370 4
476 373 12
476 374 4
476 376 4
476 428 8
476 429 8
476 430 12
476 436 12
476 438 4
476 545 16
476 548 16
476 563 8
477 363 8
477 365 8
477 366 8
477 370 4
477 372 8
477 373 8
477 374 4
477 431 16
477 432 4
477 435 8
477 436 8
477 546 24
477 548 24
477 559 4
477 566 16
478 364 4
478 367 4
478 368 -8
478 369 4
478 375 4
478 376 8
478 432 12
478 437 8
478 438 8
478 547 24
478 548 8
478 560 4
478 566 -8
479 377 16
479 381 4
479 384 4
479 386 4
479 391 4
479 392 4
479 395 4
479 410 4
479 533 4
479 549 12
479 573 32
479 577 8
480 378 12
480 386 -8
480 387 -4
480 389 4
480 396 4
480 411 4
480 534 4
480 549 4
480 550 8
480 573 -16
480 574 4
480 575 -4
480 576 4
480 578 -12
481 379 12
481 384 8
481 387 4
481 388 -4
481 393 4
481 394 4
481 397 4
481 412 4
481 535 4
481 549 4
481 551 16
481 573 16
481 577 12
482 380 12
482 381 -8
482 388 4
482 389 4
482 396 4
482 413 4
482 536 4
482 549 4
482 550 -8
482 573 -16
482 574 -4
482 575 4
482 576 -4
482 578 12
483 382 8
483 383 -8
483 385 8
483 390 -4
483 396 4
483 414 4
483 537 4
483 551 8
483 577 -4
484 378 4
484 380 -4
484 381 8
484 386 -8
484 399 -4
484 401 4
484 402 -4
484 552 16
484 574 24
484 579 24
484 580 8
484 581 8
484 582 48
485 378 -4
485 379 4
485 381 -4
485 382 4
485 383 -4
485 384 -4
485 387 8
485 399 4
485 403 -4
485 404 4
485 552 4
485 553 12
485 575 16
485 579 12
485 580 8
485 581 4
486 379 -4
486 380 4
486 383 4
486 384 4
486 385 -4
486 386 4
486 388 8
486 401 -4
486 404 -4
486 406 4
486 552 4
486 554 12
486 575 16
486 579 12
486 580 8
486 581 4
487 381 -4
487 386 4
487 387 -4
487 388 -4
487 402 4
487 403 4
487 406 -4
487 553 8
487 554 8
487 574 16
487 580 4
487 581 8
488 382 -4
488 385 4
488 387 -4
488 388 -4
488 553 4
488 554 4
488 555 24
488 575 8
488 580 -4
488 581 -8
489 377 12
489 381 -4
489 384 4
489 386 -4
489 407 4
489 408 4
489 424 4
489 549 8
489 556 8
489 584 8
490 378 8
490 380 -8
490 382 -4
490 385 4
490 425 4
490 550 8
490 583 12
491 379 8
491 383 -4
491 409 4
491 426 4
491 551 8
491 556 4
491 584 4
492 378 8
492 380 -8
492 381 8
492 382 -4
492 385 4
492 386 -8
492 411 -4
492 413 4
492 552 8
492 557 12
492 576 16
492 580 -8
492 583 36
493 378 -4
493 379 4
493 382 8
493 383 -8
493 384 -4
493 386 4
493 389 -4
493 390 4
493 411 4
493 414 -4
493 553 8
493 557 4
493 558 8
493 576 8
493 580 -4
494 379 -4
494 380 4
494 381 -4
494 383 8
494 384 4
494 385 -8
494 389 4
494 390 -4
494 413 -4
494 414 4
494 554 8
494 557 4
494 558 8
494 576 8
494 580 -4
495 382 -4
495 385 4
495 555 8
495 558 4
496 377 8
496 379 12
496 382 -4
496 384 16
496 385 -4
496 389 -4
496 415 4
496 416 4
496 417 4
496 418 4
496 431 4
496 559 16
496 577 24
496 584 48
497 378 4
497 380 4
497 381 4
497 382 4
497 385 4
497 386 4
497 389 8
497 390 -8
497 419 8
497 432 4
497 559 4
497 560 12
497 584 -24
498 378 -4
498 380 4
498 381 -4
498 386 4
498 561 20
498 578 32
498 582 -32
498 583 -36
499 377 8
499 378 -4
499 379 4
499 380 -4
499 423 4
499 434 4
499 556 12
499 573 16
500 378 8
500 380 -8
500 381 8
500 386 -8
500 387 -4
500 388 -4
500 425 -4
500 557 12
500 562 8
500 574 16
500 578 -24
500 581 -8
501 378 -4
501 380 4
501 382 4
501 385 -4
501 387 8
501 388 8
501 425 4
501 558 12
501 562 8
501 575 16
502 377 8
502 379 16
502 383 4
502 384 20
502 387 -4
502 388 4
502 427 4
502 428 4
502 429 4
502 435 4
502 436 4
502 559 8
502 563 24
502 577 16
503 378 4
503 380 4
503 381 -4
503 382 8
503 385 8
503 386 -4
503 387 -4
503 388 4
503 389 4
503 390 4
503 430 12
503 437 4
503 438 4
503 560 8
503 563 8
503 577 -8
504 378 -4
504 380 4
504 381 -8
504 382 -4
504 385 4
504 386 8
504 387 -4
504 388 -4
504 561 12
504 562 -16
504 576 -24
504 579 -24
505 391 8
505 392 4
505 393 4
505 394 4
505 395 4
505 423 8
505 538 4
505 564 20
505 573 4
505 585 12
506 391 8
506 392 4
506 395 4
506 398 12
506 405 8
506 424 8
506 539 4
506 549 4
506 565 8
506 587 8
507 392 4
507 393 4
507 394 -4
507 395 -4
507 399 8
507 401 -8
507 403 -4
507 406 4
507 425 8
507 540 4
507 550 4
507 574 -4
507 575 4
507 586 12
508 393 4
508 394 4
508 400 8
508 404 -4
508 426 8
508 541 4
508 551 4
508 565 4
508 587 4
509 391 4
509 407 4
509 433 20
509 542 4
509 564 16
510 391 8
510 392 4
510 395 4
510 396 -8
510 397 4
510 410 8
510 411 -4
510 412 4
510 413 -4
510 434 12
510 543 4
510 565 8
510 573 16
511 391 8
511 393 8
511 394 8
511 396 -4
511 415 12
511 418 8
511 435 8
511 437 -4
511 544 4
511 566 8
511 577 4
511 585 48
511 587 16
512 392 4
512 393 4
512 394 4
512 395 4
512 397 4
512 416 8
512 417 8
512 419 4
512 436 8
512 438 -4
512 545 4
512 566 8
512 577 4
513 391 4
513 393 4
513 394 4
513 420 16
513 422 4
513 435 4
513 546 4
513 567 12
513 585 32
514 396 4
514 421 12
514 422 -8
514 437 4
514 547 4
514 567 4
514 585 -16
515 391 8
515 393 8
515 394 8
515 397 8
515 427 8
515 428 4
515 429 4
515 431 12
515 548 4
515 566 8
515 567 12
515 577 4
516 398 8
516 399 -4
516 400 4
516 401 -4
516 407 8
516 434 8
516 556 4
516 565 8
517 399 8
517 401 -8
517 402 4
517 403 -4
517 406 4
517 411 -4
517 413 4
517 557 4
517 568 8
517 574 -8
517 580 4
517 586 24
518 399 -4
518 401 4
518 403 4
518 406 -4
518 411 4
518 413 -4
518 558 4
518 568 8
518 575 -8
518 580 4
519 398 8
519 400 12
519 403 -4
519 405 16
519 406 -4
519 415 8
519 416 4
519 417 4
519 418 8
519 435 8
519 559 4
519 569 12
519 587 32
520 399 4
520 401 4
520 403 4
520 406 4
520 416 4
520 417 4
520 418 -8
520 419 8
520 437 8
520 560 4
520 569 4
520 587 -16
521 399 -4
521 401 4
521 402 -4
521 561 4
521 570 16
521 582 16
521 586 -24
522 399 4
522 401 -4
522 402 8
522 403 4
522 406 -4
522 562 4
522 568 12
522 570 -12
522 579 -12
522 581 4
523 398 4
523 400 8
523 404 4
523 405 8
523 427 8
523 428 4
523 429 4
523 563 4
523 569 8
524 407 8
524 409 8
524 415 8
524 416 4
524 417 4
524 431 8
524 432 -4
524 566 8
524 571 12
524 584 8
525 407 4
525 409 4
525 420 12
525 422 -4
525 427 4
525 567 8
525 571 8
526 410 8
526 412 12
526 414 -4
526 415 8
526 416 8
526 417 8
526 418 4
526 419 -4
526 427 8
526 428 4
526 429 4
526 430 -12
526 569 8
526 572 16
526 577 8
527 411 -4
527 413 4
527 425 4
527 570 8
527 578 8
527 583 12
527 586 16
528 415 8
528 416 4
528 417 4
528 418 8
528 419 -8
528 424 4
528 426 4
528 572 12
528 584 12
528 587 16
529 415 4
529 420 8
529 421 -4
529 423 4
529 571 12
529 585 16
530 439 12
530 440 4
530 441 4
530 442 4
530 443 4
530 455 4
530 588 32
530 589 4
530 592 40
530 593 8
530 594 8
530 595 12
531 440 8
531 443 8
531 444 8
531 445 4
531 456 4
531 588 32
531 589 4
532 441 8
532 442 8
532 444 4
532 445 8
532 457 4
532 588 32
532 591 8
532 594 8
532 595 12
533 439 4
533 440 4
533 443 4
533 446 16
533 447 4
533 448 4
533 449 4
533 458 4
533 479 4
533 589 36
533 596 16
533 600 8
534 444 4
534 447 12
534 450 8
534 451 4
534 452 4
534 459 4
534 480 4
534 589 12
534 590 24
534 596 -8
534 597 4
534 598 -4
534 599 4
534 601 -12
535 441 4
535 442 4
535 445 4
535 448 12
535 451 4
535 453 16
535 454 4
535 460 4
535 481 4
535 589 12
535 591 48
535 596 8
535 600 12
536 444 4
536 449 12
536 450 -8
536 452 4
536 454 4
536 461 4
536 482 4
536 589 12
536 590 -24
536 596 -8
536 597 -4
536 598 4
536 599 -4
536 601 12
537 444 4
537 451 8
537 452 -8
537 454 8
537 462 4
537 483 4
537 591 24
537 600 -4
538 439 8
538 440 4
538 441 4
538 442 4
538 443 4
538 455 8
538 456 8
538 457 8
538 463 12
538 505 8
538 588 24
538 592 60
538 596 4
538 602 12
539 439 8
539 440 4
539 443 4
539 458 12
539 459 4
539 460 4
539 461 4
539 464 8
539 506 4
539 589 12
539 593 24
539 604 8
540 440 4
540 441 4
540 442 -4
540 443 -4
540 459 8
540 461 -8
540 465 8
540 507 4
540 590 12
540 597 -4
540 598 4
540 603 12
541 441 4
541 442 4
541 460 8
541 462 4
541 466 8
541 508 4
541 591 12
541 593 12
541 604 4
542 439 4
542 463 4
542 473 16
542 509 4
542 592 24
543 439 8
543 440 4
543 443 4
543 444 -8
543 445 4
543 464 8
543 466 8
543 474 12
543 510 4
543 593 24
543 596 8
544 439 8
544 441 8
544 442 8
544 444 -4
544 467 12
544 468 4
544 469 4
544 475 8
544 511 4
544 594 24
544 600 4
544 602 24
544 604 16
545 440 4
545 441 4
545 442 4
545 443 4
545 445 4
545 468 8
545 469 8
545 470 12
545 476 8
545 512 4
545 594 24
545 600 4
546 439 4
546 441 4
546 442 4
546 471 16
546 472 4
546 477 4
546 513 4
546 595 36
546 602 16
547 444 4
547 472 12
547 478 4
547 514 4
547 595 12
547 602 -8
548 439 8
548 441 8
548 442 8
548 445 8
548 475 8
548 476 8
548 477 12
548 478 4
548 515 4
548 594 24
548 595 36
548 600 4
549 446 12
549 453 8
549 455 4
549 456 4
549 464 4
549 479 12
549 480 4
549 481 4
549 482 4
549 489 12
549 506 4
549 589 12
549 596 16
549 607 8
550 447 8
550 449 -8
550 451 -4
550 454 4
550 465 4
550 480 8
550 482 -8
550 490 12
550 507 4
550 590 12
550 606 12
551 448 8
551 452 -4
551 457 4
551 466 4
551 481 8
551 483 4
551 491 12
551 508 4
551 591 12
551 596 8
551 607 4
552 447 4
552 449 -4
552 450 8
552 459 -4
552 461 4
552 484 16
552 485 4
552 486 4
552 492 8
552 597 24
552 605 16
552 608 36
552 609 8
553 447 -4
553 448 4
553 450 -4
553 451 4
553 452 -4
553 453 -8
553 459 4
553 462 -4
553 485 12
553 487 8
553 488 4
553 493 8
553 597 8
553 598 16
553 605 8
553 609 4
554 448 -4
554 449 4
554 450 -4
554 452 4
554 453 8
554 454 -4
554 461 -4
554 462 4
554 486 12
554 487 8
554 488 4
554 494 8
554 597 8
554 598 16
554 605 8
554 609 4
555 451 -4
555 454 4
555 488 8
555 495 8
555 598 8
555 609 -4
556 446 8
556 447 -4
556 448 4
556 449 -4
556 463 4
556 474 4
556 489 8
556 491 8
556 499 16
556 516 4
556 596 16
557 447 8
557 449 -8
557 450 4
557 451 -4
557 454 4
557 465 -4
557 492 12
557 493 4
557 494 4
557 500 12
557 517 4
557 597 16
557 599 16
557 606 24
557 609 -8
558 447 -4
558 449 4
558 451 4
558 454 -4
558 465 4
558 493 8
558 494 8
558 495 12
558 501 12
558 518 4
558 598 16
558 599 16
559 446 8
559 448 12
559 451 -4
559 453 16
559 454 -4
559 467 4
559 468 4
559 469 4
559 477 4
559 496 16
559 497 4
559 502 8
559 519 4
559 600 24
559 607 32
560 447 4
560 449 4
560 451 4
560 454 4
560 470 12
560 478 4
560 497 12
560 503 8
560 520 4
560 600 8
560 607 -16
561 447 -4
561 449 4
561 450 -4
561 498 20
561 504 4
561 521 4
561 601 32
561 606 -24
561 608 -24
562 447 4
562 449 -4
562 450 8
562 451 4
562 454 -4
562 500 8
562 501 8
562 504 -16
562 522 4
562 599 24
562 601 -24
562 605 16
563 446 4
563 448 8
563 452 4
563 453 8
563 475 4
563 476 4
563 502 12
563 503 4
563 523 4
563 600 16
564 455 4
564 473 8
564 505 4
564 509 12
564 592 12
565 455 8
565 458 8
565 459 -4
565 460 4
565 461 -4
565 474 8
565 506 8
565 508 8
565 510 8
565 516 12
565 593 12
565 596 8
566 455 8
566 457 8
566 467 8
566 468 4
566 469 4
566 477 8
566 478 -4
566 511 8
566 512 8
566 515 8
566 524 12
566 594 12
566 602 24
566 607 8
567 455 4
567 457 4
567 471 12
567 475 4
567 513 12
567 514 4
567 515 4
567 525 12
567 595 12
567 602 16
568 459 4
568 461 -4
568 517 8
568 518 8
568 522 12
568 599 8
568 603 24
568 605 -8
568 609 4
569 458 8
569 460 12
569 462 -4
569 467 8
569 468 4
569 469 4
569 475 8
569 519 12
569 520 4
569 523 16
569 526 8
569 600 8
569 604 32
570 459 -4
570 461 4
570 521 16
570 522 -4
570 527 8
570 601 8
570 603 -24
570 608 12
571 463 4
571 467 4
571 471 8
571 472 -4
571 524 4
571 525 8
571 529 16
571 602 16
572 464 4
572 466 4
572 467 8
572 468 4
572 469 4
572 470 -12
572 526 8
572 528 12
572 604 16
572 607 8
573 479 8
573 480 -4
573 481 4
573 482 -4
573 499 8
573 505 4
573 510 4
573 596 4
574 480 4
574 482 -4
574 484 12
574 487 8
574 500 8
574 507 -4
574 517 -4
574 597 4
574 605 8
574 610 48
575 480 -4
575 482 4
575 485 8
575 486 8
575 488 4
575 501 8
575 507 4
575 518 -4
575 598 4
575 605 8
576 480 4
576 482 -4
576 492 8
576 493 4
576 494 4
576 504 -12
576 599 4
576 605 8
576 606 12
577 479 8
577 481 12
577 483 -4
577 496 12
577 502 8
577 503 -4
577 511 4
577 512 4
577 515 4
577 526 4
577 600 4
577 607 16
578 480 -4
578 482 4
578 498 16
578 500 -4
578 527 4
578 601 4
578 606 -12
578 610 -32
579 484 8
579 485 4
579 486 4
579 504 -8
579 522 -4
579 605 8
579 608 12
580 484 8
580 485 8
580 486 8
580 487 4
580 488 -4
580 492 -8
580 493 -4
580 494 -4
580 517 4
580 518 4
580 609 8
581 484 8
581 485 4
581 486 4
581 487 8
581 488 -8
581 500 -8
581 522 4
581 609 12
582 484 4
582 498 -8
582 521 4
582 608 12
582 610 16
583 490 4
583 492 4
583 498 -12
583 527 4
583 606 8
583 608 8
584 489 4
584 491 4
584 496 8
584 497 -4
584 524 4
584 528 4
584 607 8
585 505 4
585 511 4
585 513 8
585 514 -4
585 529 8
585 602 4
586 507 4
586 517 4
586 521 -12
586 527 8
586 603 4
586 606 4
586 610 -16
587 506 4
587 508 4
587 511 8
587 519 8
587 520 -4
587 528 8
587 604 4
587 607 4
588 530 8
588 531 8
588 532 8
588 538 4
588 611 100
588 612 4
588 613 12
589 530 4
589 531 4
589 533 12
589 534 4
589 535 4
589 536 4
589 539 4
589 549 4
589 612 32
589 616 8
590 534 8
590 536 -8
590 540 4
590 550 4
590 615 12
591 532 4
591 535 8
591 537 4
591 541 4
591 551 4
591 612 16
591 616 4
592 530 4
592 538 4
592 542 12
592 564 8
592 611 40
593 530 8
593 539 8
593 541 8
593 543 8
593 565 4
593 612 16
594 530 8
594 532 8
594 544 8
594 545 8
594 548 8
594 566 4
594 613 48
594 616 8
595 530 4
595 532 4
595 546 12
595 547 4
595 548 4
595 567 4
595 613 32
596 533 8
596 534 -4
596 535 4
596 536 -4
596 538 4
596 543 4
596 549 8
596 551 8
596 556 12
596 565 4
596 573 8
596 612 24
597 534 4
597 536 -4
597 540 -4
597 552 12
597 553 4
597 554 4
597 557 8
597 574 4
597 614 24
597 617 24
598 534 -4
598 536 4
598 540 4
598 553 8
598 554 8
598 555 12
598 558 8
598 575 4
598 614 24
599 534 4
599 536 -4
599 557 8
599 558 8
599 562 12
599 568 4
599 576 4
599 614 24
599 615 36
600 533 8
600 535 12
600 537 -4
600 544 4
600 545 4
600 548 4
600 559 12
600 560 4
600 563 16
600 569 4
600 577 4
600 616 48
601 534 -4
601 536 4
601 561 16
601 562 -4
601 570 4
601 578 4
601 615 -36
601 617 -16
602 538 4
602 544 4
602 546 8
602 547 -4
602 566 4
602 567 8
602 571 12
602 585 8
602 613 24
603 540 4
603 568 4
603 570 -12
603 586 4
603 615 12
603 617 -8
604 539 4
604 541 4
604 544 8
604 569 8
604 572 8
604 587 4
604 616 12
605 552 8
605 553 4
605 554 4
605 562 8
605 568 -4
605 574 8
605 575 8
605 576 8
605 579 12
605 614 12
605 617 24
606 550 4
606 557 4
606 561 -12
606 576 4
606 578 -12
606 583 12
606 586 4
606 615 12
606 617 16
607 549 4
607 551 4
607 559 8
607 560 -4
607 566 4
607 572 4
607 577 8
607 584 12
607 587 4
607 616 12
608 552 4
608 561 -8
608 570 4
608 579 4
608 582 16
608 583 8
608 617 16
609 552 8
609 553 4
609 554 4
609 555 -12
609 557 -8
609 568 4
609 580 8
609 581 12
610 574 4
610 578 -8
610 582 8
610 586 -4
610 617 4
611 588 4
611 592 4
612 588 4
612 589 8
612 591 8
612 593 4
612 596 4
613 588 4
613 594 4
613 595 8
613 602 4
614 597 8
614 598 8
614 599 8
614 605 4
614 618 48
615 590 4
615 599 4
615 601 -12
615 603 4
615 606 4
615 618 32
616 589 4
616 591 4
616 594 4
616 600 8
616 604 4
616 607 4
617 597 4
617 601 -8
617 603 -4
617 605 4
617 606 8
617 608 12
617 610 8
617 618 24
618 614 4
618 615 8
618 617 4
619 631 12
619 635 4
619 645 16
619 646 8
619 649 84
619 650 8
619 651 8
619 654 12
619 659 8
619 660 8
619 663 20
619 665 8
620 631 4
620 632 8
620 635 4
620 645 8
620 646 4
620 647 4
620 650 4
620 652 4
620 661 4
620 666 4
621 631 4
621 633 8
621 637 4
621 645 8
621 647 4
621 648 4
621 651 8
621 653 4
621 656 12
621 659 8
621 660 4
621 662 8
621 663 20
621 665 4
621 666 4
622 631 4
622 634 8
622 637 4
622 645 8
622 648 4
622 651 4
622 652 4
622 653 4
622 654 12
622 659 4
622 660 4
622 661 -4
622 665 4
623 631 4
623 634 8
623 639 4
623 645 8
623 648 4
623 651 4
623 652 4
623 653 4
623 654 12
623 659 4
623 660 4
623 661 4
623 665 4
624 631 4
624 633 8
624 639 4
624 645 8
624 647 -4
624 648 4
624 651 8
624 653 4
624 656 12
624 659 8
624 660 4
624 662 8
624 663 20
624 665 4
624 666 4
625 631 4
625 632 8
625 635 4
625 645 8
625 646 4
625 647 -4
625 650 4
625 652 4
625 661 -4
625 666 4
626 632 8
626 633 4
626 636 4
626 640 4
626 641 4
626 650 -8
626 651 -4
626 658 12
626 664 20
627 632 4
627 633 4
627 634 4
627 637 4
627 650 4
627 652 4
627 659 4
627 660 4
627 661 -4
627 666 4
628 632 4
628 634 8
628 638 4
628 642 -4
628 643 4
628 650 -4
628 652 4
628 655 12
628 657 12
628 665 -8
628 666 -4
629 632 4
629 633 4
629 634 4
629 639 4
629 650 4
629 652 4
629 659 4
629 660 4
629 661 4
629 666 4
630 633 8
630 634 4
630 644 12
630 653 12
630 656 12
630 659 8
630 662 16
630 665 4
631 619 12
631 620 4
631 621 4
631 622 4
631 623 4
631 624 4
631 625 4
631 667 16
631 668 4
631 671 56
631 672 8
631 673 8
631 674 12
631 677 20
631 678 8
632 620 8
632 625 8
632 626 8
632 627 4
632 628 4
632 629 4
632 667 16
632 668 4
633 621 8
633 624 8
633 626 4
633 627 4
633 629 4
633 630 8
633 667 16
633 670 4
633 673 8
633 676 24
633 677 20
633 678 8
634 622 8
634 623 8
634 627 4
634 628 8
634 629 4
634 630 4
634 667 16
634 670 4
634 673 8
634 674 12
635 619 4
635 620 4
635 625 4
635 668 12
635 679 16
635 684 8
635 692 8
636 626 4
636 668 4
636 669 8
636 679 -8
636 680 4
636 681 -4
636 683 4
636 685 4
636 688 -12
636 691 20
636 694 -4
637 621 4
637 622 4
637 627 4
637 668 4
637 670 8
637 679 8
637 681 4
637 682 -4
637 684 8
637 686 8
637 692 8
637 693 4
637 694 -4
638 628 4
638 668 4
638 679 -8
638 684 4
638 692 -4
639 623 4
639 624 4
639 629 4
639 668 4
639 670 8
639 679 8
639 681 -4
639 682 4
639 684 8
639 686 8
639 692 8
639 693 -4
639 694 4
640 626 4
640 668 4
640 669 -8
640 679 -8
640 680 -4
640 681 4
640 683 -4
640 685 -4
640 689 12
640 691 -20
640 694 4
641 626 4
641 670 4
641 684 -4
642 628 -4
642 669 4
642 670 -4
642 683 4
642 685 4
642 688 -12
642 692 4
642 693 4
642 694 -4
643 628 4
643 669 4
643 670 4
643 683 4
643 685 4
643 689 -12
643 692 -4
643 693 4
643 694 -4
644 630 4
644 670 4
644 686 8
644 692 4
645 619 8
645 620 4
645 621 4
645 622 4
645 623 4
645 624 4
645 625 4
645 667 4
645 671 28
645 679 4
645 695 20
645 696 12
646 619 8
646 620 4
646 625 4
646 668 4
646 672 8
646 698 8
647 620 4
647 621 4
647 624 -4
647 625 -4
647 669 4
647 680 -4
647 681 4
647 697 20
647 700 -12
648 621 4
648 622 4
648 623 4
648 624 4
648 670 4
648 672 8
648 698 8
649 619 4
649 671 8
650 619 8
650 620 4
650 625 4
650 626 -8
650 627 4
650 628 -4
650 629 4
650 672 8
650 679 8
651 619 8
651 621 8
651 622 4
651 623 4
651 624 8
651 626 -4
651 673 8
651 684 4
651 695 40
651 698 8
651 702 16
651 703 12
652 620 4
652 622 4
652 623 4
652 625 4
652 627 4
652 628 4
652 629 4
652 673 8
652 684 4
653 621 4
653 622 4
653 623 4
653 624 4
653 630 12
653 673 8
653 686 8
653 702 16
653 703 12
654 619 4
654 622 4
654 623 4
654 674 12
654 696 16
654 703 8
655 628 4
655 674 4
655 675 8
655 687 -4
655 688 4
655 696 -8
655 699 -4
655 700 4
655 701 -4
656 621 4
656 624 4
656 630 4
656 674 4
656 676 16
656 696 8
656 703 12
657 628 4
657 674 4
657 675 -8
657 687 4
657 689 -4
657 696 -8
657 699 4
657 700 -4
657 701 4
658 626 4
658 676 8
658 688 -4
658 689 4
658 703 -4
659 619 8
659 621 8
659 622 4
659 623 4
659 624 8
659 627 4
659 629 4
659 630 8
659 673 8
659 677 20
659 692 4
659 703 12
660 619 8
660 621 4
660 622 4
660 623 4
660 624 4
660 627 4
660 629 4
660 674 12
660 678 8
660 684 4
660 702 8
661 620 4
661 622 -4
661 623 4
661 625 -4
661 627 -4
661 629 4
661 675 12
661 685 4
661 693 -4
661 694 4
661 701 12
662 621 4
662 624 4
662 630 8
662 676 12
662 678 4
662 686 4
662 702 4
663 619 4
663 621 4
663 624 4
663 677 12
663 695 16
664 626 4
664 677 4
664 695 -8
665 619 8
665 621 4
665 622 4
665 623 4
665 624 4
665 628 -8
665 630 4
665 678 8
665 692 4
665 696 24
665 698 8
666 620 4
666 621 4
666 624 4
666 625 4
666 627 4
666 628 -4
666 629 4
666 678 8
666 692 4
667 631 8
667 632 8
667 633 8
667 634 8
667 645 4
667 704 84
667 705 4
667 706 20
667 707 12
668 631 4
668 632 4
668 635 12
668 636 4
668 637 4
668 638 4
668 639 4
668 640 4
668 646 4
668 705 16
668 710 8
669 636 8
669 640 -8
669 642 4
669 643 4
669 647 4
669 709 20
669 712 -12
670 633 4
670 634 4
670 637 8
670 639 8
670 641 4
670 642 -4
670 643 4
670 644 12
670 648 4
670 705 16
670 710 8
671 631 4
671 645 4
671 649 12
671 704 12
672 631 8
672 646 8
672 648 8
672 650 8
672 705 8
673 631 8
673 633 8
673 634 8
673 651 8
673 652 8
673 653 8
673 659 8
673 706 40
673 710 4
673 714 24
674 631 4
674 634 4
674 654 12
674 655 4
674 656 4
674 657 4
674 660 4
674 707 16
674 714 8
675 655 8
675 657 -8
675 661 4
675 711 -4
675 712 4
676 633 4
676 656 8
676 658 4
676 662 4
676 707 8
676 714 4
677 631 4
677 633 4
677 659 4
677 663 12
677 664 4
677 706 16
678 631 8
678 633 8
678 660 8
678 662 8
678 665 8
678 666 8
678 707 24
678 710 4
679 635 8
679 636 -4
679 637 4
679 638 -4
679 639 4
679 640 -4
679 645 4
679 650 4
679 705 4
680 636 4
680 640 -4
680 647 -4
680 708 8
680 715 40
680 717 8
680 718 12
681 636 -4
681 637 4
681 639 -4
681 640 4
681 647 4
681 708 8
682 637 -4
682 639 4
682 708 8
682 717 8
682 718 12
683 636 4
683 640 -4
683 642 4
683 643 4
683 708 8
683 709 20
683 719 12
684 635 8
684 637 8
684 638 4
684 639 8
684 641 -4
684 651 4
684 652 4
684 660 4
684 710 8
684 720 24
685 636 4
685 640 -4
685 642 4
685 643 4
685 661 4
685 719 12
686 637 4
686 639 4
686 644 12
686 653 4
686 662 4
686 710 4
686 720 12
687 655 -4
687 657 4
687 711 12
687 716 16
687 718 -8
687 719 -8
688 636 -4
688 642 -4
688 655 4
688 658 -4
688 711 4
688 712 8
688 716 8
688 718 -4
688 719 -4
689 640 4
689 643 -4
689 657 -4
689 658 4
689 711 4
689 712 8
689 716 8
689 718 -4
689 719 -4
690 712 4
690 719 4
691 636 4
691 640 -4
691 709 12
691 715 16
692 635 8
692 637 8
692 638 -4
692 639 8
692 642 4
692 643 -4
692 644 12
692 659 4
692 665 4
692 666 4
692 710 8
693 637 4
693 639 -4
693 642 4
693 643 4
693 661 -4
693 711 12
693 716 -24
693 717 -8
694 636 -4
694 637 -4
694 639 4
694 640 4
694 642 -4
694 643 -4
694 661 4
694 712 12
695 645 4
695 651 4
695 663 8
695 664 -4
695 706 4
696 645 4
696 654 8
696 655 -4
696 656 4
696 657 -4
696 665 4
696 707 4
697 647 4
697 709 4
697 715 -8
698 646 8
698 648 8
698 651 8
698 665 8
698 710 4
699 655 -4
699 657 4
699 711 4
699 713 8
699 718 4
700 647 -4
700 655 4
700 657 -4
700 712 4
700 713 8
700 718 4
701 655 -4
701 657 4
701 661 4
701 713 8
701 716 8
701 719 4
702 651 8
702 653 8
702 660 4
702 662 4
702 714 12
702 720 12
703 651 4
703 653 4
703 654 8
703 656 12
703 658 -4
703 659 4
703 714 16
704 667 4
704 671 4
705 667 4
705 668 8
705 670 8
705 672 4
705 679 4
706 667 4
706 673 4
706 677 8
706 695 4
707 667 4
707 674 8
707 676 8
707 678 4
707 696 4
708 680 8
708 681 8
708 682 8
708 683 8
708 721 40
708 723 12
709 669 4
709 683 4
709 691 12
709 697 4
709 721 16
710 668 8
710 670 8
710 673 4
710 678 4
710 684 8
710 686 8
710 692 8
710 698 4
711 675 -4
711 687 12
711 688 4
711 689 4
711 693 4
711 699 4
711 722 16
711 723 -8
712 669 -4
712 675 4
712 688 8
712 689 8
712 690 12
712 694 4
712 700 4
712 722 16
713 699 8
713 700 8
713 701 8
713 722 8
713 723 4
714 673 4
714 674 4
714 676 4
714 702 4
714 703 8
715 680 4
715 691 8
715 697 -4
715 721 4
716 687 8
716 688 4
716 689 4
716 693 -4
716 701 4
716 722 4
717 680 8
717 682 8
717 693 -8
717 723 12
718 680 4
718 682 4
718 687 -8
718 688 -4
718 689 -4
718 699 4
718 700 4
718 723 8
719 683 4
719 685 4
719 687 -8
719 688 -4
719 689 -4
719 690 12
719 701 4
719 723 8
720 684 4
720 686 4
720 702 4
721 708 4
721 709 8
721 715 4
722 711 8
722 712 8
722 713 4
722 716 4
723 708 4
723 711 -8
723 713 4
723 717 4
723 718 8
723 719 8
724 725 36
724 726 4
724 727 28
724 728 12
724 729 20
725 724 4
726 724 4
727 724 4
728 724 4
729 724 4
731 734 20
732 734 12
733 734 4
734 731 4
734 732 4
734 733 4
734 734 0
