1 2 36
1 3 36
1 4 64
1 5 64
1 6 84
1 7 84
1 8 96
1 9 96
1 10 100
2 1 18
2 11 64
2 12 32
2 13 56
2 14 56
2 15 72
2 16 72
2 17 80
2 18 80
3 1 2
3 12 32
3 19 56
3 20 72
3 21 80
4 1 32
4 11 4
4 13 28
4 19 28
4 22 96
4 23 48
4 24 60
4 25 60
4 26 64
5 1 8
5 12 4
5 14 28
5 23 48
5 27 60
5 28 64
6 1 28
6 13 8
6 15 24
6 20 24
6 24 40
6 27 40
6 29 96
6 30 48
7 1 12
7 14 8
7 16 24
7 19 8
7 25 40
7 30 48
8 1 24
8 15 12
8 17 20
8 21 20
8 22 16
8 26 32
8 28 64
8 30 36
9 1 16
9 16 12
9 18 20
9 20 12
9 23 16
9 26 32
9 29 36
10 1 20
10 17 16
10 18 16
10 21 16
10 24 24
10 25 24
10 27 24
11 2 16
11 31 84
11 32 28
11 33 48
11 34 48
11 35 60
11 36 60
11 37 64
12 2 2
12 3 18
12 32 56
12 38 48
12 39 60
12 40 64
13 2 28
13 4 14
13 6 6
13 31 12
13 33 48
13 38 24
13 41 80
13 42 40
13 43 48
13 44 48
14 2 8
14 5 16
14 7 4
14 32 8
14 34 48
14 42 40
14 45 48
15 2 24
15 6 12
15 8 8
15 33 16
15 35 40
15 39 20
15 43 32
15 45 32
15 46 72
16 2 12
16 7 14
16 9 6
16 34 16
16 36 40
16 38 8
16 44 32
16 46 36
17 2 20
17 8 10
17 10 10
17 35 24
17 37 32
17 40 32
17 41 16
17 44 24
17 45 24
18 2 16
18 9 12
18 10 8
18 36 24
18 37 32
18 39 12
18 42 16
18 43 24
19 3 36
19 4 2
19 7 2
19 32 4
19 38 24
19 47 80
19 48 48
20 3 36
20 6 2
20 9 2
20 38 8
20 39 20
20 48 32
20 49 108
21 3 36
21 8 2
21 10 2
21 39 12
21 40 32
21 47 16
21 48 24
22 4 24
22 8 8
22 33 4
22 41 20
22 47 20
22 50 96
22 51 32
22 52 36
23 4 8
23 5 32
23 9 8
23 34 4
23 38 4
23 42 20
23 51 64
23 53 36
24 4 20
24 6 20
24 10 20
24 35 4
24 41 16
24 43 16
24 48 16
24 52 48
24 53 48
25 4 12
25 7 28
25 10 12
25 36 4
25 42 8
25 44 16
25 47 16
25 52 48
26 4 16
26 8 16
26 9 24
26 37 4
26 43 12
26 44 12
26 48 12
26 50 48
26 51 32
27 5 32
27 6 8
27 10 8
27 39 4
27 42 8
27 45 16
27 53 48
28 5 16
28 8 8
28 40 4
28 45 12
28 51 16
29 6 16
29 9 12
29 43 8
29 46 12
29 49 36
29 53 16
30 6 12
30 7 28
30 8 12
30 44 8
30 45 8
30 46 24
30 48 8
30 52 16
31 11 14
31 54 96
31 55 24
31 56 40
31 57 40
31 58 48
31 59 48
32 11 2
32 12 16
32 55 72
32 60 40
32 61 48
33 11 24
33 13 12
33 15 6
33 54 24
33 56 60
33 60 20
33 62 64
33 63 32
33 64 36
34 11 8
34 14 14
34 16 4
34 55 12
34 57 60
34 63 32
34 65 36
35 11 20
35 15 10
35 17 8
35 56 24
35 58 48
35 61 16
35 64 24
35 65 48
36 11 12
36 16 12
36 18 6
36 57 24
36 59 48
36 60 8
36 64 24
37 11 16
37 17 8
37 18 10
37 58 36
37 59 36
37 61 12
37 62 16
37 63 16
38 12 32
38 13 2
38 16 2
38 19 14
38 20 6
38 55 12
38 60 40
38 66 64
38 67 36
39 12 32
39 15 2
39 18 2
39 20 12
39 21 8
39 60 16
39 61 32
39 67 48
40 12 16
40 17 2
40 21 10
40 61 24
40 66 16
41 13 20
41 17 8
41 22 10
41 24 6
41 56 12
41 62 32
41 66 16
41 68 72
41 69 24
42 13 8
42 14 28
42 18 8
42 23 12
42 25 4
42 27 6
42 57 12
42 60 8
42 63 32
42 69 48
43 13 16
43 15 16
43 18 20
43 24 8
43 26 8
43 29 12
43 58 12
43 62 32
43 64 24
43 67 24
43 69 32
44 13 12
44 16 24
44 17 12
44 25 10
44 26 6
44 30 6
44 59 12
44 63 16
44 64 24
44 66 16
44 68 48
45 14 28
45 15 8
45 17 8
45 27 10
45 28 16
45 30 4
45 61 8
45 63 16
45 65 48
45 69 16
46 15 12
46 16 12
46 29 6
46 30 8
46 64 16
46 65 16
46 67 8
47 19 28
47 21 8
47 22 2
47 25 2
47 60 4
47 66 16
47 70 72
48 19 28
48 20 24
48 21 20
48 24 2
48 26 2
48 30 2
48 61 4
48 66 16
48 67 24
48 70 48
49 20 12
49 29 2
49 67 8
50 22 16
50 26 8
50 62 4
50 68 12
50 70 12
50 71 64
51 22 8
51 23 24
51 26 8
51 28 16
51 63 4
51 66 4
51 69 12
51 71 96
52 22 12
52 24 12
52 25 20
52 30 8
52 64 4
52 68 24
52 69 8
52 70 24
53 23 12
53 24 8
53 27 20
53 29 8
53 65 4
53 67 4
53 69 16
54 31 12
54 72 100
54 73 20
54 74 32
54 75 32
54 76 36
55 31 2
55 32 14
55 73 80
55 77 32
55 78 36
56 31 20
56 33 10
56 35 6
56 72 40
56 74 64
56 77 16
56 79 48
56 80 24
57 31 8
57 34 12
57 36 4
57 73 16
57 75 64
57 80 24
58 31 16
58 35 8
58 37 8
58 74 32
58 76 48
58 78 24
58 80 16
59 31 12
59 36 10
59 37 6
59 75 32
59 76 48
59 77 8
59 79 16
60 32 28
60 33 2
60 36 2
60 38 12
60 39 6
60 73 24
60 77 48
60 81 48
61 32 28
61 35 2
61 37 2
61 39 10
61 40 16
61 77 24
61 78 72
61 81 16
62 33 16
62 37 8
62 41 8
62 43 6
62 74 24
62 79 36
62 81 12
62 82 48
63 33 8
63 34 24
63 37 8
63 42 10
63 44 4
63 45 6
63 75 24
63 77 12
63 80 36
63 82 48
64 33 12
64 35 12
64 36 20
64 43 6
64 44 8
64 46 12
64 76 24
64 79 48
64 80 24
64 81 16
65 34 12
65 35 8
65 45 8
65 46 4
65 78 12
65 80 24
66 38 24
66 40 16
66 41 2
66 44 2
66 47 10
66 48 6
66 77 12
66 81 24
66 83 96
67 38 12
67 39 20
67 43 2
67 46 2
67 48 8
67 49 18
67 78 12
67 81 32
68 41 12
68 44 8
68 50 6
68 52 6
68 79 12
68 82 16
68 83 32
69 41 8
69 42 20
69 43 8
69 45 8
69 51 8
69 52 4
69 53 12
69 80 12
69 81 8
69 82 48
70 47 20
70 48 8
70 50 2
70 52 2
70 81 4
70 83 32
71 50 8
71 51 8
71 82 4
71 83 4
72 54 10
72 84 96
72 85 16
72 86 24
72 87 24
73 54 2
73 55 12
73 85 80
73 88 24
74 54 16
74 56 8
74 58 6
74 84 60
74 86 60
74 88 12
74 89 32
75 54 8
75 57 10
75 59 4
75 85 20
75 87 60
75 89 16
76 54 12
76 58 6
76 59 8
76 86 40
76 87 40
76 88 8
77 55 24
77 56 2
77 59 2
77 60 10
77 61 6
77 85 40
77 88 48
77 90 48
78 55 12
78 58 2
78 61 8
78 88 32
79 56 12
79 59 8
79 62 6
79 64 6
79 86 40
79 89 32
79 90 24
80 56 8
80 57 20
80 58 8
80 63 8
80 64 4
80 65 12
80 87 40
80 88 16
80 89 64
81 60 20
81 61 8
81 62 2
81 64 2
81 66 8
81 67 12
81 88 24
81 90 72
82 62 8
82 63 8
82 68 4
82 69 6
82 89 24
82 90 12
83 66 8
83 68 2
83 70 6
83 90 12
84 72 8
84 91 84
84 92 12
84 93 16
85 72 2
85 73 10
85 92 72
85 94 16
86 72 12
86 74 6
86 76 6
86 91 84
86 93 48
86 94 16
87 72 8
87 75 8
87 76 4
87 92 24
87 93 48
88 73 20
88 74 2
88 76 2
88 77 8
88 78 12
88 92 60
88 94 80
89 74 8
89 75 8
89 79 4
89 80 6
89 93 60
89 94 20
90 77 8
90 79 2
90 81 6
90 94 40
91 84 6
91 95 64
91 96 8
92 84 2
92 85 8
92 96 56
93 84 8
93 86 4
93 87 6
93 95 112
93 96 28
94 85 8
94 86 2
94 88 6
94 96 84
95 91 4
95 97 36
96 91 2
96 92 6
96 97 144
98 110 28
98 120 4
98 124 40
98 134 48
98 139 4
98 142 4
98 144 48
98 148 4
98 150 4
98 151 24
98 152 40
98 154 4
99 110 4
99 111 24
99 120 4
99 121 -4
99 124 8
99 125 32
99 131 12
99 134 6
99 135 36
99 139 4
99 140 2
99 142 2
99 143 42
99 144 8
99 145 32
99 148 8
99 149 2
99 150 8
99 151 12
99 152 10
99 153 20
99 154 8
99 155 2
100 110 4
100 112 24
100 120 4
100 121 4
100 124 8
100 126 32
100 131 4
100 134 6
100 136 36
100 139 4
100 140 2
100 142 10
100 143 42
100 144 8
100 146 32
100 148 8
100 149 2
100 150 8
100 151 12
100 152 10
100 153 20
100 154 8
100 155 2
101 111 8
101 113 20
101 120 4
101 122 -4
101 125 8
101 127 24
101 131 8
101 134 6
101 135 6
101 137 24
101 139 14
101 141 2
101 145 8
101 146 16
101 148 6
101 149 2
101 150 4
101 151 12
101 153 10
101 154 10
102 111 4
102 112 4
102 114 20
102 121 8
102 122 -4
102 124 8
102 125 8
102 126 8
102 128 24
102 132 8
102 135 6
102 136 6
102 138 24
102 139 4
102 140 8
102 142 8
102 145 8
102 146 8
102 147 48
102 149 12
102 150 4
102 151 24
102 153 20
102 154 4
102 155 12
103 112 8
103 115 20
103 120 4
103 122 4
103 126 8
103 129 24
103 131 8
103 134 6
103 136 6
103 137 24
103 139 6
103 141 2
103 145 16
103 146 8
103 148 6
103 149 2
103 150 12
103 151 12
103 153 10
103 154 10
104 113 12
104 116 16
104 120 4
104 123 -4
104 125 8
104 127 8
104 129 16
104 131 8
104 135 6
104 136 12
104 137 6
104 139 12
104 140 -2
104 141 -2
104 142 4
104 144 8
104 146 8
104 148 18
104 149 -4
104 150 4
104 152 10
104 154 4
104 155 -2
105 113 4
105 114 8
105 117 16
105 121 4
105 122 4
105 123 -4
105 125 8
105 127 8
105 128 8
105 130 16
105 132 8
105 133 -4
105 134 6
105 136 6
105 137 6
105 138 18
105 140 12
105 141 4
105 146 8
105 147 24
105 148 2
105 149 8
105 150 4
105 152 10
105 153 10
105 154 -2
105 155 2
106 114 8
106 115 4
106 118 16
106 121 4
106 122 4
106 123 -4
106 126 8
106 128 8
106 129 8
106 130 16
106 132 8
106 133 4
106 134 6
106 135 6
106 137 6
106 138 18
106 140 4
106 141 4
106 145 8
106 147 24
106 148 2
106 149 8
106 150 4
106 152 10
106 153 10
106 154 -2
106 155 10
107 115 12
107 116 16
107 120 4
107 123 4
107 126 8
107 127 16
107 129 8
107 131 8
107 135 12
107 136 6
107 137 6
107 139 12
107 140 -2
107 141 -2
107 142 4
107 144 8
107 145 8
107 148 10
107 149 -4
107 150 4
107 152 10
107 154 12
107 155 -2
108 116 4
108 117 12
108 118 12
108 121 4
108 123 8
108 127 8
108 128 16
108 129 8
108 130 8
108 132 8
108 135 6
108 136 6
108 138 12
108 140 12
108 141 -8
108 142 4
108 144 16
108 145 8
108 146 8
108 149 4
108 150 -4
108 154 4
109 117 8
109 118 8
109 119 36
109 122 8
109 123 4
109 128 8
109 130 24
109 133 16
109 135 6
109 136 6
109 137 12
109 138 12
109 141 12
109 142 -8
109 145 8
109 146 8
109 150 -4
109 155 -4
110 98 10
110 99 -2
110 100 -2
110 101 2
110 103 2
110 156 48
110 163 4
110 166 32
110 174 36
110 178 4
110 180 4
110 182 32
110 184 4
110 186 4
110 187 20
111 98 2
111 99 8
111 102 -2
111 103 2
111 104 2
111 106 2
111 156 8
111 157 40
111 163 4
111 164 -4
111 166 8
111 167 24
111 171 12
111 174 6
111 175 24
111 178 4
111 179 2
111 180 2
111 181 36
111 182 8
111 183 16
111 184 8
111 185 2
111 186 8
111 187 10
112 98 2
112 100 8
112 101 2
112 102 -2
112 105 2
112 107 2
112 156 8
112 158 40
112 163 4
112 164 4
112 166 8
112 168 24
112 171 4
112 174 6
112 176 24
112 178 4
112 179 2
112 180 10
112 181 36
112 182 8
112 183 16
112 184 8
112 185 2
112 186 8
112 187 10
113 99 2
113 101 6
113 104 2
113 105 -2
113 106 2
113 107 2
113 109 2
113 157 16
113 159 32
113 163 4
113 165 -4
113 167 8
113 169 16
113 171 8
113 174 6
113 175 6
113 176 12
113 178 14
113 183 8
113 184 6
113 186 4
113 187 10
114 99 2
114 100 2
114 102 6
114 104 2
114 107 2
114 108 4
114 157 8
114 158 8
114 160 32
114 164 8
114 165 -4
114 166 8
114 167 8
114 168 8
114 170 16
114 172 8
114 175 6
114 176 6
114 177 36
114 178 4
114 179 8
114 180 8
114 183 16
114 185 12
114 186 4
114 187 20
115 100 2
115 103 6
115 104 2
115 105 2
115 106 -2
115 107 2
115 109 2
115 158 16
115 161 32
115 163 4
115 165 4
115 168 8
115 169 16
115 171 8
115 174 6
115 175 12
115 176 6
115 178 6
115 183 8
115 184 6
115 186 12
115 187 10
116 101 2
116 103 2
116 104 4
116 107 4
116 108 -2
116 109 4
116 159 24
116 161 24
116 163 4
116 167 8
116 168 8
116 169 8
116 171 8
116 175 6
116 176 6
116 178 12
116 179 -4
116 180 4
116 182 16
116 184 12
116 185 -4
117 101 2
117 102 2
117 105 4
117 106 2
117 107 2
117 108 4
117 109 2
117 159 8
117 160 16
117 162 24
117 164 4
117 165 4
117 167 8
117 169 8
117 170 16
117 172 8
117 173 -4
117 174 6
117 176 12
117 177 18
117 179 12
117 182 8
117 183 8
117 184 2
117 185 -2
118 102 2
118 103 2
118 104 2
118 105 2
118 106 4
118 108 4
118 109 2
118 160 16
118 161 8
118 162 24
118 164 4
118 165 4
118 168 8
118 169 8
118 170 16
118 172 8
118 173 4
118 174 6
118 175 12
118 177 18
118 179 4
118 182 8
118 183 8
118 184 2
118 185 6
119 105 2
119 106 2
119 109 2
119 162 16
119 165 4
119 170 8
119 173 8
119 175 6
119 176 6
119 180 -4
120 98 2
120 101 2
120 103 2
120 104 2
120 107 2
120 163 28
120 188 40
120 192 48
120 195 24
120 196 48
120 199 40
121 98 4
121 99 -4
121 100 4
121 101 -2
121 102 4
121 103 -2
121 105 2
121 106 2
121 108 2
121 163 4
121 164 24
121 188 16
121 189 32
121 191 4
121 192 12
121 193 36
121 195 24
121 196 16
121 197 32
121 199 20
122 99 2
122 100 2
122 101 -4
122 102 -2
122 103 4
122 104 -2
122 105 2
122 106 2
122 107 -2
122 109 4
122 164 8
122 165 20
122 189 16
122 190 24
122 192 12
122 193 12
122 194 4
122 195 -24
123 101 2
123 103 2
123 104 -6
123 105 -2
123 106 -2
123 107 2
123 108 4
123 109 2
123 165 12
123 189 8
123 196 16
123 197 -16
123 198 4
123 199 -20
124 98 20
124 104 2
124 107 2
124 156 4
124 166 20
124 188 4
124 200 48
124 206 24
124 208 4
124 210 4
124 212 16
124 213 4
125 98 2
125 99 16
125 104 4
125 107 4
125 108 2
125 157 4
125 166 4
125 167 16
125 188 4
125 189 -4
125 200 16
125 201 32
125 204 12
125 206 6
125 207 12
125 208 4
125 209 2
125 210 2
125 211 30
125 212 8
125 213 8
126 98 2
126 100 16
126 104 4
126 107 4
126 108 2
126 158 4
126 166 4
126 168 16
126 188 4
126 189 4
126 200 16
126 202 32
126 204 4
126 206 6
126 207 12
126 208 4
126 209 2
126 210 10
126 211 30
126 212 8
126 213 8
127 99 2
127 101 12
127 103 2
127 107 8
127 108 2
127 109 2
127 159 4
127 167 8
127 169 12
127 188 4
127 190 -4
127 201 16
127 202 16
127 204 8
127 206 6
127 207 6
127 208 14
127 209 -2
127 212 8
128 99 2
128 100 2
128 102 12
128 104 2
128 105 2
128 106 2
128 107 2
128 108 8
128 160 4
128 167 4
128 168 4
128 170 12
128 189 8
128 190 -4
128 200 16
128 201 16
128 202 16
128 203 48
128 205 8
128 207 12
128 208 4
128 209 8
128 210 8
128 212 16
129 100 2
129 101 2
129 103 12
129 104 8
129 108 2
129 109 2
129 161 4
129 168 8
129 169 12
129 188 4
129 190 4
129 201 16
129 202 16
129 204 8
129 206 6
129 207 6
129 208 6
129 209 -2
129 212 8
129 213 8
130 101 2
130 102 4
130 103 2
130 105 10
130 106 10
130 109 4
130 162 4
130 169 4
130 170 16
130 189 4
130 190 8
130 201 16
130 202 16
130 203 48
130 205 8
130 206 12
130 207 12
130 209 4
130 210 -4
130 213 4
131 98 4
131 99 10
131 100 2
131 101 6
131 102 -4
131 103 6
131 104 8
131 107 8
131 163 4
131 171 24
131 191 -4
131 204 32
131 214 36
131 217 20
131 218 32
132 98 4
132 99 4
132 100 4
132 101 -2
132 102 8
132 103 -2
132 104 -2
132 105 6
132 106 6
132 107 -2
132 108 8
132 164 4
132 171 4
132 172 20
132 204 16
132 205 24
132 214 12
132 215 24
132 217 20
132 218 16
133 99 2
133 100 2
133 101 2
133 102 4
133 103 2
133 104 -4
133 105 -4
133 106 4
133 107 -4
133 108 -4
133 109 16
133 165 4
133 172 8
133 173 16
133 205 16
133 214 12
133 216 4
133 217 -20
134 98 16
134 104 2
134 107 2
134 166 8
134 174 16
134 192 4
134 206 16
134 219 24
134 220 4
134 221 4
135 98 2
135 99 12
135 103 2
135 104 2
135 105 2
135 107 4
135 167 8
135 174 4
135 175 12
135 192 4
135 193 -4
135 206 8
135 207 8
135 214 12
135 219 12
135 220 4
135 221 2
135 222 24
136 98 2
136 100 12
136 101 2
136 104 4
136 106 2
136 107 2
136 168 8
136 174 4
136 176 12
136 192 4
136 193 4
136 206 8
136 207 8
136 214 4
136 219 12
136 220 4
136 221 10
136 222 24
137 99 2
137 100 2
137 101 8
137 103 8
137 105 2
137 106 2
137 169 8
137 175 8
137 176 8
137 192 4
137 207 8
137 214 8
137 219 24
137 220 8
137 221 -4
138 99 2
138 100 2
138 101 2
138 102 12
138 103 2
138 105 4
138 106 4
138 170 8
138 175 4
138 176 4
138 177 24
138 193 8
138 206 8
138 207 16
138 215 8
138 219 24
138 220 4
138 221 4
139 98 4
139 99 6
139 100 6
139 101 14
139 103 6
139 104 10
139 105 -4
139 106 -4
139 107 10
139 171 8
139 178 20
139 188 8
139 194 -4
139 208 24
139 220 24
139 223 16
140 98 4
140 99 4
140 100 4
140 101 2
140 102 12
140 103 2
140 104 -4
140 105 10
140 106 2
140 107 -4
140 108 8
140 109 -4
140 172 8
140 178 4
140 179 16
140 189 8
140 208 16
140 209 16
140 216 -4
140 220 12
140 223 16
141 99 2
141 100 2
141 102 4
141 104 -2
141 105 6
141 106 6
141 107 -2
141 108 -12
141 109 8
141 173 8
141 179 8
141 190 8
141 209 8
141 220 12
141 223 -16
142 99 -4
142 100 4
142 180 24
142 191 4
142 195 24
142 210 40
142 217 40
142 221 48
142 223 48
143 181 24
143 211 40
143 222 48
144 98 12
144 101 2
144 103 2
144 174 12
144 182 12
144 196 4
144 200 16
144 212 8
144 223 4
145 98 2
145 99 8
145 100 2
145 101 2
145 102 2
145 103 4
145 175 12
145 182 4
145 183 8
145 196 4
145 197 -4
145 201 16
145 212 8
145 218 12
145 222 18
145 223 -2
146 98 2
146 99 2
146 100 8
146 101 4
146 102 2
146 103 2
146 176 12
146 182 4
146 183 8
146 196 4
146 197 4
146 202 16
146 212 8
146 218 4
146 222 18
146 223 6
147 99 2
147 100 2
147 102 4
147 177 12
147 183 4
147 197 4
147 203 16
147 212 8
147 223 4
148 98 4
148 99 6
148 100 6
148 101 10
148 103 10
148 104 16
148 107 8
148 108 -8
148 109 -4
148 178 12
148 184 16
148 192 12
148 198 -4
148 204 16
148 213 16
148 221 12
149 98 4
149 99 4
149 100 4
149 102 12
149 105 8
149 106 8
149 108 4
149 109 -12
149 179 12
149 184 4
149 185 12
149 193 12
149 205 16
149 213 16
149 221 12
150 98 4
150 99 4
150 100 4
150 101 4
150 102 -8
150 103 12
150 104 8
150 105 -4
150 106 -4
150 107 8
150 108 -4
150 180 8
150 186 20
150 194 4
150 199 20
150 213 32
150 218 32
150 220 36
151 98 8
151 181 12
151 187 20
151 195 4
151 212 32
151 219 36
152 98 8
152 99 2
152 100 2
152 182 16
152 187 8
152 199 4
152 206 24
153 98 4
153 99 6
153 100 6
153 183 16
153 187 8
153 199 4
153 207 24
153 211 24
153 217 8
154 98 4
154 99 6
154 100 6
154 101 8
154 103 8
154 104 8
154 105 -4
154 106 -4
154 107 16
154 109 -8
154 184 16
154 186 12
154 196 16
154 198 4
154 208 24
154 210 8
154 214 24
155 98 4
155 99 2
155 100 2
155 102 8
155 104 4
155 105 -4
155 106 4
155 107 4
155 108 4
155 109 -8
155 185 16
155 186 4
155 197 16
155 209 24
155 210 16
155 215 24
155 216 4
156 110 8
156 111 -2
156 112 -2
156 113 2
156 115 2
156 224 60
156 229 4
156 232 24
156 238 24
156 240 4
156 242 4
156 244 16
156 245 4
157 110 2
157 111 6
157 114 -2
157 115 2
157 116 2
157 118 2
157 224 12
157 225 48
157 229 4
157 230 -4
157 232 8
157 233 16
157 236 12
157 238 6
157 239 12
157 240 4
157 241 2
157 242 2
157 243 30
157 244 8
157 245 8
158 110 2
158 112 6
158 113 2
158 114 -2
158 116 2
158 117 2
158 224 12
158 226 48
158 229 4
158 230 4
158 232 8
158 234 16
158 236 4
158 238 6
158 239 12
158 240 4
158 241 2
158 242 10
158 243 30
158 244 8
158 245 8
159 111 2
159 113 4
159 115 2
159 116 2
159 117 -2
159 118 2
159 119 6
159 225 24
159 227 36
159 229 4
159 231 -4
159 233 8
159 234 8
159 236 8
159 238 6
159 239 6
159 240 14
159 241 -2
159 244 8
160 111 2
160 112 2
160 114 4
160 116 4
160 117 2
160 118 2
160 225 12
160 226 12
160 228 36
160 230 8
160 231 -4
160 232 8
160 233 8
160 234 8
160 235 24
160 237 8
160 239 12
160 240 4
160 241 8
160 242 8
160 244 16
161 112 2
161 113 2
161 115 4
161 116 2
161 117 2
161 118 -2
161 119 6
161 226 24
161 227 36
161 229 4
161 231 4
161 233 8
161 234 8
161 236 8
161 238 6
161 239 6
161 240 6
161 241 -2
161 244 8
161 245 8
162 113 2
162 114 4
162 115 2
162 117 4
162 118 4
162 227 12
162 228 48
162 230 4
162 231 8
162 233 8
162 234 8
162 235 24
162 237 8
162 238 12
162 239 12
162 241 4
162 242 -4
162 245 4
163 110 2
163 113 2
163 115 2
163 116 2
163 120 10
163 121 -2
163 122 4
163 229 48
163 246 32
163 249 36
163 252 20
163 253 32
164 110 4
164 111 -4
164 112 4
164 113 -2
164 114 4
164 115 -2
164 117 2
164 118 2
164 120 4
164 121 8
164 123 4
164 229 8
164 230 40
164 246 16
164 247 24
164 248 4
164 249 12
164 250 24
164 252 20
164 253 16
165 111 2
165 112 2
165 113 -4
165 114 -2
165 115 4
165 116 -4
165 117 2
165 118 2
165 119 6
165 121 4
165 122 6
165 123 -2
165 230 16
165 231 32
165 247 16
165 249 12
165 251 4
165 252 -20
166 110 16
166 116 4
166 124 6
166 125 -2
166 126 -2
166 127 2
166 129 2
166 134 6
166 224 12
166 232 32
166 246 4
166 254 32
166 258 12
166 259 4
166 260 4
167 110 2
167 111 12
167 115 2
167 116 6
167 117 2
167 124 2
167 125 4
167 128 -2
167 129 4
167 130 2
167 135 6
167 225 12
167 232 8
167 233 24
167 246 4
167 247 -4
167 254 16
167 255 16
167 256 12
167 258 6
167 259 4
167 260 2
167 261 24
168 110 2
168 112 12
168 113 2
168 116 6
168 118 2
168 124 2
168 126 4
168 127 4
168 128 -2
168 130 2
168 136 6
168 226 12
168 232 8
168 234 24
168 246 4
168 247 4
168 254 16
168 255 16
168 256 4
168 258 6
168 259 4
168 260 10
168 261 24
169 111 2
169 112 2
169 113 8
169 115 8
169 117 2
169 118 2
169 125 2
169 126 2
169 127 2
169 129 2
169 130 2
169 137 6
169 227 12
169 233 16
169 234 16
169 246 4
169 255 16
169 256 8
169 258 12
169 259 8
169 260 -4
170 111 2
170 112 2
170 113 2
170 114 12
170 115 2
170 117 4
170 118 4
170 125 2
170 126 2
170 127 2
170 128 6
170 129 2
170 138 6
170 228 12
170 233 8
170 234 8
170 235 48
170 247 8
170 254 16
170 255 32
170 257 8
170 258 12
170 259 4
170 260 4
171 110 4
171 111 10
171 112 2
171 113 6
171 114 -4
171 115 6
171 116 8
171 131 8
171 132 -2
171 133 4
171 139 4
171 229 8
171 236 40
171 248 -4
171 256 24
171 262 24
171 264 16
172 110 4
172 111 4
172 112 4
172 113 -2
172 114 8
172 115 -2
172 116 -4
172 117 6
172 118 6
172 131 4
172 132 6
172 140 4
172 230 8
172 236 8
172 237 32
172 256 16
172 257 16
172 262 12
172 264 16
173 111 2
173 112 2
173 114 4
173 116 -4
173 117 -6
173 118 2
173 119 24
173 132 4
173 141 4
173 231 8
173 237 16
173 257 8
173 262 12
173 263 4
173 264 -16
174 110 12
174 113 2
174 115 2
174 134 4
174 135 -2
174 136 -2
174 137 4
174 144 8
174 232 16
174 238 24
174 249 4
174 258 8
174 266 4
175 110 2
175 111 8
175 112 2
175 113 2
175 114 2
175 115 4
175 134 2
175 135 2
175 136 2
175 137 2
175 145 8
175 233 16
175 238 8
175 239 16
175 249 4
175 250 -4
175 258 8
175 262 12
175 265 36
175 266 -2
176 110 2
176 111 2
176 112 8
176 113 4
176 114 2
176 115 2
176 134 2
176 135 2
176 136 2
176 137 2
176 146 8
176 234 16
176 238 8
176 239 16
176 249 4
176 250 4
176 258 8
176 262 4
176 265 36
176 266 6
177 111 2
177 112 2
177 114 4
177 135 2
177 136 2
177 147 8
177 235 16
177 239 8
177 250 4
177 258 8
177 266 4
178 110 4
178 111 6
178 112 6
178 113 14
178 115 6
178 116 8
178 117 -4
178 118 -4
178 139 6
178 140 -2
178 141 4
178 148 6
178 236 16
178 240 32
178 246 8
178 251 -4
178 259 16
178 266 12
179 110 4
179 111 4
179 112 4
179 114 12
179 116 -4
179 117 8
179 119 -12
179 139 4
179 140 4
179 141 -4
179 149 6
179 237 16
179 240 8
179 241 24
179 247 8
179 259 16
179 263 -4
179 266 12
180 111 -4
180 112 4
180 142 12
180 150 -4
180 242 40
180 248 4
180 252 20
180 260 32
180 264 32
180 266 36
181 143 14
181 151 -2
181 243 40
181 261 32
181 265 36
182 110 8
182 111 2
182 112 2
182 144 2
182 152 10
182 238 24
182 244 16
182 253 4
182 254 16
183 110 4
183 111 6
183 112 6
183 144 4
183 145 2
183 146 2
183 147 -6
183 153 10
183 239 24
183 244 16
183 253 4
183 255 16
183 261 24
183 264 8
184 110 4
184 111 6
184 112 6
184 113 8
184 115 8
184 116 12
184 117 -4
184 118 -4
184 119 -12
184 148 4
184 149 -2
184 154 8
184 240 24
184 245 24
184 249 12
184 256 16
184 260 8
185 110 4
185 111 2
185 112 2
185 114 8
185 116 4
185 117 -4
185 118 4
185 119 -12
185 148 4
185 149 -2
185 155 8
185 241 24
185 245 8
185 250 12
185 257 16
185 260 16
185 263 4
186 110 4
186 111 4
186 112 4
186 113 4
186 114 -8
186 115 12
186 116 8
186 117 -4
186 118 -4
186 150 10
186 154 2
186 155 -6
186 242 16
186 245 32
186 251 4
186 253 16
186 259 24
186 262 24
187 110 8
187 151 12
187 152 4
187 153 -4
187 243 24
187 244 32
187 252 4
187 258 24
188 120 20
188 123 4
188 124 2
188 127 2
188 129 2
188 139 2
188 229 4
188 246 20
188 267 48
188 270 24
188 272 16
189 120 4
189 121 16
189 124 4
189 125 -4
189 126 4
189 127 -2
189 128 4
189 129 -2
189 130 2
189 140 2
189 230 4
189 246 4
189 247 16
189 267 32
189 268 32
189 269 4
189 270 12
189 272 16
190 121 4
190 122 8
190 123 -8
190 125 2
190 126 2
190 127 -6
190 128 -2
190 129 2
190 130 4
190 141 2
190 231 4
190 247 8
190 268 16
190 270 12
190 271 4
190 272 -16
191 121 4
191 131 -4
191 142 4
191 248 24
191 269 40
191 273 48
191 274 48
192 120 16
192 123 -4
192 134 2
192 137 2
192 148 2
192 246 8
192 249 16
192 270 16
192 275 24
193 120 4
193 121 12
193 122 -4
193 123 -4
193 134 4
193 135 -4
193 136 4
193 137 -4
193 138 4
193 149 2
193 247 8
193 249 4
193 250 12
193 270 16
193 273 4
193 275 24
194 122 4
194 139 -4
194 150 4
194 248 8
194 251 20
194 271 32
194 274 -32
195 142 2
195 151 -2
195 252 20
195 272 32
195 275 36
196 120 12
196 122 -4
196 144 2
196 154 2
196 249 12
196 253 12
196 267 16
196 272 8
197 120 4
197 121 4
197 122 -4
197 144 4
197 145 -6
197 146 2
197 147 6
197 155 2
197 250 12
197 253 4
197 268 16
197 272 16
197 274 4
198 123 4
198 148 -4
198 154 4
198 251 12
198 269 16
198 271 -24
198 273 -24
199 120 8
199 121 -4
199 150 2
199 152 2
199 153 -2
199 252 8
199 253 16
199 270 24
200 124 12
200 127 2
200 129 2
200 144 8
200 232 4
200 254 12
200 267 4
200 276 24
200 279 4
201 124 2
201 125 8
201 126 2
201 127 2
201 128 2
201 129 4
201 145 8
201 233 4
201 254 4
201 255 8
201 267 4
201 268 -4
201 276 24
201 277 12
201 278 18
201 279 -2
202 124 2
202 125 2
202 126 8
202 127 4
202 128 2
202 129 2
202 146 8
202 234 4
202 254 4
202 255 8
202 267 4
202 268 4
202 276 24
202 277 4
202 278 18
202 279 6
203 125 2
203 126 2
203 128 4
203 147 8
203 235 4
203 255 4
203 268 4
203 276 24
203 279 4
204 124 4
204 125 10
204 126 2
204 127 6
204 128 -4
204 129 6
204 131 16
204 148 8
204 236 4
204 246 4
204 256 16
204 269 -4
204 277 32
204 280 12
205 124 4
205 125 4
205 126 4
205 127 -4
205 128 8
205 129 -4
205 130 4
205 131 4
205 132 12
205 133 -4
205 149 8
205 237 4
205 247 4
205 256 4
205 257 12
205 277 32
205 280 12
206 124 8
206 125 2
206 126 2
206 134 8
206 135 2
206 136 2
206 152 20
206 238 4
206 254 16
206 258 8
206 270 4
207 124 4
207 125 6
207 126 6
207 134 4
207 135 6
207 136 6
207 153 20
207 239 4
207 255 16
207 258 8
207 270 4
207 278 48
207 280 8
208 124 4
208 125 6
208 126 6
208 127 12
208 129 4
208 130 -8
208 139 12
208 141 -4
208 154 12
208 240 4
208 256 8
208 259 12
208 267 16
208 271 -4
208 279 16
209 124 4
209 125 2
209 126 2
209 128 8
209 130 -4
209 139 4
209 140 4
209 141 -4
209 155 12
209 241 4
209 257 8
209 259 4
209 268 16
209 279 32
210 125 -4
210 126 4
210 142 20
210 242 4
210 260 16
210 269 4
210 272 16
210 279 48
210 280 24
211 143 28
211 243 4
211 261 16
211 278 48
212 124 8
212 144 8
212 151 24
212 244 4
212 258 12
212 261 12
212 272 4
212 276 48
213 124 4
213 125 4
213 126 4
213 127 4
213 128 -8
213 129 12
213 130 -4
213 148 8
213 149 -4
213 150 16
213 245 4
213 259 12
213 260 8
213 270 12
213 271 4
213 277 32
214 131 12
214 133 -4
214 134 4
214 135 10
214 136 2
214 137 4
214 138 -4
214 154 8
214 249 4
214 256 8
214 262 12
214 273 -4
214 280 8
215 131 4
215 132 4
215 133 -4
215 134 4
215 135 2
215 136 2
215 137 -4
215 138 4
215 155 8
215 250 4
215 257 8
215 262 4
215 280 16
216 133 4
216 140 -4
216 155 4
216 251 4
216 263 16
216 269 -8
216 274 16
217 142 8
217 252 4
217 264 16
217 280 24
218 131 8
218 132 -4
218 144 4
218 145 8
218 147 -12
218 150 8
218 253 4
218 262 12
218 264 8
218 274 -4
218 277 16
219 134 8
219 151 12
219 258 8
219 265 12
219 275 4
220 134 4
220 135 4
220 136 4
220 137 8
220 138 -8
220 139 8
220 140 -4
220 150 12
220 259 8
220 262 8
220 266 8
220 270 8
221 135 -4
221 136 4
221 142 16
221 260 8
221 266 12
221 273 4
221 275 24
221 280 16
222 143 28
222 261 8
222 265 24
222 278 16
223 142 12
223 145 -4
223 146 4
223 264 8
223 266 12
223 272 8
223 274 4
223 279 16
224 156 6
224 157 -2
224 158 -2
224 159 2
224 161 2
224 281 64
224 285 4
224 287 16
224 291 12
224 292 4
224 293 4
225 156 2
225 157 4
225 160 -2
225 161 4
225 162 2
225 281 16
225 282 48
225 285 4
225 286 -4
225 287 8
225 288 8
225 289 12
225 291 6
225 292 4
225 293 2
225 294 24
226 156 2
226 158 4
226 159 4
226 160 -2
226 162 2
226 281 16
226 283 48
226 285 4
226 286 4
226 287 8
226 288 8
226 289 4
226 291 6
226 292 4
226 293 10
226 294 24
227 157 2
227 158 2
227 159 2
227 161 2
227 162 2
227 282 32
227 283 32
227 285 4
227 288 8
227 289 8
227 291 12
227 292 8
227 293 -4
228 157 2
228 158 2
228 159 2
228 160 6
228 161 2
228 282 16
228 283 16
228 284 96
228 286 8
228 287 8
228 288 16
228 290 8
228 291 12
228 292 4
228 293 4
229 156 2
229 159 2
229 161 2
229 163 8
229 164 -2
229 165 4
229 285 60
229 295 24
229 298 24
229 300 16
230 156 4
230 157 -4
230 158 4
230 159 -2
230 160 4
230 161 -2
230 162 2
230 163 4
230 164 6
230 285 12
230 286 48
230 295 16
230 296 16
230 297 4
230 298 12
230 300 16
231 157 2
231 158 2
231 159 -6
231 160 -2
231 161 2
231 162 4
231 164 4
231 286 24
231 296 8
231 298 12
231 299 4
231 300 -16
232 156 12
232 159 2
232 161 2
232 166 4
232 167 -2
232 168 -2
232 169 4
232 174 6
232 281 24
232 287 36
232 295 4
232 301 16
232 304 4
233 156 2
233 157 8
233 158 2
233 159 2
233 160 2
233 161 4
233 166 2
233 167 2
233 168 2
233 169 2
233 175 6
233 282 24
233 287 12
233 288 24
233 295 4
233 296 -4
233 301 16
233 302 12
233 303 18
233 304 -2
234 156 2
234 157 2
234 158 8
234 159 4
234 160 2
234 161 2
234 166 2
234 167 2
234 168 2
234 169 2
234 176 6
234 283 24
234 287 12
234 288 24
234 295 4
234 296 4
234 301 16
234 302 4
234 303 18
234 304 6
235 157 2
235 158 2
235 160 4
235 167 2
235 168 2
235 177 6
235 284 24
235 288 12
235 296 4
235 301 16
235 304 4
236 156 4
236 157 10
236 158 2
236 159 6
236 160 -4
236 161 6
236 171 6
236 172 -2
236 173 4
236 178 4
236 285 12
236 289 48
236 297 -4
236 302 16
236 305 12
237 156 4
237 157 4
237 158 4
237 159 -4
237 160 8
237 161 -4
237 162 4
237 171 4
237 172 4
237 173 -4
237 179 4
237 286 12
237 289 12
237 290 36
237 302 16
237 305 12
238 156 8
238 157 2
238 158 2
238 174 2
238 182 8
238 287 24
238 291 24
238 298 4
239 156 4
239 157 6
239 158 6
239 174 4
239 175 2
239 176 2
239 177 -6
239 183 8
239 288 24
239 291 24
239 298 4
239 303 24
239 305 8
240 156 4
240 157 6
240 158 6
240 159 12
240 161 4
240 162 -8
240 178 4
240 179 -2
240 184 6
240 289 24
240 292 36
240 295 8
240 299 -4
240 304 8
241 156 4
241 157 2
241 158 2
241 160 8
241 162 -4
241 178 4
241 179 -2
241 185 6
241 290 24
241 292 12
241 296 8
241 304 16
242 157 -4
242 158 4
242 180 10
242 186 -4
242 293 48
242 297 4
242 300 16
242 304 24
242 305 24
243 181 12
243 187 -2
243 294 48
243 303 24
244 156 8
244 182 4
244 183 -4
244 187 10
244 291 36
244 294 36
244 300 4
244 301 16
245 156 4
245 157 4
245 158 4
245 159 4
245 160 -8
245 161 12
245 162 -4
245 184 2
245 185 -6
245 186 8
245 292 36
245 293 24
245 298 12
245 299 4
245 302 16
246 163 16
246 166 2
246 169 2
246 178 2
246 188 6
246 189 -2
246 190 4
246 192 6
246 285 12
246 295 32
246 306 32
246 308 12
247 163 4
247 164 12
247 165 -4
247 166 4
247 167 -4
247 168 4
247 169 -4
247 170 4
247 179 2
247 188 4
247 189 4
247 190 -4
247 193 6
247 286 12
247 295 8
247 296 24
247 306 32
247 307 4
247 308 12
248 164 4
248 171 -4
248 180 4
248 191 12
248 194 4
248 297 40
248 307 32
248 309 36
249 163 12
249 165 -4
249 174 2
249 184 2
249 192 4
249 193 -2
249 196 8
249 295 16
249 298 24
249 308 8
250 163 4
250 164 4
250 165 -4
250 174 4
250 175 -6
250 176 2
250 177 6
250 185 2
250 192 4
250 193 -2
250 197 8
250 296 16
250 298 8
250 308 16
250 309 4
251 165 4
251 178 -4
251 186 4
251 194 10
251 198 6
251 297 16
251 299 32
251 309 -24
252 180 2
252 187 -2
252 195 12
252 199 -4
252 300 32
252 308 24
253 163 8
253 164 -4
253 182 2
253 183 -2
253 186 2
253 196 2
253 197 -6
253 199 10
253 298 24
253 300 16
253 306 16
254 166 8
254 167 2
254 168 2
254 182 8
254 200 2
254 206 6
254 287 12
254 301 16
254 306 4
255 166 4
255 167 6
255 168 6
255 183 8
255 200 4
255 201 2
255 202 2
255 203 -6
255 207 6
255 288 12
255 301 16
255 306 4
255 310 72
255 311 8
256 166 4
256 167 10
256 168 2
256 169 4
256 170 -4
256 171 12
256 173 -4
256 184 8
256 204 4
256 205 -2
256 208 4
256 214 6
256 289 12
256 295 8
256 302 24
256 307 -4
256 311 16
257 166 4
257 167 2
257 168 2
257 169 -4
257 170 4
257 171 4
257 172 4
257 173 -4
257 185 8
257 204 4
257 205 -2
257 209 4
257 215 6
257 290 12
257 296 8
257 302 8
257 311 32
258 166 8
258 174 8
258 187 20
258 206 4
258 207 -4
258 212 8
258 219 12
258 291 12
258 301 32
258 303 24
258 308 4
259 166 4
259 167 4
259 168 4
259 169 8
259 170 -8
259 178 8
259 179 -4
259 186 12
259 208 2
259 209 -6
259 213 6
259 220 6
259 292 12
259 302 16
259 304 16
259 306 16
260 167 -4
260 168 4
260 180 16
260 210 8
260 213 -4
260 221 6
260 293 12
260 304 24
260 307 4
260 308 12
260 311 32
261 181 24
261 211 10
261 212 -2
261 222 6
261 294 12
261 303 24
261 310 48
262 171 8
262 172 -4
262 174 4
262 175 8
262 177 -12
262 186 8
262 214 2
262 215 -6
262 218 8
262 220 4
262 298 8
262 302 16
262 305 16
262 309 -4
263 173 4
263 179 -4
263 185 4
263 216 8
263 299 8
263 307 -8
263 309 12
264 180 8
264 217 10
264 218 -4
264 223 4
264 300 8
264 305 24
264 311 16
265 181 12
265 219 -2
265 222 8
265 303 16
266 175 -4
266 176 4
266 180 12
266 220 -4
266 221 6
266 223 8
266 304 16
266 305 16
266 308 8
266 309 4
267 188 12
267 190 -4
267 196 8
267 200 2
267 208 2
267 295 4
267 306 12
267 312 24
268 188 4
268 189 4
268 190 -4
268 197 8
268 200 4
268 201 -6
268 202 2
268 203 6
268 209 2
268 296 4
268 306 4
268 312 48
268 313 4
269 189 4
269 191 20
269 198 8
269 204 -4
269 210 4
269 216 -2
269 297 4
269 307 16
269 313 48
270 188 8
270 189 -4
270 192 8
270 193 -4
270 199 20
270 206 2
270 207 -2
270 213 2
270 220 2
270 298 4
270 306 16
270 308 8
271 190 4
271 194 16
271 198 -12
271 208 -4
271 213 4
271 299 4
271 307 8
271 313 -32
272 195 24
272 210 2
272 212 -2
272 223 2
272 300 4
272 308 12
272 312 48
273 191 16
273 193 4
273 198 -8
273 214 -4
273 221 4
273 307 8
273 309 12
274 191 12
274 194 -8
274 197 4
274 216 2
274 218 -4
274 223 4
274 309 12
274 313 16
275 195 12
275 219 -2
275 221 2
275 308 8
276 200 8
276 212 8
276 301 4
276 310 12
276 312 4
277 200 4
277 201 8
277 203 -12
277 204 8
277 205 -4
277 213 8
277 218 8
277 302 4
277 306 4
277 311 8
277 313 -4
278 211 20
278 222 8
278 303 4
278 310 24
279 201 -4
279 202 4
279 210 12
279 223 8
279 304 4
279 311 8
279 312 24
279 313 4
280 210 8
280 217 20
280 221 8
280 305 4
280 308 4
280 311 16
281 224 4
281 225 -2
281 226 -2
281 227 4
281 314 60
281 316 4
281 318 8
281 321 4
282 224 2
282 225 2
282 226 2
282 227 2
282 314 20
282 315 40
282 316 4
282 317 -4
282 318 8
282 319 12
282 320 18
282 321 -2
283 224 2
283 225 2
283 226 2
283 227 2
283 314 20
283 315 40
283 316 4
283 317 4
283 318 8
283 319 4
283 320 18
283 321 6
284 225 2
284 226 2
284 315 20
284 317 4
284 318 8
284 321 4
285 224 2
285 227 2
285 229 6
285 230 -2
285 231 4
285 316 64
285 322 16
285 324 12
286 224 4
286 225 -4
286 226 4
286 227 -4
286 228 4
286 229 4
286 230 4
286 231 -4
286 316 16
286 317 48
286 322 16
286 323 4
286 324 12
287 224 8
287 225 2
287 226 2
287 232 2
287 238 6
287 314 40
287 318 32
287 322 4
288 224 4
288 225 6
288 226 6
288 232 4
288 233 2
288 234 2
288 235 -6
288 239 6
288 315 40
288 318 32
288 322 4
288 325 48
288 326 8
289 224 4
289 225 10
289 226 2
289 227 4
289 228 -4
289 236 4
289 237 -2
289 240 4
289 316 16
289 319 48
289 323 -4
289 326 8
290 224 4
290 225 2
290 226 2
290 227 -4
290 228 4
290 236 4
290 237 -2
290 241 4
290 317 16
290 319 16
290 326 16
291 224 8
291 238 4
291 239 -4
291 244 8
291 318 32
291 320 48
291 324 4
292 224 4
292 225 4
292 226 4
292 227 8
292 228 -8
292 240 2
292 241 -6
292 245 6
292 319 32
292 321 32
292 322 8
293 225 -4
293 226 4
293 242 8
293 245 -4
293 321 48
293 323 4
293 324 12
293 326 16
294 243 10
294 244 -2
294 320 48
294 325 16
295 229 12
295 231 -4
295 232 2
295 240 2
295 246 4
295 247 -2
295 249 6
295 316 24
295 322 36
295 327 16
296 229 4
296 230 4
296 231 -4
296 232 4
296 233 -6
296 234 2
296 235 6
296 241 2
296 246 4
296 247 -2
296 250 6
296 317 24
296 322 12
296 327 32
296 328 4
297 230 4
297 236 -4
297 242 4
297 248 10
297 251 4
297 323 48
297 328 24
298 229 8
298 230 -4
298 238 2
298 239 -2
298 245 2
298 249 2
298 250 -6
298 253 8
298 322 24
298 324 24
299 231 4
299 240 -4
299 245 4
299 251 8
299 323 24
299 328 -16
300 242 2
300 244 -2
300 252 10
300 253 -4
300 324 36
300 327 16
301 232 8
301 244 8
301 254 4
301 255 -4
301 258 6
301 318 24
301 325 36
301 327 4
302 232 4
302 233 8
302 235 -12
302 236 8
302 237 -4
302 245 8
302 256 2
302 257 -6
302 259 4
302 262 6
302 319 24
302 322 12
302 326 24
302 328 -4
303 243 20
303 258 -2
303 261 8
303 265 12
303 320 24
303 325 48
304 233 -4
304 234 4
304 242 12
304 259 -4
304 260 6
304 266 6
304 321 24
304 326 24
304 327 16
304 328 4
305 242 8
305 262 -4
305 264 8
305 266 4
305 324 12
305 326 24
306 246 8
306 247 -4
306 253 8
306 254 2
306 255 -2
306 259 2
306 267 2
306 268 -6
306 270 6
306 322 12
306 327 16
307 247 4
307 248 16
307 256 -4
307 260 4
307 263 -2
307 269 8
307 271 4
307 273 6
307 323 12
307 328 24
308 252 20
308 258 -2
308 260 2
308 266 2
308 270 -4
308 272 8
308 275 12
308 324 12
308 327 32
309 248 12
309 250 4
309 251 -8
309 262 -4
309 263 2
309 266 4
309 273 6
309 274 8
309 328 16
310 261 8
310 276 -2
310 278 6
310 325 12
311 260 8
311 264 8
311 277 -4
311 279 4
311 280 6
311 326 12
311 327 8
312 272 8
312 276 -2
312 279 2
312 327 4
313 268 4
313 269 12
313 271 -8
313 274 8
313 277 -4
313 279 4
313 328 4
314 281 2
314 329 48
314 330 4
315 281 4
315 282 2
315 283 2
315 284 -6
315 329 48
315 330 4
315 331 24
315 332 8
316 281 2
316 285 4
316 286 -2
316 330 60
316 333 8
317 281 4
317 282 -6
317 283 2
317 284 6
317 285 4
317 286 -2
317 330 20
317 333 16
317 334 4
318 281 8
318 287 4
318 288 -4
318 291 6
318 329 60
318 331 60
318 333 4
319 281 4
319 282 8
319 284 -12
319 289 2
319 290 -6
319 292 4
319 330 20
319 332 40
319 334 -4
320 291 -2
320 294 8
320 331 40
321 282 -4
321 283 4
321 292 -4
321 293 6
321 332 40
321 333 8
321 334 4
322 285 8
322 286 -4
322 287 2
322 288 -2
322 292 2
322 295 2
322 296 -6
322 298 6
322 330 40
322 333 32
323 286 4
323 289 -4
323 293 4
323 297 8
323 299 4
323 334 48
324 291 -2
324 293 2
324 298 -4
324 300 8
324 333 32
325 294 8
325 301 -2
325 303 6
325 331 40
326 293 8
326 302 -4
326 304 4
326 305 6
326 332 40
326 333 16
327 300 8
327 301 -2
327 304 2
327 306 -4
327 308 6
327 333 24
328 296 4
328 297 12
328 299 -8
328 302 -4
328 304 4
328 307 6
328 309 6
328 334 24
329 314 4
329 315 -4
329 335 84
329 336 4
330 314 2
330 315 -2
330 316 2
330 317 -6
330 336 48
331 318 -2
331 320 6
331 335 84
332 319 -4
332 321 4
332 336 24
333 318 -2
333 321 2
333 322 -4
333 324 6
333 336 60
334 317 4
334 319 -4
334 321 4
334 323 6
335 329 -2
336 329 -2
336 330 -4
337 363 20
337 377 4
337 391 24
337 407 24
337 410 4
337 415 4
337 423 16
337 424 4
337 431 -4
337 434 4
338 363 4
338 364 16
338 377 4
338 378 -4
338 391 8
338 392 16
338 398 12
338 407 6
338 408 12
338 410 4
338 411 2
338 416 2
338 420 6
338 421 -12
338 423 8
338 424 6
338 425 2
338 427 4
338 431 6
338 432 -2
338 433 50
338 435 -2
339 363 4
339 365 16
339 378 4
339 379 4
339 393 16
339 398 -4
339 409 12
339 411 2
339 412 2
339 415 6
339 417 2
339 420 6
339 421 -6
339 424 2
339 425 2
339 426 4
339 427 8
339 431 6
339 434 6
339 435 6
339 436 -4
340 363 4
340 366 16
340 379 4
340 380 -4
340 394 16
340 398 4
340 409 12
340 412 2
340 413 2
340 415 6
340 416 2
340 420 6
340 421 -6
340 424 2
340 425 -2
340 426 4
340 427 8
340 431 6
340 434 -2
340 435 6
340 436 -4
341 363 4
341 367 16
341 377 4
341 380 4
341 391 8
341 395 16
341 398 4
341 407 6
341 408 12
341 410 4
341 413 2
341 415 8
341 417 2
341 420 6
341 421 12
341 423 8
341 424 6
341 425 -2
341 427 4
341 431 -2
341 432 -2
341 433 50
341 434 8
341 435 -2
342 364 8
342 368 12
342 377 4
342 381 -4
342 392 8
342 395 8
342 398 8
342 407 6
342 408 6
342 410 14
342 413 -2
342 415 -4
342 416 2
342 418 2
342 422 -12
342 423 8
342 424 2
342 427 -8
342 431 2
342 432 2
342 434 2
342 435 6
343 364 4
343 365 4
343 369 12
343 378 4
343 381 -4
343 382 4
343 391 8
343 393 8
343 396 8
343 409 6
343 410 4
343 411 4
343 414 2
343 415 4
343 419 2
343 422 -6
343 423 8
343 427 4
343 431 4
343 434 4
343 435 2
343 436 6
343 437 6
343 438 -2
344 364 4
344 366 4
344 370 12
344 379 4
344 382 -4
344 383 -4
344 394 8
344 397 8
344 399 4
344 400 12
344 409 6
344 412 4
344 414 -2
344 416 6
344 420 6
344 421 6
344 422 -6
344 423 8
344 425 2
344 428 8
344 429 -4
344 431 2
344 432 -4
344 434 -4
344 435 2
344 436 10
344 437 2
344 438 -2
345 364 4
345 367 4
345 371 12
345 378 4
345 380 4
345 383 -4
345 392 8
345 395 8
345 396 8
345 399 4
345 401 12
345 408 12
345 411 4
345 413 4
345 416 8
345 421 12
345 423 16
345 425 4
345 428 4
345 429 4
345 432 -4
345 434 4
345 436 4
345 437 -4
346 365 8
346 372 12
346 381 4
346 384 4
346 394 8
346 410 -4
346 412 2
346 413 -2
346 415 4
346 416 -4
346 417 2
346 418 2
346 424 2
346 425 2
346 427 8
346 431 6
346 432 -2
346 434 -2
346 435 10
346 436 2
346 437 -2
347 365 4
347 366 4
347 373 12
347 382 4
347 384 4
347 385 -4
347 391 8
347 397 8
347 400 8
347 410 -4
347 414 4
347 416 10
347 417 2
347 420 12
347 425 4
347 426 8
347 427 4
347 428 4
347 429 4
347 430 -12
347 431 4
347 432 -4
347 434 4
347 435 4
347 436 8
347 437 4
348 365 4
348 367 4
348 374 12
348 379 4
348 383 4
348 385 4
348 393 8
348 397 8
348 400 4
348 401 -4
348 409 6
348 412 4
348 414 -2
348 417 14
348 420 6
348 421 6
348 422 -6
348 423 8
348 425 -2
348 426 16
348 428 -4
348 429 8
348 431 2
348 432 4
348 434 -4
348 435 2
348 436 2
348 437 2
348 438 -2
349 366 8
349 372 12
349 384 4
349 386 -4
349 393 8
349 410 4
349 411 -2
349 412 2
349 415 4
349 416 2
349 417 -4
349 418 2
349 424 -6
349 425 -2
349 427 8
349 431 6
349 432 -2
349 434 -2
349 435 10
349 436 2
349 437 -2
350 366 4
350 367 4
350 375 12
350 380 4
350 385 4
350 386 -4
350 391 8
350 394 8
350 396 8
350 409 6
350 410 4
350 413 4
350 414 2
350 415 4
350 417 8
350 419 2
350 422 -6
350 423 8
350 425 -8
350 427 4
350 431 4
350 432 8
350 434 4
350 435 2
350 436 -2
350 437 6
350 438 -2
351 367 8
351 368 12
351 377 4
351 386 4
351 392 8
351 395 8
351 398 8
351 407 6
351 408 6
351 410 6
351 411 -2
351 415 -4
351 417 2
351 418 2
351 422 12
351 423 8
351 424 10
351 431 2
351 432 2
351 434 2
351 435 -2
352 368 4
352 369 8
352 371 8
352 378 4
352 386 4
352 387 4
352 392 8
352 396 8
352 399 8
352 402 -12
352 407 6
352 408 6
352 409 6
352 411 6
352 415 -4
352 416 -4
352 419 2
352 422 6
352 424 2
352 428 8
352 429 4
352 432 2
352 435 2
352 436 2
352 437 -6
352 438 2
353 368 4
353 370 8
353 374 8
353 379 4
353 387 -4
353 388 -4
353 397 8
353 400 8
353 402 4
353 409 12
353 412 8
353 416 -4
353 417 -4
353 418 8
353 422 12
353 424 -4
353 429 8
353 431 4
353 436 4
353 437 -4
353 438 4
354 368 4
354 371 8
354 375 8
354 380 4
354 381 4
354 388 -4
354 395 8
354 396 8
354 401 8
354 402 4
354 407 6
354 408 6
354 409 6
354 413 6
354 415 -4
354 417 -4
354 418 8
354 419 2
354 422 6
354 424 2
354 428 4
354 432 2
354 435 2
354 436 2
354 437 2
354 438 2
355 369 8
355 372 4
355 375 8
355 381 4
355 386 4
355 389 4
355 393 8
355 394 8
355 402 4
355 407 12
355 411 -6
355 413 2
355 415 4
355 418 -8
355 419 4
355 424 4
355 427 4
355 428 -4
355 429 4
355 430 12
355 432 4
355 434 -4
355 435 4
355 436 4
355 437 8
356 369 4
356 370 4
356 373 4
356 376 8
356 382 4
356 387 -4
356 389 4
356 390 -4
356 392 8
356 394 8
356 397 8
356 403 12
356 408 6
356 411 -4
356 412 4
356 414 -2
356 416 4
356 418 4
356 419 -2
356 421 6
356 428 4
356 430 24
356 431 4
356 432 4
356 434 2
356 436 4
356 437 4
356 438 2
357 369 4
357 371 4
357 374 4
357 376 8
357 382 4
357 383 4
357 388 -4
357 390 4
357 395 8
357 396 8
357 397 8
357 403 4
357 408 6
357 409 6
357 413 4
357 414 4
357 416 -4
357 417 4
357 419 8
357 421 6
357 422 6
357 425 2
357 426 4
357 429 4
357 430 12
357 432 6
357 434 -2
357 435 2
357 436 2
357 437 2
357 438 4
358 370 8
358 372 4
358 373 8
358 384 4
358 387 4
358 389 -4
358 393 8
358 405 24
358 407 6
358 411 4
358 412 -2
358 416 4
358 418 -2
358 419 -4
358 420 6
358 425 -2
358 426 -4
358 428 16
358 429 4
358 431 4
358 432 2
358 435 2
358 436 6
358 437 -6
358 438 -2
359 370 4
359 371 4
359 375 4
359 376 8
359 383 4
359 385 4
359 387 4
359 390 -4
359 392 8
359 396 8
359 397 8
359 406 12
359 408 6
359 409 6
359 411 4
359 414 -4
359 416 4
359 417 -4
359 419 8
359 421 6
359 422 6
359 425 -2
359 426 4
359 428 4
359 430 12
359 432 6
359 434 -2
359 435 2
359 436 2
359 437 2
359 438 4
360 372 4
360 373 8
360 374 8
360 384 4
360 388 4
360 389 4
360 394 8
360 405 8
360 407 6
360 412 6
360 413 -4
360 417 4
360 418 6
360 419 -4
360 420 6
360 425 2
360 426 -4
360 428 4
360 429 8
360 431 4
360 432 2
360 435 2
360 436 6
360 437 2
360 438 -2
361 373 4
361 374 4
361 375 4
361 376 8
361 385 4
361 388 4
361 389 4
361 390 4
361 393 8
361 395 8
361 397 8
361 406 4
361 408 6
361 412 4
361 413 -4
361 414 6
361 417 4
361 418 4
361 419 6
361 421 6
361 429 4
361 431 4
361 432 4
361 434 2
361 436 4
361 437 4
361 438 10
362 376 4
362 390 4
362 396 8
362 414 4
362 419 4
362 432 4
362 438 4
363 337 6
363 338 -2
363 339 -2
363 340 -2
363 341 -2
363 342 2
363 351 2
363 439 32
363 446 4
363 455 16
363 463 12
363 464 4
363 467 4
363 474 4
363 477 -4
364 337 2
364 338 4
364 343 -2
364 344 -2
364 345 -2
364 346 2
364 351 2
364 352 2
364 439 8
364 440 24
364 446 4
364 447 -4
364 455 8
364 456 8
364 458 12
364 463 6
364 464 4
364 465 2
364 468 2
364 471 6
364 472 -12
364 473 40
364 477 6
364 478 -2
365 339 4
365 342 2
365 343 -2
365 347 -2
365 348 -2
365 349 2
365 352 2
365 353 2
365 439 8
365 441 24
365 447 4
365 448 4
365 457 8
365 458 -4
365 465 2
365 466 4
365 467 6
365 469 2
365 471 6
365 472 -6
365 474 6
365 475 8
365 476 -4
365 477 6
366 340 4
366 344 -2
366 346 2
366 347 -2
366 350 -2
366 351 2
366 353 2
366 354 2
366 439 8
366 442 24
366 448 4
366 449 -4
366 457 8
366 458 4
366 465 -2
366 466 4
366 467 6
366 468 2
366 471 6
366 472 -6
366 474 -2
366 475 8
366 476 -4
366 477 6
367 337 2
367 341 4
367 342 2
367 345 -2
367 348 -2
367 349 2
367 350 -2
367 354 2
367 439 8
367 443 24
367 446 4
367 449 4
367 455 8
367 456 8
367 458 4
367 463 6
367 464 4
367 465 -2
367 467 8
367 469 2
367 471 6
367 472 12
367 473 40
367 474 8
367 477 -2
367 478 -2
368 338 2
368 341 2
368 342 2
368 351 2
368 352 -2
368 353 -2
368 354 -2
368 355 4
368 440 16
368 443 16
368 446 4
368 450 -4
368 456 8
368 458 8
368 463 12
368 464 8
368 467 -8
368 468 2
368 469 2
368 477 4
368 478 4
369 339 2
369 343 2
369 345 2
369 349 2
369 351 2
369 357 -2
369 358 2
369 440 8
369 441 8
369 444 16
369 447 4
369 450 -4
369 451 4
369 455 8
369 457 8
369 463 6
369 464 4
369 465 -2
369 467 4
369 468 -4
369 470 6
369 474 2
369 475 4
369 476 8
369 477 4
369 478 2
370 340 2
370 344 2
370 348 2
370 352 2
370 355 2
370 356 -2
370 357 2
370 358 2
370 359 -2
370 440 8
370 442 8
370 445 16
370 448 4
370 451 -4
370 452 -4
370 457 8
370 459 4
370 460 12
370 463 6
370 466 -4
370 468 6
370 469 -4
370 471 6
370 472 6
370 474 -4
370 476 12
370 477 4
370 478 -4
371 338 2
371 341 2
371 343 2
371 345 2
371 350 2
371 357 -2
371 358 2
371 359 -2
371 360 2
371 440 8
371 443 8
371 444 16
371 447 4
371 449 4
371 452 -4
371 456 16
371 459 4
371 461 12
371 463 12
371 465 4
371 467 -4
371 468 8
371 472 12
371 474 4
371 475 4
371 476 8
371 478 -4
372 346 2
372 349 2
372 352 2
372 354 2
372 355 -2
372 441 16
372 442 16
372 450 4
372 453 8
372 467 4
372 468 -2
372 469 -2
372 474 -4
372 475 8
372 476 4
372 477 8
372 478 -4
373 346 2
373 347 2
373 349 2
373 353 4
373 356 -2
373 357 2
373 359 2
373 361 -2
373 441 8
373 442 8
373 445 16
373 451 4
373 453 8
373 454 -4
373 455 8
373 460 8
373 464 -4
373 465 4
373 468 10
373 469 2
373 470 -12
373 471 12
373 474 4
373 475 4
373 476 8
373 477 4
374 339 2
374 344 2
374 348 2
374 354 2
374 355 2
374 357 -2
374 359 2
374 360 2
374 361 -2
374 441 8
374 443 8
374 445 16
374 448 4
374 452 4
374 454 4
374 457 8
374 460 4
374 461 -4
374 463 6
374 466 12
374 468 -4
374 469 14
374 471 6
374 472 6
374 474 -4
374 476 4
374 477 4
374 478 4
375 340 2
375 342 2
375 345 2
375 346 2
375 350 2
375 359 -2
375 360 2
375 442 8
375 443 8
375 444 16
375 449 4
375 450 4
375 454 4
375 455 8
375 457 8
375 463 6
375 464 4
375 465 -6
375 467 4
375 469 4
375 470 6
375 474 2
375 475 4
375 477 4
375 478 10
376 343 2
376 344 2
376 347 4
376 348 2
376 350 2
376 356 2
376 361 2
376 362 -10
376 444 16
376 445 16
376 451 4
376 452 4
376 454 4
376 456 16
376 457 8
376 462 8
376 466 8
376 468 4
376 469 4
376 470 24
376 472 12
376 476 4
376 477 4
376 478 12
377 337 2
377 338 2
377 339 -2
377 340 -2
377 341 2
377 342 2
377 351 2
377 446 20
377 479 24
377 489 24
377 496 4
377 498 12
377 499 16
378 337 2
378 338 -4
378 339 4
378 340 2
378 343 2
378 344 -2
378 345 2
378 346 -2
378 352 2
378 446 4
378 447 16
378 479 8
378 480 16
378 484 12
378 489 6
378 490 12
378 492 4
378 493 -2
378 497 2
378 498 6
378 499 8
378 500 6
378 501 -2
378 502 8
379 338 -2
379 339 2
379 340 2
379 341 -2
379 344 2
379 347 -4
379 348 2
379 353 2
379 446 4
379 448 16
379 481 16
379 484 -4
379 491 24
379 493 2
379 494 -2
379 496 8
379 502 8
379 504 4
380 337 2
380 339 2
380 340 -4
380 341 4
380 345 2
380 348 -2
380 349 -2
380 350 2
380 354 2
380 446 4
380 449 16
380 479 8
380 482 16
380 484 -4
380 489 6
380 490 -12
380 492 -4
380 494 2
380 496 8
380 497 2
380 498 -6
380 499 8
380 500 -6
380 501 2
380 502 8
380 504 8
381 339 2
381 342 -4
381 343 -2
381 344 2
381 346 4
381 349 -2
381 353 -2
381 354 2
381 355 2
381 447 8
381 450 12
381 480 8
381 482 -8
381 484 8
381 489 6
381 490 6
381 492 14
381 494 -2
381 496 -4
381 497 2
381 499 -8
381 500 2
381 503 4
381 504 -2
382 340 2
382 342 -2
382 343 2
382 344 -4
382 345 -2
382 347 4
382 349 2
382 357 2
382 358 -2
382 447 4
382 448 4
382 451 12
382 479 8
382 481 8
382 483 8
382 491 12
382 492 4
382 493 4
382 495 -6
382 496 4
382 497 2
382 498 -6
382 499 8
382 501 -2
382 502 4
382 503 8
382 504 2
383 338 2
383 341 2
383 343 2
383 344 -4
383 345 -2
383 348 4
383 350 2
383 357 2
383 358 -2
383 359 2
383 360 -2
383 447 4
383 449 4
383 452 12
383 480 8
383 482 8
383 483 -8
383 485 -4
383 486 12
383 493 -4
383 494 4
383 497 8
383 499 -16
383 501 -4
383 502 4
383 503 8
384 344 -2
384 346 2
384 347 2
384 348 -2
384 349 2
384 448 8
384 453 24
384 481 8
384 492 -4
384 493 -2
384 494 2
384 496 8
384 497 -4
384 500 -4
384 502 16
384 503 -4
385 339 2
385 345 -2
385 346 2
385 347 -4
385 348 4
385 350 2
385 351 -2
385 359 2
385 360 -2
385 448 4
385 449 4
385 454 12
385 479 8
385 481 8
385 483 8
385 491 12
385 492 -4
385 494 -4
385 495 6
385 496 4
385 497 10
385 498 6
385 499 8
385 501 -6
385 502 4
385 503 8
385 504 -2
386 340 2
386 346 -2
386 348 2
386 349 -4
386 350 -2
386 351 4
386 352 2
386 353 -2
386 355 2
386 449 8
386 450 -12
386 480 -8
386 482 8
386 484 -8
386 489 6
386 490 -6
386 492 -6
386 493 2
386 496 -4
386 497 2
386 499 -8
386 500 -10
386 502 8
386 503 4
386 504 2
387 344 -2
387 347 2
387 351 -2
387 352 2
387 353 -4
387 354 -2
387 356 -2
387 357 -2
387 358 6
387 359 2
387 450 4
387 451 8
387 452 -8
387 480 8
387 483 8
387 485 8
387 487 -12
387 489 6
387 490 -6
387 491 12
387 493 6
387 496 -4
387 497 4
387 498 -6
387 503 -4
388 342 2
388 347 -2
388 348 2
388 352 2
388 353 -4
388 354 -2
388 357 -2
388 359 2
388 360 2
388 361 2
388 450 4
388 452 8
388 454 -8
388 482 -8
388 483 -8
388 486 8
388 487 -4
388 489 -6
388 490 -6
388 491 -12
388 494 6
388 496 4
388 497 -4
388 498 -6
388 503 -4
389 346 2
389 349 2
389 353 -4
389 355 2
389 356 2
389 357 -2
389 358 -4
389 359 -2
389 360 4
389 361 2
389 451 8
389 453 8
389 454 8
389 481 16
389 487 4
389 489 12
389 493 -6
389 494 -2
389 496 4
389 497 4
389 502 4
389 503 8
390 343 2
390 350 2
390 352 -2
390 354 -2
390 355 4
390 356 -6
390 357 4
390 359 -4
390 361 2
390 362 10
390 451 4
390 452 4
390 454 4
390 480 8
390 482 8
390 483 16
390 488 4
390 493 -4
390 494 4
390 495 -12
390 497 12
390 503 4
391 337 12
391 342 2
391 351 2
391 439 4
391 455 12
391 479 4
391 505 16
391 510 4
391 511 4
391 515 -4
392 337 2
392 338 8
392 341 2
392 343 2
392 349 2
392 351 4
392 440 4
392 455 4
392 456 8
392 479 4
392 480 -4
392 505 16
392 506 12
392 509 30
392 510 -2
392 511 -4
392 512 2
392 513 6
392 514 -12
392 515 8
393 339 8
393 344 2
393 345 2
393 346 2
393 349 4
393 351 2
393 441 4
393 455 4
393 457 8
393 480 4
393 481 4
393 506 -4
393 510 4
393 511 6
393 512 -2
393 513 6
393 514 -6
393 515 8
394 340 8
394 342 2
394 345 2
394 346 4
394 348 2
394 349 2
394 442 4
394 455 4
394 457 8
394 481 4
394 482 -4
394 506 4
394 510 -4
394 511 6
394 512 -2
394 513 6
394 514 -6
394 515 8
395 337 2
395 338 2
395 341 8
395 342 4
395 346 2
395 350 2
395 443 4
395 455 4
395 456 8
395 479 4
395 482 4
395 505 16
395 506 4
395 509 30
395 510 6
395 511 4
395 512 2
395 513 6
395 514 12
396 338 2
396 339 2
396 340 2
396 341 2
396 343 4
396 345 4
396 347 4
396 350 4
396 444 4
396 456 8
396 457 4
396 480 4
396 482 4
396 483 4
396 505 32
396 507 -4
396 510 8
396 511 4
396 512 8
396 514 12
396 515 8
397 339 2
397 340 2
397 343 2
397 344 6
397 347 4
397 348 6
397 350 2
397 445 4
397 456 4
397 457 8
397 481 4
397 505 16
397 507 4
397 508 16
397 510 -4
397 512 12
397 513 12
397 514 12
397 515 4
398 337 4
398 338 10
398 339 -4
398 340 4
398 341 2
398 342 8
398 343 -2
398 346 -2
398 349 -2
398 350 -2
398 351 8
398 446 4
398 458 16
398 484 -4
398 506 16
398 516 12
398 519 4
398 521 12
399 337 2
399 338 4
399 339 2
399 342 -2
399 343 2
399 344 4
399 345 2
399 346 -2
399 347 2
399 352 8
399 355 -2
399 358 -2
399 359 -2
399 447 4
399 458 4
399 459 12
399 484 -4
399 485 4
399 506 8
399 507 8
399 516 6
399 517 4
399 518 -2
399 520 2
399 521 6
399 523 12
400 339 2
400 340 2
400 342 -2
400 343 -2
400 344 10
400 346 2
400 347 4
400 348 2
400 349 2
400 350 -2
400 351 -2
400 353 8
400 356 -2
400 358 -2
400 360 -2
400 361 -2
400 448 4
400 458 4
400 460 12
400 485 -4
400 486 -4
400 508 16
400 519 8
400 522 -4
400 523 8
401 337 2
401 340 2
401 341 4
401 345 10
401 347 2
401 348 -4
401 349 -2
401 350 2
401 351 -2
401 354 8
401 355 -2
401 357 -2
401 360 -2
401 449 4
401 458 4
401 461 12
401 484 4
401 486 -4
401 506 8
401 507 -8
401 516 6
401 517 -4
401 518 2
401 519 8
401 520 2
401 521 -6
401 522 -8
401 523 12
402 339 2
402 340 -2
402 342 2
402 343 2
402 346 2
402 349 -2
402 350 -2
402 351 -2
402 352 -10
402 353 4
402 354 2
402 355 4
402 356 2
402 358 2
402 360 -2
402 361 -2
402 450 4
402 459 8
402 461 -8
402 484 -4
402 487 4
402 507 8
402 517 8
402 523 -8
403 340 2
403 343 2
403 346 2
403 347 2
403 351 -2
403 352 -4
403 353 -2
403 355 2
403 356 10
403 357 2
403 359 -4
403 360 2
403 361 -2
403 362 -10
403 451 4
403 459 4
403 460 4
403 462 8
403 485 -4
403 487 4
403 488 -4
403 506 8
403 508 16
403 516 6
403 517 4
403 518 -2
403 519 4
403 520 6
403 521 -6
403 522 -4
403 523 4
404 338 2
404 341 2
404 344 2
404 345 4
404 347 -4
404 348 2
404 352 -2
404 354 -2
404 355 4
404 357 2
404 358 -2
404 359 2
404 360 -2
404 452 4
404 459 4
404 461 4
404 462 -8
404 485 4
404 486 -4
404 488 4
404 516 -12
404 518 -4
404 519 4
404 520 8
405 346 2
405 349 2
405 353 -4
405 356 -2
405 358 10
405 360 2
405 361 -2
405 453 4
405 460 8
405 487 -4
405 517 -4
405 519 4
405 520 -4
405 523 8
406 339 2
406 342 -2
406 347 2
406 349 2
406 350 2
406 353 -2
406 354 -4
406 355 2
406 356 -2
406 357 -4
406 358 2
406 359 10
406 361 2
406 362 -10
406 454 4
406 460 4
406 461 4
406 462 8
406 486 4
406 487 -4
406 488 -4
406 506 8
406 508 16
406 516 6
406 517 -4
406 518 -6
406 519 4
406 520 14
406 521 6
406 522 4
406 523 4
407 337 8
407 338 2
407 341 2
407 455 8
407 463 8
407 489 4
408 337 4
408 338 4
408 339 2
408 340 2
408 341 4
408 456 8
408 463 8
408 489 4
408 490 -4
408 509 40
408 516 8
408 524 8
408 525 12
409 338 2
409 339 6
409 340 6
409 341 2
409 457 8
409 463 8
409 490 4
409 491 8
409 524 8
409 525 12
410 337 4
410 338 6
410 341 6
410 342 14
410 346 -6
410 349 2
410 351 6
410 352 -2
410 354 -2
410 355 -4
410 458 8
410 464 12
410 479 8
410 492 -4
410 510 8
410 526 4
410 527 12
411 337 2
411 338 4
411 339 2
411 340 -2
411 342 2
411 343 6
411 345 6
411 346 2
411 347 -2
411 349 -2
411 350 -2
411 351 -2
411 352 4
411 354 -2
411 355 -8
411 356 -2
411 357 -2
411 358 6
411 360 2
411 459 8
411 464 4
411 465 8
411 480 8
411 492 -4
411 493 4
411 510 8
411 517 -12
411 526 4
411 527 6
412 339 2
412 340 2
412 342 -2
412 344 4
412 346 2
412 348 4
412 349 2
412 351 -2
412 352 -2
412 353 8
412 354 -2
412 355 -4
412 357 -4
412 359 -4
412 360 8
412 460 8
412 464 4
412 466 16
412 481 8
412 493 -4
412 494 -4
412 517 4
412 526 8
413 337 2
413 339 -2
413 340 2
413 341 4
413 342 -2
413 343 -2
413 345 6
413 346 -2
413 347 -2
413 349 2
413 350 6
413 351 2
413 352 -2
413 354 4
413 358 2
413 359 -2
413 360 -2
413 361 -2
413 461 8
413 464 4
413 465 -8
413 482 8
413 492 4
413 494 -4
413 510 8
413 517 4
413 526 12
413 527 -6
414 338 -2
414 339 2
414 340 2
414 341 -2
414 345 -4
414 347 4
414 352 -2
414 353 4
414 354 -2
414 356 -2
414 357 2
414 359 -6
414 361 6
414 462 8
414 466 8
414 483 8
414 493 -4
414 494 4
414 495 -12
414 510 16
414 518 4
414 526 4
415 337 -4
415 338 -6
415 339 -2
415 340 -2
415 341 2
415 344 2
415 346 2
415 347 -4
415 348 2
415 349 2
415 467 16
415 484 4
415 496 4
415 511 16
415 524 12
415 526 4
415 528 8
416 337 2
416 338 -4
416 339 2
416 340 -2
416 342 -2
416 343 -6
416 344 -4
416 345 2
416 346 2
416 347 4
416 348 2
416 349 -2
416 350 -2
416 351 2
416 355 2
416 356 -2
416 357 2
416 358 2
416 360 -2
416 467 4
416 468 12
416 485 4
416 496 4
416 497 -4
416 511 8
416 512 8
416 519 12
416 524 6
416 526 4
416 528 4
416 529 24
417 337 2
417 339 -2
417 340 2
417 341 -4
417 342 2
417 343 -2
417 344 2
417 345 -6
417 346 -2
417 347 -4
417 348 4
417 349 2
417 350 2
417 351 -2
417 355 2
417 358 -2
417 359 2
417 360 2
417 361 -2
417 467 4
417 469 12
417 486 4
417 496 4
417 497 4
417 511 8
417 512 8
417 519 4
417 524 6
417 526 4
417 528 20
417 529 24
418 339 2
418 340 2
418 342 -2
418 344 -2
418 346 -2
418 347 4
418 348 -2
418 349 -2
418 351 -2
418 352 -4
418 354 4
418 358 -4
418 360 4
418 468 8
418 469 8
418 487 4
418 496 4
418 512 8
418 519 8
418 524 12
418 526 8
418 528 -8
419 338 2
419 341 2
419 342 2
419 344 2
419 345 -4
419 348 2
419 351 2
419 352 -4
419 353 4
419 354 -4
419 355 -4
419 356 -2
419 357 -2
419 359 -2
419 361 6
419 468 4
419 469 4
419 470 24
419 488 4
419 497 8
419 511 8
419 512 16
419 520 8
419 524 12
419 526 4
419 528 8
420 338 -2
420 341 -2
420 471 20
420 498 -4
420 513 24
420 525 24
420 529 16
421 337 4
421 338 -4
421 341 4
421 342 -2
421 351 -2
421 471 4
421 472 16
421 513 16
421 514 16
421 521 -4
421 525 12
421 529 16
422 338 2
422 341 2
422 342 -6
422 351 2
422 472 8
422 514 8
422 525 12
422 527 -4
422 529 -16
423 337 8
423 463 12
423 473 20
423 499 4
423 505 16
423 529 12
424 337 4
424 338 6
424 339 -2
424 340 -2
424 341 6
424 342 4
424 343 -2
424 345 -4
424 346 4
424 349 -4
424 350 -2
424 351 12
424 352 -2
424 354 -2
424 464 12
424 474 8
424 489 12
424 500 -4
424 506 16
424 527 -12
424 528 8
425 338 4
425 339 4
425 340 -4
425 341 -4
425 345 4
425 347 4
425 350 -8
425 352 4
425 354 -4
425 465 12
425 490 12
425 500 -4
425 501 4
425 507 16
425 522 -8
425 527 -12
425 528 -8
426 338 -2
426 339 2
426 340 2
426 341 -2
426 343 -2
426 345 -4
426 348 8
426 350 -2
426 352 -2
426 353 4
426 354 -2
426 466 12
426 474 4
426 491 12
426 501 -4
426 508 16
426 522 4
426 528 4
427 338 -2
427 339 4
427 340 4
427 341 -2
427 342 -4
427 343 -6
427 346 10
427 347 -4
427 349 10
427 350 -6
427 351 4
427 353 4
427 355 -4
427 467 8
427 475 12
427 492 4
427 502 4
427 515 8
427 526 4
428 337 2
428 339 4
428 344 2
428 345 -2
428 346 2
428 347 6
428 350 2
428 352 2
428 355 -6
428 356 -8
428 358 16
428 359 -6
428 360 2
428 468 8
428 475 4
428 476 8
428 493 4
428 502 4
428 503 -4
428 515 8
428 523 24
428 525 18
428 526 -2
429 337 2
429 340 4
429 343 2
429 345 -2
429 347 6
429 348 2
429 349 2
429 353 8
429 354 -6
429 355 2
429 357 -6
429 358 2
429 360 8
429 361 -8
429 469 8
429 475 4
429 476 8
429 494 4
429 502 4
429 503 4
429 515 8
429 523 8
429 525 18
429 526 6
430 338 2
430 341 2
430 344 2
430 348 2
430 352 -2
430 354 -2
430 356 8
430 357 -2
430 358 2
430 359 -2
430 360 2
430 362 -20
430 470 8
430 476 4
430 495 4
430 503 4
430 515 8
430 526 4
431 337 4
431 338 2
431 339 8
431 340 8
431 341 -6
431 342 -2
431 343 -2
431 344 -2
431 345 -4
431 346 8
431 348 -2
431 349 8
431 350 -2
431 351 -2
431 471 12
431 477 16
431 496 4
431 504 -4
431 515 16
431 524 12
432 337 4
432 338 4
432 339 4
432 340 4
432 341 4
432 342 -4
432 343 4
432 344 -4
432 345 -8
432 348 4
432 350 12
432 351 -4
432 352 -4
432 353 -4
432 354 -4
432 355 8
432 472 12
432 477 4
432 478 12
432 497 4
432 515 16
432 522 4
432 524 12
433 473 16
433 509 24
434 338 -4
434 339 4
434 340 -4
434 341 4
434 474 16
434 499 16
434 504 4
434 510 24
434 516 24
434 521 -12
435 339 6
435 340 6
435 342 2
435 346 8
435 347 4
435 349 8
435 351 -6
435 352 -4
435 354 -4
435 355 -4
435 475 12
435 477 8
435 500 4
435 502 4
435 511 8
436 337 4
436 338 2
436 339 2
436 340 2
436 341 2
436 342 -2
436 343 2
436 344 10
436 346 4
436 347 12
436 348 2
436 349 4
436 350 -6
436 351 -2
436 352 -2
436 353 -4
436 354 -2
436 356 -2
436 357 -4
436 358 6
436 359 -4
436 360 6
436 361 -2
436 476 12
436 477 8
436 501 4
436 502 4
436 512 8
436 513 24
436 519 8
437 337 4
437 338 -2
437 339 2
437 340 2
437 341 -2
437 342 2
437 343 2
437 344 2
437 346 4
437 348 2
437 349 4
437 350 2
437 351 2
437 352 -10
437 353 -4
437 354 -2
437 355 4
437 356 2
437 358 -6
437 360 2
437 361 2
437 475 4
437 478 8
437 503 4
437 511 16
437 517 4
438 338 4
438 339 2
438 340 2
438 341 4
438 342 -2
438 343 4
438 347 4
438 350 4
438 351 -2
438 352 -4
438 354 -4
438 355 4
438 357 -4
438 359 -4
438 361 8
438 476 4
438 478 8
438 503 4
438 512 16
438 514 24
438 518 4
438 520 8
439 363 4
439 364 -2
439 365 -2
439 366 -2
439 367 -2
439 368 4
439 530 36
439 533 4
439 538 8
439 543 4
439 544 4
439 548 -4
440 363 2
440 364 2
440 367 2
440 370 -2
440 371 -2
440 372 2
440 530 12
440 531 24
440 533 4
440 534 -4
440 538 8
440 539 12
440 542 30
440 543 -2
440 544 -4
440 545 2
440 546 6
440 547 -12
440 548 8
441 365 2
441 368 2
441 369 -2
441 370 2
441 371 2
441 372 2
441 373 -2
441 374 -2
441 530 12
441 532 24
441 534 4
441 535 4
441 539 -4
441 543 4
441 544 6
441 545 -2
441 546 6
441 547 -6
441 548 8
442 366 2
442 368 2
442 370 -2
442 371 2
442 372 2
442 373 -2
442 374 2
442 375 -2
442 530 12
442 532 24
442 535 4
442 536 -4
442 539 4
442 543 -4
442 544 6
442 545 -2
442 546 6
442 547 -6
442 548 8
443 363 2
443 364 2
443 367 2
443 371 -2
443 372 2
443 374 -2
443 530 12
443 531 24
443 533 4
443 536 4
443 538 8
443 539 4
443 542 30
443 543 6
443 544 4
443 545 2
443 546 6
443 547 12
444 364 2
444 365 2
444 366 2
444 367 2
444 373 4
444 376 -4
444 531 24
444 532 12
444 534 4
444 536 4
444 537 4
444 538 16
444 540 -4
444 543 8
444 544 4
444 545 8
444 547 12
444 548 8
445 365 2
445 366 2
445 369 2
445 370 2
445 374 2
445 375 2
445 376 -4
445 531 12
445 532 24
445 535 4
445 538 8
445 540 4
445 541 16
445 543 -4
445 545 12
445 546 12
445 547 12
445 548 4
446 363 2
446 364 2
446 365 -2
446 366 -2
446 367 2
446 368 2
446 377 6
446 378 -2
446 379 -2
446 380 -2
446 381 2
446 386 2
446 533 32
446 549 16
446 556 12
446 559 4
446 561 12
447 363 2
447 364 -4
447 365 4
447 366 2
447 369 2
447 370 -2
447 371 2
447 372 -2
447 377 2
447 378 4
447 382 -2
447 383 -2
447 384 2
447 386 -2
447 387 -2
447 533 8
447 534 24
447 549 8
447 550 8
447 552 12
447 556 6
447 557 4
447 558 -2
447 560 2
447 561 6
447 563 12
448 364 -2
448 365 2
448 366 2
448 367 -2
448 370 2
448 373 -4
448 374 2
448 379 4
448 381 2
448 382 -2
448 385 -2
448 386 2
448 387 2
448 388 -2
448 533 8
448 535 24
448 551 16
448 552 -4
448 559 8
448 562 -4
448 563 8
449 363 2
449 365 2
449 366 -4
449 367 4
449 371 2
449 372 -2
449 374 -2
449 375 2
449 377 2
449 380 4
449 381 -2
449 383 -2
449 384 2
449 385 -2
449 388 2
449 533 8
449 536 24
449 549 8
449 550 -8
449 552 -4
449 556 6
449 557 -4
449 558 2
449 559 8
449 560 2
449 561 -6
449 562 -8
449 563 12
450 365 2
450 366 -2
450 368 -4
450 369 -2
450 370 2
450 372 4
450 374 -2
450 375 2
450 378 2
450 380 -2
450 381 2
450 386 -2
450 387 -2
450 388 -2
450 534 16
450 536 -16
450 550 8
450 552 8
450 557 8
450 563 -8
451 366 2
451 368 -2
451 369 2
451 370 -6
451 371 -2
451 372 2
451 373 4
451 379 2
451 382 2
451 383 -2
451 384 2
451 386 -2
451 387 -2
451 390 -4
451 534 8
451 535 8
451 537 16
451 549 8
451 551 16
451 556 6
451 557 4
451 558 -2
451 559 4
451 560 6
451 561 -6
451 562 -4
451 563 4
452 364 2
452 367 2
452 369 2
452 370 -4
452 371 -2
452 373 -4
452 374 4
452 375 2
452 376 2
452 378 2
452 380 2
452 382 -2
452 383 2
452 385 -2
452 389 4
452 390 -2
452 534 8
452 536 8
452 537 -16
452 553 -4
452 554 12
452 556 -12
452 558 -4
452 559 4
452 560 8
453 370 -2
453 372 2
453 373 2
453 374 -2
453 384 2
453 387 2
453 388 -2
453 389 -2
453 535 16
453 557 -4
453 559 4
453 560 -4
453 563 8
454 365 2
454 368 -2
454 371 -2
454 372 2
454 373 -4
454 374 2
454 375 2
454 379 2
454 381 -2
454 383 -2
454 384 2
454 385 2
454 388 2
454 390 -4
454 535 8
454 536 8
454 537 16
454 549 8
454 551 16
454 556 6
454 557 -4
454 558 -6
454 559 4
454 560 14
454 561 6
454 562 4
454 563 4
455 363 8
455 364 2
455 367 2
455 391 2
455 393 -2
455 394 -2
455 407 6
455 530 12
455 538 16
455 549 4
456 363 4
456 364 4
456 365 2
456 366 2
456 367 4
456 391 4
456 393 2
456 394 2
456 396 -4
456 397 -2
456 408 6
456 531 12
456 538 16
456 549 4
456 550 -4
456 564 80
456 565 8
456 566 8
456 567 12
457 364 2
457 365 6
457 366 6
457 367 2
457 392 2
457 393 2
457 394 2
457 395 2
457 396 -2
457 397 -4
457 409 6
457 532 12
457 538 16
457 550 4
457 551 8
457 566 8
457 567 12
458 363 4
458 364 10
458 365 -4
458 366 4
458 367 2
458 368 8
458 369 -2
458 372 -4
458 375 -2
458 398 4
458 399 -2
458 400 -2
458 401 -2
458 410 4
458 533 8
458 539 24
458 552 -4
458 565 8
458 569 4
458 570 12
459 363 2
459 364 4
459 365 2
459 366 -2
459 368 -2
459 369 2
459 370 4
459 371 2
459 375 -2
459 376 -2
459 398 2
459 399 2
459 401 -2
459 403 -4
459 404 -2
459 405 4
459 411 4
459 534 8
459 539 8
459 540 16
459 552 -4
459 553 4
459 565 8
459 568 -2
459 569 4
459 570 6
460 365 2
460 366 2
460 368 -4
460 369 -2
460 370 8
460 372 4
460 373 4
460 375 -2
460 376 -4
460 400 2
460 403 -2
460 404 -4
460 406 -2
460 412 4
460 535 8
460 539 8
460 541 32
460 553 -4
460 554 -4
460 568 -4
460 569 8
461 363 2
461 365 -2
461 366 2
461 367 4
461 368 -2
461 369 -2
461 371 10
461 374 -4
461 375 2
461 376 -2
461 398 2
461 399 -2
461 401 2
461 404 -2
461 405 4
461 406 -4
461 413 4
461 536 8
461 539 8
461 540 -16
461 552 4
461 554 -4
461 565 8
461 568 -6
461 569 12
461 570 -6
462 364 -2
462 365 2
462 366 2
462 367 -2
462 371 -4
462 373 4
462 399 -2
462 400 4
462 401 -2
462 403 -2
462 406 -2
462 414 4
462 537 8
462 541 16
462 553 -4
462 554 4
462 555 -12
462 565 16
462 569 4
463 363 8
463 407 4
463 408 -4
463 409 -4
463 423 8
463 538 16
463 542 40
463 556 4
463 571 12
464 363 4
464 364 6
464 365 -2
464 366 -2
464 367 6
464 368 8
464 369 -2
464 371 -4
464 375 -2
464 410 2
464 411 -4
464 412 -2
464 413 -4
464 424 6
464 539 16
464 543 16
464 549 8
464 557 -4
464 572 8
465 364 4
465 365 4
465 366 -4
465 367 -4
465 371 4
465 373 4
465 375 -8
465 425 6
465 540 16
465 550 8
465 557 -4
465 558 4
465 568 -8
465 572 -8
466 364 -2
466 365 2
466 366 2
466 367 -2
466 369 -2
466 371 -4
466 374 8
466 375 -2
466 411 -2
466 413 -2
466 414 -2
466 426 6
466 541 16
466 543 8
466 551 8
466 558 -4
466 568 4
466 572 4
467 363 -4
467 364 -6
467 365 -2
467 366 -2
467 367 2
467 370 2
467 372 4
467 373 -4
467 374 2
467 415 4
467 416 -2
467 417 -2
467 418 4
467 427 -4
467 544 24
467 552 4
467 559 4
467 566 8
467 572 8
468 363 2
468 364 -4
468 365 4
468 366 -2
468 369 -6
468 370 -4
468 371 2
468 372 -2
468 373 6
468 415 2
468 416 2
468 417 2
468 418 2
468 428 -4
468 544 8
468 545 16
468 553 4
468 559 4
468 560 -4
468 566 8
468 569 12
468 571 18
468 572 -4
469 363 2
469 365 -2
469 366 4
469 367 -4
469 371 -6
469 372 -2
469 373 -2
469 374 4
469 375 2
469 415 2
469 416 2
469 417 2
469 418 2
469 429 -4
469 544 8
469 545 16
469 554 4
469 559 4
469 560 4
469 566 8
469 569 4
469 571 18
469 572 12
470 364 2
470 367 2
470 369 -2
470 370 2
470 371 -4
470 374 2
470 375 -2
470 416 2
470 417 2
470 430 -4
470 545 8
470 555 4
470 560 4
470 566 8
470 572 8
471 364 -2
471 367 -2
471 420 6
471 421 -2
471 422 4
471 431 -2
471 546 32
471 561 -4
471 567 16
471 571 12
472 363 4
472 364 -4
472 367 4
472 368 -4
472 420 4
472 421 4
472 422 -4
472 432 -2
472 546 8
472 547 24
472 567 16
472 570 -4
472 571 12
473 423 -2
473 433 10
473 542 24
473 564 16
474 364 -4
474 365 4
474 366 -4
474 367 4
474 424 -4
474 426 -4
474 434 8
474 543 24
474 556 12
474 562 -4
474 565 16
474 570 -12
475 364 -2
475 365 6
475 366 6
475 367 -2
475 369 -6
475 372 8
475 375 -6
475 427 2
475 435 2
475 437 -6
475 544 16
475 548 16
475 557 4
475 563 8
476 363 4
476 364 2
476 365 2
476 366 2
476 367 2
476 368 -4
476 369 2
476 370 8
476 371 -4
476 372 4
476 373 12
476 375 -6
476 376 -12
476 427 4
476 428 2
476 429 2
476 430 -6
476 436 2
476 438 -6
476 545 16
476 548 16
476 558 4
476 563 8
476 567 24
476 569 8
477 363 4
477 364 2
477 365 8
477 366 8
477 367 -6
477 368 -4
477 369 -2
477 370 -2
477 371 -4
477 372 8
477 374 -2
477 375 -2
477 431 4
477 432 -2
477 435 4
477 436 -4
477 546 24
477 548 24
477 559 4
477 562 4
477 566 8
478 363 4
478 364 2
478 365 4
478 366 4
478 367 2
478 368 -4
478 369 2
478 370 -6
478 371 -12
478 374 2
478 375 10
478 431 4
478 432 -2
478 437 4
478 438 -4
478 547 24
478 548 8
478 560 4
478 566 16
478 568 4
479 377 12
479 381 -2
479 386 -2
479 391 2
479 392 2
479 393 -2
479 394 -2
479 395 2
479 410 2
479 533 4
479 549 12
479 573 16
479 577 4
479 578 12
480 377 2
480 378 8
480 380 -2
480 382 -2
480 384 2
480 386 -4
480 391 2
480 392 -4
480 393 4
480 396 2
480 397 -2
480 411 2
480 534 4
480 549 4
480 550 8
480 573 16
480 574 12
480 576 -2
480 577 4
480 578 6
481 379 8
481 381 -2
481 383 -4
481 384 4
481 386 -2
481 392 -2
481 393 2
481 394 2
481 395 -2
481 397 -2
481 412 2
481 535 4
481 549 4
481 551 16
481 574 -4
481 576 -4
481 577 8
482 377 2
482 378 -2
482 380 8
482 381 -4
482 384 2
482 385 -2
482 391 2
482 394 -4
482 395 4
482 396 2
482 397 -2
482 413 2
482 536 4
482 549 4
482 550 -8
482 573 16
482 574 -4
482 576 -6
482 577 12
482 578 -6
483 378 -2
483 379 4
483 380 -2
483 382 2
483 383 -4
483 385 2
483 392 -2
483 393 2
483 394 2
483 395 -2
483 396 -2
483 414 2
483 537 4
483 551 8
483 573 32
483 575 -4
483 577 4
484 378 10
484 379 -4
484 380 -2
484 381 8
484 382 -2
484 385 2
484 386 -8
484 398 -4
484 399 -2
484 401 2
484 402 -2
484 415 4
484 552 16
484 574 16
484 579 12
484 580 4
484 581 4
485 377 2
485 379 2
485 381 -2
485 382 2
485 383 -2
485 384 -4
485 385 2
485 386 2
485 387 8
485 390 2
485 398 -2
485 399 2
485 400 -4
485 401 -2
485 403 -4
485 404 2
485 405 4
485 416 4
485 552 4
485 553 12
485 574 8
485 575 8
485 579 6
485 580 4
485 581 2
485 582 24
486 377 -2
486 379 -2
486 381 -2
486 382 -2
486 383 10
486 384 4
486 385 -2
486 386 2
486 388 8
486 390 -2
486 398 2
486 399 2
486 400 -4
486 401 -2
486 404 -2
486 405 -4
486 406 4
486 417 4
486 552 4
486 554 12
486 574 8
486 575 8
486 579 6
486 580 4
486 581 10
486 582 24
487 381 -2
487 382 2
487 385 -2
487 386 2
487 387 -12
487 388 -4
487 389 4
487 402 2
487 403 2
487 405 -8
487 406 -2
487 418 4
487 553 8
487 554 8
487 575 8
487 579 12
487 580 8
487 581 -4
488 378 -2
488 380 2
488 381 -2
488 382 -4
488 385 4
488 386 2
488 387 -4
488 388 -4
488 390 4
488 399 2
488 401 -2
488 402 4
488 403 -2
488 404 4
488 406 -6
488 419 4
488 553 4
488 554 4
488 555 24
488 574 8
488 575 16
488 579 12
488 580 4
488 581 4
489 377 8
489 378 -2
489 380 -2
489 407 2
489 408 2
489 409 -4
489 424 2
489 549 8
489 556 8
489 583 -12
489 584 8
490 378 4
490 380 -4
490 408 -4
490 409 4
490 425 2
490 550 8
490 579 8
490 583 -12
490 584 -8
491 378 -2
491 379 4
491 380 -2
491 408 -4
491 409 2
491 426 2
491 551 8
491 556 4
491 579 -4
491 584 4
492 378 6
492 380 -6
492 381 14
492 384 -4
492 386 -6
492 387 -2
492 388 -2
492 410 -4
492 411 -2
492 413 2
492 427 4
492 552 8
492 557 12
492 576 8
493 377 2
493 382 6
493 383 -6
493 384 -2
493 386 2
493 387 4
493 389 -6
493 410 -2
493 411 2
493 412 -2
493 413 -2
493 414 -4
493 428 4
493 553 8
493 557 4
493 558 8
493 576 8
493 580 -12
493 583 18
494 377 -2
494 381 -2
494 383 6
494 384 2
494 385 -6
494 388 4
494 389 -2
494 410 2
494 411 2
494 412 -6
494 413 -2
494 414 4
494 429 4
494 554 8
494 557 4
494 558 8
494 576 8
494 580 -4
494 583 18
495 378 -2
495 380 2
495 382 -2
495 385 2
495 387 2
495 388 2
495 390 -4
495 411 2
495 413 -2
495 414 -4
495 430 4
495 555 8
495 558 4
495 576 8
496 377 -4
496 378 -6
496 380 2
496 381 2
496 382 -2
496 383 4
496 385 -2
496 386 2
496 415 2
496 418 2
496 431 -2
496 559 16
496 577 16
496 584 24
497 377 4
497 378 -4
497 379 4
497 380 -4
497 381 -4
497 382 -4
497 385 4
497 386 -4
497 387 -4
497 388 4
497 415 4
497 416 -4
497 417 4
497 418 -4
497 419 4
497 432 -2
497 559 4
497 560 12
497 577 16
497 581 4
497 584 24
498 377 4
498 420 -4
498 561 20
498 578 32
498 582 -32
498 583 -36
499 423 -2
499 434 2
499 556 12
499 573 16
499 582 -12
500 378 6
500 380 -6
500 381 4
500 382 2
500 384 -4
500 385 -2
500 386 -12
500 387 2
500 388 2
500 424 -4
500 425 -2
500 435 4
500 557 12
500 562 8
500 574 16
501 378 -2
501 380 2
501 381 4
501 382 2
501 383 -4
501 385 -10
501 386 -4
501 387 6
501 388 6
501 425 6
501 426 -8
501 436 4
501 558 12
501 562 8
501 575 16
501 578 -24
501 581 -8
502 378 -2
502 379 8
502 380 -2
502 381 -6
502 382 -6
502 384 16
502 385 -6
502 386 2
502 387 -4
502 388 4
502 389 -8
502 427 2
502 435 2
502 436 -2
502 559 8
502 563 24
502 577 8
503 377 4
503 378 -2
503 379 4
503 380 -2
503 381 -2
503 382 2
503 383 -4
503 384 4
503 385 2
503 386 -2
503 387 -12
503 388 4
503 389 4
503 390 -12
503 427 4
503 428 -6
503 429 2
503 430 6
503 437 2
503 438 -2
503 560 8
503 563 8
503 577 16
503 580 4
504 378 -4
504 379 4
504 380 12
504 381 -8
504 386 8
504 431 -4
504 434 4
504 561 12
504 562 -16
504 576 -24
504 579 -24
505 391 8
505 423 8
505 538 4
505 564 20
505 573 4
505 585 12
506 391 4
506 392 10
506 393 -6
506 394 2
506 395 2
506 396 -4
506 398 8
506 399 -2
506 401 -2
506 424 8
506 539 4
506 549 4
506 565 8
506 574 -4
506 586 -12
506 587 8
507 392 4
507 393 4
507 394 -4
507 395 -4
507 396 -4
507 397 4
507 399 4
507 401 -4
507 425 8
507 540 4
507 550 4
507 574 -4
507 575 4
507 586 -12
507 587 -8
508 392 -2
508 393 2
508 394 2
508 395 -2
508 396 -4
508 397 4
508 399 -2
508 400 4
508 401 -2
508 426 8
508 541 4
508 551 4
508 565 4
508 575 -4
508 587 4
509 433 20
509 542 4
509 564 16
510 392 -4
510 393 4
510 394 -4
510 395 4
510 434 12
510 543 4
510 565 8
510 573 16
510 576 -4
510 586 12
511 391 -4
511 392 -6
511 395 2
511 415 8
511 416 2
511 417 2
511 544 4
511 566 8
511 574 4
511 577 4
512 391 4
512 392 -2
512 395 -2
512 396 -8
512 397 4
512 415 4
512 416 6
512 417 6
512 545 4
512 566 8
512 575 4
512 577 4
512 585 48
512 587 16
513 392 -2
513 395 -2
513 420 12
513 422 -4
513 546 4
513 567 12
513 578 -4
513 585 16
514 391 4
514 392 -6
514 395 2
514 420 4
514 421 4
514 422 -4
514 547 4
514 567 4
514 585 32
514 586 4
515 391 4
515 393 8
515 394 8
515 395 -8
515 396 -8
515 397 -4
515 427 8
515 431 8
515 432 -4
515 548 4
515 566 8
515 567 12
515 576 4
515 577 4
516 434 8
516 556 4
516 565 8
516 579 -4
517 399 6
517 401 -6
517 402 8
517 403 2
517 405 -8
517 406 -2
517 411 -10
517 412 4
517 413 2
517 437 4
517 557 4
517 568 8
517 574 -8
517 580 4
518 399 -2
518 401 2
518 402 4
518 403 2
518 404 -4
518 406 -10
518 411 2
518 413 -2
518 414 4
518 438 4
518 558 4
518 568 8
518 575 -8
518 580 4
518 586 24
519 398 -4
519 399 -6
519 401 2
519 403 -2
519 404 4
519 406 -2
519 415 4
519 416 10
519 417 2
519 418 4
519 419 -4
519 559 4
519 569 12
519 581 -4
519 587 16
520 398 4
520 399 -6
520 400 4
520 401 -6
520 403 -6
520 404 4
520 406 2
520 415 4
520 416 2
520 417 2
520 418 -4
520 419 4
520 560 4
520 569 4
520 587 32
521 398 4
521 421 -4
521 434 -4
521 561 4
521 570 16
521 582 16
521 586 -24
522 399 4
522 400 -4
522 401 -12
522 402 8
522 425 -8
522 426 8
522 432 4
522 562 4
522 568 12
522 570 -12
522 579 -12
522 581 4
523 399 -2
523 400 4
523 401 -2
523 402 -4
523 403 -6
523 405 8
523 406 -6
523 427 4
523 428 8
523 430 -12
523 563 4
523 569 8
523 580 -4
524 408 -8
524 415 8
524 566 8
524 571 12
524 579 4
524 584 8
525 408 -4
525 420 8
525 421 -4
525 567 8
525 571 8
525 583 4
526 410 -4
526 411 -8
526 414 -8
526 415 4
526 416 4
526 417 4
526 418 8
526 419 -8
526 428 -4
526 429 4
526 569 8
526 572 16
526 577 8
526 580 4
527 410 4
527 422 -4
527 424 -4
527 570 8
527 578 8
527 583 12
527 586 16
528 416 -4
528 417 4
528 424 -4
528 425 -4
528 426 -4
528 572 12
528 581 4
528 584 12
528 587 16
529 423 -4
529 571 12
529 582 4
529 585 16
530 439 2
530 441 -2
530 442 -2
530 588 32
530 589 4
531 439 4
531 441 2
531 442 2
531 444 -4
531 445 -2
531 588 32
531 589 4
531 590 -4
531 592 40
531 593 8
531 594 8
531 595 12
532 440 2
532 441 2
532 442 2
532 443 2
532 444 -2
532 445 -4
532 588 32
532 590 4
532 591 8
532 594 8
532 595 12
533 439 2
533 440 2
533 441 -2
533 442 -2
533 443 2
533 446 4
533 447 -2
533 448 -2
533 449 -2
533 589 36
533 596 8
533 600 4
533 601 12
534 439 2
534 440 -4
534 441 4
534 444 2
534 445 -2
534 446 2
534 447 2
534 449 -2
534 451 -4
534 452 -2
534 453 4
534 589 12
534 590 24
534 596 8
534 597 12
534 599 -2
534 600 4
534 601 6
535 440 -2
535 441 2
535 442 2
535 443 -2
535 445 -2
535 448 2
535 451 -2
535 452 -4
535 454 -2
535 589 12
535 591 48
535 597 -4
535 599 -4
535 600 8
536 439 2
536 442 -4
536 443 4
536 444 2
536 445 -2
536 446 2
536 447 -2
536 449 2
536 452 -2
536 453 4
536 454 -4
536 589 12
536 590 -24
536 596 8
536 597 -4
536 599 -6
536 600 12
536 601 -6
537 440 -2
537 441 2
537 442 2
537 443 -2
537 444 -2
537 447 -2
537 448 4
537 449 -2
537 451 -2
537 454 -2
537 591 24
537 596 16
537 598 -4
537 600 4
538 439 8
538 455 4
538 456 -4
538 457 -4
538 463 6
538 588 24
538 592 60
538 596 4
538 602 12
539 439 4
539 440 10
539 441 -6
539 442 2
539 443 2
539 444 -4
539 458 2
539 459 -4
539 460 -2
539 461 -4
539 464 4
539 589 12
539 593 24
539 597 -4
539 603 -12
539 604 8
540 440 4
540 441 4
540 442 -4
540 443 -4
540 444 -4
540 445 4
540 465 4
540 590 12
540 597 -4
540 598 4
540 603 -12
540 604 -8
541 440 -2
541 441 2
541 442 2
541 443 -2
541 444 -4
541 445 4
541 459 -2
541 461 -2
541 462 -2
541 466 4
541 591 12
541 593 12
541 598 -4
541 604 4
542 463 -2
542 473 8
542 592 24
543 440 -4
543 441 4
543 442 -4
543 443 4
543 464 -4
543 466 -4
543 474 6
543 593 24
543 596 8
543 599 -4
543 603 12
544 439 -4
544 440 -6
544 443 2
544 467 2
544 475 -4
544 594 24
544 597 4
544 600 4
545 439 4
545 440 -2
545 443 -2
545 444 -8
545 445 4
545 467 4
545 468 2
545 469 2
545 470 -6
545 476 -4
545 594 24
545 598 4
545 600 4
545 602 24
545 604 16
546 440 -2
546 443 -2
546 471 4
546 472 -2
546 477 -2
546 595 36
546 601 -4
546 602 8
547 439 4
547 440 -6
547 443 2
547 471 4
547 472 -2
547 478 -2
547 595 12
547 602 16
547 603 4
548 439 4
548 441 8
548 442 8
548 443 -8
548 444 -8
548 445 -4
548 475 4
548 476 -4
548 477 2
548 478 -6
548 594 24
548 595 36
548 599 4
548 600 4
549 446 8
549 447 -2
549 449 -2
549 455 2
549 456 2
549 457 -4
549 464 2
549 479 2
549 480 -4
549 481 -2
549 482 -4
549 489 6
549 589 12
549 596 16
549 606 -12
549 607 8
550 447 4
550 449 -4
550 456 -4
550 457 4
550 465 2
550 490 6
550 590 12
550 605 8
550 606 -12
550 607 -8
551 447 -2
551 448 4
551 449 -2
551 456 -4
551 457 2
551 466 2
551 480 -2
551 482 -2
551 483 -2
551 491 6
551 591 12
551 596 8
551 605 -4
551 607 4
552 447 10
552 448 -4
552 449 -2
552 450 8
552 451 -2
552 454 2
552 458 -4
552 459 -2
552 461 2
552 467 4
552 484 4
552 485 -2
552 486 -2
552 487 4
552 492 4
552 597 24
552 605 8
552 609 4
553 446 2
553 450 -4
553 451 2
553 452 -2
553 453 -4
553 454 2
553 458 -2
553 459 2
553 460 -2
553 461 -2
553 462 -4
553 468 4
553 484 2
553 485 2
553 486 2
553 487 2
553 493 4
553 597 8
553 598 16
553 605 8
553 608 18
553 609 -2
554 446 -2
554 450 -4
554 451 -2
554 452 10
554 453 4
554 454 -2
554 458 2
554 459 2
554 460 -6
554 461 -2
554 462 4
554 469 4
554 484 2
554 485 2
554 486 2
554 487 2
554 494 4
554 597 8
554 598 16
554 605 8
554 608 18
554 609 6
555 447 -2
555 449 2
555 451 -2
555 454 2
555 459 2
555 461 -2
555 462 -4
555 470 4
555 485 2
555 486 2
555 495 4
555 598 8
555 605 8
555 609 4
556 463 -2
556 474 2
556 489 -4
556 491 -4
556 499 8
556 596 16
556 608 -12
557 447 6
557 449 -6
557 450 8
557 451 2
557 453 -8
557 454 -2
557 464 -4
557 465 -2
557 475 4
557 492 2
557 500 6
557 597 16
557 599 16
558 447 -2
558 449 2
558 450 4
558 451 2
558 452 -4
558 454 -10
558 465 6
558 466 -8
558 476 4
558 492 4
558 493 2
558 494 2
558 495 -6
558 501 6
558 598 16
558 599 16
558 606 24
558 609 -8
559 446 -4
559 447 -6
559 449 2
559 451 -2
559 452 4
559 454 -2
559 467 2
559 477 -2
559 496 4
559 497 -2
559 502 -4
559 600 24
559 607 16
560 446 4
560 447 -6
560 448 4
560 449 -6
560 451 -6
560 452 4
560 454 2
560 467 4
560 468 -6
560 469 2
560 470 6
560 478 -2
560 496 4
560 497 -2
560 503 -4
560 600 8
560 607 32
560 609 4
561 446 4
561 471 -4
561 498 10
561 504 -2
561 601 32
561 606 -24
561 608 -24
562 447 4
562 448 -4
562 449 -12
562 450 8
562 474 -4
562 477 4
562 500 4
562 501 -4
562 504 -8
562 599 24
562 601 -24
562 605 16
563 447 -2
563 448 4
563 449 -2
563 450 -4
563 451 -6
563 453 8
563 454 -6
563 475 2
563 476 -2
563 502 2
563 503 -6
563 600 16
564 473 8
564 505 -2
564 509 6
564 592 12
565 474 8
565 506 -4
565 508 -4
565 510 4
565 516 6
565 593 12
565 596 8
565 605 -4
566 456 -8
566 467 8
566 511 4
566 512 -4
566 515 -4
566 524 6
566 594 12
566 602 24
566 605 4
566 607 8
567 456 -4
567 471 8
567 472 -4
567 513 2
567 514 -6
567 515 -2
567 525 6
567 595 12
567 602 16
567 606 4
568 459 4
568 460 -4
568 461 -12
568 465 -8
568 466 8
568 478 4
568 517 4
568 518 -4
568 522 6
568 599 8
568 603 24
568 605 -8
568 609 4
569 458 -4
569 459 -8
569 462 -8
569 467 4
569 468 8
569 470 -12
569 519 2
569 520 -6
569 523 -8
569 526 4
569 600 8
569 604 32
569 609 -4
570 458 4
570 472 -4
570 474 -4
570 521 8
570 522 2
570 527 4
570 601 8
570 603 -24
570 608 12
571 463 -4
571 524 -2
571 525 -4
571 529 8
571 602 16
571 608 4
572 464 -4
572 465 -4
572 466 -4
572 468 -4
572 469 4
572 526 -4
572 528 6
572 604 16
572 607 8
572 609 4
573 499 8
573 505 -2
573 510 2
573 596 4
573 610 -12
574 480 10
574 481 -4
574 482 -2
574 484 8
574 485 2
574 486 2
574 500 8
574 506 -4
574 507 -2
574 511 4
574 517 -2
574 597 4
574 605 8
575 480 -2
575 482 2
575 483 -4
575 484 4
575 485 6
575 486 6
575 501 8
575 507 6
575 508 -8
575 512 4
575 518 -2
575 598 4
575 605 8
575 610 48
576 480 4
576 481 -4
576 482 -12
576 492 8
576 504 -12
576 510 -4
576 515 4
576 599 4
576 605 8
576 606 12
577 479 -4
577 480 -8
577 483 -8
577 496 8
577 497 -4
577 511 2
577 512 -2
577 515 -2
577 526 2
577 600 4
577 607 16
578 479 4
578 498 16
578 513 -4
578 527 2
578 601 4
578 606 -12
578 610 -32
579 484 8
579 490 8
579 491 -8
579 504 -8
579 516 -4
579 522 -2
579 524 4
579 605 8
579 608 12
580 484 4
580 485 4
580 486 4
580 487 8
580 488 -8
580 492 -4
580 493 -8
580 495 12
580 503 4
580 517 2
580 518 -2
580 523 -8
580 526 4
580 609 8
581 485 -4
581 486 4
581 497 4
581 519 -4
581 522 -2
581 528 8
581 609 12
582 498 -8
582 499 -4
582 521 2
582 529 4
582 608 12
582 610 16
583 489 -4
583 498 -12
583 525 4
583 527 2
583 606 8
583 608 8
584 489 -4
584 490 -4
584 491 -4
584 524 -2
584 528 2
584 607 8
585 505 -4
585 529 8
585 602 4
585 610 4
586 506 -4
586 510 4
586 514 4
586 521 -12
586 527 8
586 603 4
586 606 4
586 610 -16
587 506 -4
587 507 -4
587 508 -4
587 528 8
587 604 4
587 607 4
588 530 4
588 531 -4
588 532 -4
588 611 100
588 612 4
588 613 12
589 530 2
589 531 2
589 532 -4
589 533 2
589 534 -4
589 535 -2
589 536 -4
589 612 32
589 615 -12
589 616 8
590 531 -4
590 532 4
590 614 8
590 615 -12
590 616 -8
591 531 -4
591 532 2
591 534 -2
591 536 -2
591 537 -2
591 612 16
591 614 -4
591 616 4
592 538 -2
592 542 6
592 611 40
593 539 -4
593 541 -4
593 543 4
593 612 16
593 614 -4
594 531 -8
594 544 4
594 545 -4
594 548 -4
594 613 48
594 614 4
594 616 8
595 531 -4
595 546 2
595 547 -6
595 548 -2
595 613 32
595 615 4
596 538 -2
596 543 2
596 549 -4
596 551 -4
596 556 6
596 612 24
596 617 -12
597 534 10
597 535 -4
597 536 -2
597 539 -4
597 540 -2
597 544 4
597 552 2
597 557 4
597 614 24
598 534 -2
598 536 2
598 537 -4
598 540 6
598 541 -8
598 545 4
598 552 4
598 553 2
598 554 2
598 555 -6
598 558 4
598 614 24
598 617 24
599 534 4
599 535 -4
599 536 -12
599 543 -4
599 548 4
599 557 4
599 558 -4
599 562 6
599 614 24
599 615 36
600 533 -4
600 534 -8
600 537 -8
600 544 2
600 545 -2
600 548 -2
600 559 2
600 560 -6
600 563 -8
600 616 48
601 533 4
601 546 -4
601 561 8
601 562 2
601 615 -36
601 617 -16
602 538 -4
602 566 -2
602 567 -4
602 571 6
602 613 24
602 617 4
603 539 -4
603 543 4
603 547 4
603 568 -2
603 570 -6
603 615 12
603 617 -8
604 539 -4
604 540 -4
604 541 -4
604 569 -4
604 572 4
604 616 12
605 550 8
605 551 -8
605 552 8
605 562 8
605 565 -4
605 566 4
605 568 -2
605 574 4
605 575 -4
605 576 4
605 579 6
605 614 12
605 617 24
606 549 -4
606 561 -12
606 567 4
606 576 -2
606 578 -6
606 583 6
606 615 12
606 617 16
607 549 -4
607 550 -4
607 551 -4
607 566 -2
607 572 2
607 577 -4
607 584 6
607 616 12
608 556 -4
608 561 -8
608 570 2
608 571 4
608 579 -2
608 582 8
608 583 4
608 617 16
609 553 -4
609 554 4
609 560 4
609 568 -2
609 569 -4
609 572 8
609 580 -4
609 581 6
610 573 -4
610 578 -8
610 582 8
610 585 4
610 586 -2
610 617 4
611 588 -2
612 588 -2
612 589 -4
612 591 -4
612 618 -12
613 588 -4
613 594 -2
613 595 -4
613 618 4
614 590 8
614 591 -8
614 593 -4
614 594 4
614 597 4
614 598 -4
614 599 4
614 618 48
615 589 -4
615 595 4
615 599 -2
615 601 -6
615 618 32
616 589 -4
616 590 -4
616 591 -4
616 594 -2
616 600 -4
617 596 -4
617 601 -8
617 602 4
617 603 -2
617 605 -2
617 606 4
617 608 6
617 618 24
618 612 -4
618 613 4
618 614 -2
618 615 4
619 631 12
619 635 4
619 645 8
619 650 4
619 651 4
619 659 -4
619 660 -4
619 665 4
620 631 4
620 632 8
620 635 4
620 636 -4
620 645 8
620 646 12
620 649 42
620 650 -2
620 651 -4
620 652 2
620 654 6
620 655 -12
620 659 8
620 660 8
620 661 -2
620 663 10
620 664 -20
620 665 -4
620 666 2
621 631 4
621 633 8
621 636 4
621 637 4
621 646 -4
621 650 4
621 651 6
621 652 -4
621 653 2
621 654 6
621 655 -6
621 659 4
621 660 2
621 661 2
621 662 -4
621 664 -10
621 665 2
622 631 4
622 634 8
622 637 4
622 638 -4
622 646 4
622 650 -4
622 651 4
622 652 2
622 653 -2
622 655 -6
622 656 6
622 657 -12
622 659 4
622 660 10
622 661 4
622 662 4
622 663 10
622 666 -2
623 631 4
623 634 8
623 638 4
623 639 4
623 646 -4
623 650 4
623 651 4
623 652 2
623 653 -2
623 655 12
623 656 6
623 657 -6
623 659 4
623 660 2
623 661 -4
623 662 4
623 663 10
623 665 8
623 666 -2
624 631 4
624 633 8
624 639 4
624 640 -4
624 646 4
624 650 -4
624 651 6
624 652 -4
624 653 2
624 654 6
624 657 -6
624 659 4
624 660 2
624 661 -2
624 662 -4
624 664 -10
624 665 2
625 631 4
625 632 8
625 635 4
625 640 4
625 645 8
625 646 4
625 649 42
625 650 6
625 651 4
625 652 2
625 654 6
625 657 12
625 661 2
625 663 10
625 664 20
625 665 4
625 666 2
626 632 8
626 633 4
626 636 4
626 640 4
626 641 4
626 645 16
626 647 -4
626 650 8
626 651 4
626 652 8
626 655 6
626 657 6
626 659 4
626 660 8
626 661 -8
626 664 20
626 665 4
626 666 4
627 632 4
627 633 4
627 634 4
627 637 4
627 641 -4
627 642 -4
627 645 8
627 647 4
627 648 8
627 650 -4
627 652 4
627 653 8
627 654 6
627 656 6
627 657 6
627 658 18
627 659 4
627 660 2
627 661 4
627 662 -4
627 663 10
627 664 10
627 665 -2
627 666 10
628 632 4
628 634 8
628 638 4
628 642 -4
628 643 4
628 645 8
628 647 -4
628 650 4
628 652 4
628 653 8
628 655 6
628 657 6
628 658 12
628 659 12
628 661 4
628 662 8
628 665 4
628 666 8
629 632 4
629 633 4
629 634 4
629 639 4
629 641 4
629 643 -4
629 645 8
629 647 4
629 648 8
629 650 -4
629 652 12
629 654 6
629 655 6
629 656 6
629 658 -6
629 659 4
629 660 2
629 661 -4
629 662 12
629 663 10
629 664 10
629 665 -2
629 666 2
630 633 8
630 634 4
630 642 4
630 643 4
630 644 12
630 653 12
630 655 6
630 656 12
630 657 6
630 658 -12
630 659 4
630 661 4
630 662 16
630 666 -4
631 619 2
631 621 -2
631 622 -2
631 623 -2
631 624 -2
631 667 16
631 668 4
632 619 4
632 621 2
632 624 2
632 626 -4
632 627 -2
632 628 -2
632 629 -2
632 667 16
632 668 4
632 669 -4
632 671 56
632 672 8
632 673 8
632 674 12
632 675 -12
632 677 20
632 678 8
633 620 2
633 622 2
633 623 2
633 625 2
633 626 -2
633 627 -2
633 629 -2
633 630 -4
633 667 16
633 669 4
633 670 4
633 673 8
633 674 12
634 621 2
634 622 2
634 623 2
634 624 2
634 627 -2
634 628 -4
634 629 -2
634 630 -2
634 667 16
634 670 4
634 673 8
634 675 12
634 676 24
634 677 20
634 678 8
635 619 2
635 620 2
635 621 -2
635 624 -2
635 625 2
635 668 12
635 679 8
635 684 4
635 687 12
635 691 -20
635 692 4
636 619 2
636 620 -4
636 621 4
636 622 2
636 624 -2
636 626 2
636 629 -2
636 668 4
636 669 8
636 679 8
636 680 12
636 683 -2
636 684 4
636 685 2
636 687 6
636 691 -10
636 693 8
636 694 2
637 620 -2
637 621 2
637 622 2
637 623 -2
637 627 2
637 629 -2
637 630 -2
637 668 4
637 670 8
637 680 -4
637 683 -4
637 684 6
637 685 4
637 686 4
637 687 6
637 688 -6
637 689 12
637 691 10
637 692 4
637 693 -2
637 694 4
638 621 2
638 622 -4
638 623 4
638 624 2
638 628 2
638 630 -4
638 668 4
638 680 4
638 683 -4
638 684 4
638 686 8
638 688 -6
638 689 6
638 692 8
638 693 4
639 622 -2
639 623 2
639 624 2
639 625 -2
639 627 -2
639 629 2
639 630 -2
639 668 4
639 670 8
639 680 -4
639 683 -4
639 684 6
639 685 -4
639 686 4
639 687 -6
639 688 12
639 689 6
639 691 -10
639 692 4
639 693 2
639 694 -4
640 619 2
640 621 -2
640 623 2
640 624 -4
640 625 4
640 626 2
640 627 -2
640 668 4
640 669 -8
640 679 8
640 680 -4
640 683 -6
640 684 12
640 685 -2
640 687 -6
640 691 10
640 692 8
640 694 -2
641 620 -2
641 622 2
641 623 2
641 625 -2
641 626 2
641 627 -4
641 628 -4
641 629 4
641 670 4
641 679 16
641 681 -4
641 684 4
641 685 -8
641 688 6
641 689 -6
641 690 36
641 692 4
641 694 -8
642 621 -2
642 623 2
642 626 2
642 627 -4
642 629 2
642 630 2
642 669 4
642 670 -4
642 679 -8
642 681 4
642 682 8
642 683 -4
642 685 4
642 686 -16
642 687 6
642 690 18
642 692 -8
642 693 2
642 694 -14
643 622 -2
643 624 2
643 626 -2
643 627 -2
643 629 -4
643 630 6
643 669 4
643 670 4
643 679 8
643 681 -4
643 682 8
643 683 -4
643 685 12
643 687 6
643 690 18
643 692 8
643 693 2
643 694 -6
644 627 -2
644 629 -2
644 630 2
644 670 4
644 682 -4
644 686 8
644 688 6
644 689 -6
644 694 4
645 619 8
645 667 4
645 671 28
645 679 4
645 695 20
645 696 12
646 619 4
646 620 10
646 621 -6
646 622 4
646 623 -4
646 624 2
646 625 2
646 626 -4
646 668 4
646 672 8
646 680 -4
646 697 -20
646 698 8
646 699 12
647 620 4
647 621 2
647 622 -2
647 623 2
647 624 -2
647 625 -4
647 626 -4
647 627 2
647 628 -4
647 629 6
647 669 4
647 680 -4
647 681 4
647 697 -20
647 698 -8
647 699 12
648 620 -2
648 621 2
648 624 2
648 625 -2
648 626 -4
648 627 4
648 628 -4
648 629 4
648 670 4
648 672 8
648 681 -4
648 682 -4
648 698 8
648 700 12
649 671 8
650 620 -4
650 621 4
650 622 -4
650 623 4
650 624 -4
650 625 4
650 672 8
650 679 8
650 683 -4
650 697 20
650 701 12
651 619 -4
651 620 -6
651 621 -2
651 622 -2
651 623 -2
651 624 -2
651 625 2
651 673 8
651 680 4
651 684 4
652 619 4
652 620 -4
652 621 2
652 624 2
652 625 -4
652 626 -4
652 627 -6
652 628 -8
652 629 2
652 630 4
652 673 8
652 681 4
652 684 4
652 685 -4
652 695 40
652 698 8
652 702 16
652 703 12
653 620 2
653 622 -2
653 623 -2
653 625 2
653 626 -4
653 627 2
653 628 -4
653 629 -6
653 673 8
653 682 4
653 685 4
653 686 8
653 702 16
653 703 12
654 622 -2
654 623 -2
654 674 12
654 687 -4
654 696 8
654 703 4
655 619 2
655 620 -4
655 622 -2
655 623 4
655 624 2
655 627 -2
655 674 4
655 675 8
655 687 -4
655 688 4
655 696 8
655 699 -12
655 701 2
655 703 4
656 620 -2
656 625 -2
656 627 -2
656 629 -2
656 674 4
656 676 16
656 688 -4
656 689 -4
656 699 4
656 701 4
656 703 8
657 619 2
657 621 2
657 622 -4
657 623 -2
657 625 4
657 629 -2
657 674 4
657 675 -8
657 687 4
657 689 -4
657 696 8
657 699 4
657 701 6
657 703 12
658 620 -2
658 621 2
658 624 2
658 625 -2
658 626 -4
658 627 4
658 629 -4
658 676 8
658 688 -4
658 689 4
658 690 -12
658 696 16
658 700 4
658 703 4
659 619 4
659 621 8
659 624 8
659 625 -8
659 626 -8
659 627 -4
659 628 -4
659 629 -4
659 673 8
659 677 20
659 683 4
659 692 4
659 703 12
660 619 4
660 620 2
660 621 2
660 622 8
660 624 2
660 625 -6
660 628 -8
660 630 -4
660 674 12
660 678 8
660 684 4
660 693 -4
660 701 -12
660 702 8
661 620 4
661 621 4
661 624 -4
661 625 -4
661 626 -8
661 628 4
661 630 4
661 675 12
661 685 4
661 693 -4
661 694 4
661 701 -12
661 702 -8
662 620 -2
662 621 2
662 624 2
662 625 -2
662 626 -4
662 627 -8
662 628 -4
662 630 8
662 676 12
662 678 4
662 686 4
662 694 -4
662 702 4
663 620 -2
663 625 -2
663 677 12
663 691 4
663 695 8
664 619 4
664 620 -6
664 625 2
664 677 4
664 695 16
664 697 4
665 619 -4
665 620 -6
665 622 -4
665 623 4
665 625 2
665 678 8
665 692 4
665 693 4
665 699 -12
666 619 4
666 620 -2
666 625 -2
666 626 -8
666 627 8
666 628 -4
666 678 8
666 692 4
666 694 4
666 696 24
666 698 8
666 700 -12
667 631 4
667 632 -4
667 633 -4
667 634 -4
667 704 84
667 705 4
667 706 20
667 707 12
668 631 2
668 632 2
668 633 -4
668 635 2
668 636 -4
668 637 -2
668 638 -2
668 639 -2
668 640 -4
668 705 16
668 709 -20
668 710 8
668 711 12
669 632 -4
669 633 4
669 637 -2
669 639 2
669 642 -2
669 643 -2
669 708 8
669 709 -20
669 710 -8
669 711 12
670 632 -4
670 633 2
670 634 -2
670 636 -2
670 638 -4
670 640 -2
670 641 -2
670 642 2
670 643 -2
670 644 -6
670 705 16
670 708 -8
670 710 8
670 712 12
671 645 -2
671 649 6
671 704 12
672 646 -4
672 648 -4
672 650 4
672 705 8
672 708 -4
672 713 12
673 632 -8
673 634 -8
673 651 4
673 652 -4
673 653 -4
673 659 -4
673 706 40
673 708 4
673 710 4
673 714 24
674 634 -4
674 654 2
674 655 -4
674 656 -2
674 657 -4
674 660 -2
674 707 16
674 711 -4
674 714 8
675 632 -4
675 634 4
675 661 -2
675 711 -4
675 712 4
675 713 -8
675 714 -8
676 632 -4
676 655 -2
676 657 -2
676 658 -2
676 662 -2
676 707 8
676 712 -4
676 713 4
676 714 4
677 632 -4
677 659 -2
677 663 2
677 664 -6
677 706 16
677 709 4
678 632 -8
678 660 -4
678 662 -4
678 665 4
678 666 -4
678 707 24
678 710 4
678 713 -12
679 645 -2
679 650 2
679 705 4
679 715 -20
679 716 12
680 636 10
680 637 -2
680 638 4
680 639 -6
680 640 -2
680 646 -4
680 647 -2
680 651 4
680 708 8
681 637 2
681 639 -2
681 641 -4
681 642 6
681 643 -2
681 647 2
681 648 -4
681 652 4
681 708 8
681 715 40
681 717 8
681 718 12
682 636 -2
682 637 -4
682 639 4
682 640 2
682 642 6
682 643 6
682 644 -12
682 647 4
682 648 -4
682 653 4
682 708 8
682 717 8
682 718 12
683 636 4
683 637 -4
683 638 -4
683 639 -4
683 640 -12
683 650 -4
683 659 4
683 708 8
683 709 20
683 719 12
684 635 -4
684 636 -6
684 637 -2
684 638 -8
684 639 -2
684 640 2
684 642 4
684 643 -4
684 651 2
684 652 2
684 653 -4
684 660 -2
684 710 8
684 719 -12
684 720 24
685 636 -4
685 637 4
685 639 -4
685 640 4
685 641 -8
685 642 -4
685 643 4
685 652 -4
685 653 4
685 661 -2
685 717 8
685 719 -12
685 720 -24
686 636 -2
686 637 -2
686 639 -2
686 640 -2
686 641 -4
686 643 -8
686 652 -4
686 653 2
686 662 -2
686 710 4
686 717 -4
686 720 12
687 635 4
687 637 2
687 639 -2
687 654 -4
687 655 -2
687 657 2
687 711 12
687 716 8
687 719 -4
688 635 2
688 637 -2
688 639 4
688 640 2
688 641 2
688 654 -2
688 655 2
688 656 -2
688 657 -2
688 658 -4
688 711 4
688 712 8
688 716 8
688 718 -12
688 719 2
689 635 -2
689 636 -2
689 637 4
689 639 2
689 641 -2
689 654 2
689 655 2
689 656 -6
689 657 -2
689 658 4
689 711 4
689 712 8
689 716 8
689 718 -4
689 719 -6
690 636 -2
690 640 2
690 641 4
690 655 2
690 657 -2
690 658 -4
690 712 4
690 716 8
690 719 -4
691 635 -4
691 663 4
691 709 12
691 715 16
692 635 -4
692 636 -8
692 641 -8
692 642 4
692 643 -4
692 659 -2
692 665 2
692 666 -2
692 710 8
692 718 -12
693 636 2
693 638 4
693 640 6
693 660 -4
693 661 -2
693 665 4
693 711 12
694 636 -2
694 640 2
694 641 -8
694 642 -16
694 643 -8
694 644 12
694 661 6
694 662 -8
694 666 4
694 712 12
694 716 -24
694 717 -8
695 645 -4
695 706 4
695 715 4
696 645 -4
696 707 4
696 716 -4
697 646 -4
697 650 4
697 664 4
697 709 4
697 715 -8
698 646 -8
698 647 -8
698 648 -8
698 710 4
698 717 -4
699 646 4
699 655 -10
699 656 4
699 657 2
699 665 -4
699 711 4
699 713 8
699 718 4
700 647 -4
700 648 4
700 655 2
700 657 -2
700 658 4
700 666 -4
700 712 4
700 713 8
700 718 4
701 650 4
701 655 -4
701 656 4
701 657 12
701 660 -4
701 713 8
701 716 8
701 719 4
702 652 -8
702 660 -4
702 661 -4
702 662 -4
702 714 12
702 717 4
702 720 12
703 652 -4
703 654 -4
703 655 -8
703 658 -8
703 659 -4
703 714 16
703 718 4
703 719 4
704 667 -2
705 667 -2
705 668 -4
705 670 -4
705 721 -20
705 722 12
706 667 -4
706 673 -2
706 677 -4
706 721 4
707 667 -4
707 674 -4
707 676 -4
707 678 -2
707 722 -4
708 669 8
708 670 -8
708 672 -4
708 673 4
708 680 4
708 681 -4
708 682 -4
708 683 4
708 721 40
708 723 12
709 668 -4
709 677 4
709 683 -2
709 691 6
709 721 16
710 668 -8
710 669 -8
710 670 -8
710 673 -2
710 678 -2
710 684 -4
710 686 -4
710 692 -4
710 723 -12
711 668 4
711 674 -4
711 675 -2
711 687 2
711 693 -2
711 722 16
712 669 -4
712 670 4
712 675 6
712 676 -8
712 687 4
712 688 2
712 689 2
712 690 -6
712 694 -2
712 722 16
712 723 -8
713 672 4
713 675 -8
713 676 8
713 678 -4
713 699 4
713 700 -4
713 701 4
713 722 8
713 723 4
714 673 -4
714 674 -4
714 675 -4
714 676 -4
714 702 -2
714 703 -4
714 723 4
715 679 -4
715 691 8
715 695 4
715 697 -2
715 721 4
716 679 4
716 687 8
716 696 -4
716 701 2
716 722 4
717 681 -8
717 685 8
717 686 -8
717 698 -4
717 702 8
717 723 12
718 681 -4
718 687 -4
718 688 -8
718 690 12
718 692 -4
718 699 2
718 700 -2
718 703 4
718 723 8
719 683 -4
719 684 -4
719 688 4
719 689 -4
719 701 -2
719 703 4
719 723 8
720 684 -4
720 685 -4
720 686 -4
720 702 -2
721 705 -4
721 706 4
721 708 -2
721 709 4
722 705 4
722 707 -4
722 711 4
722 712 -4
723 708 -4
723 710 -4
723 713 -2
723 714 8
723 717 -2
723 718 -4
723 719 4
724 725 36
724 726 4
724 727 28
724 728 12
724 729 20
725 724 -2
726 724 -2
726 730 -28
726 731 12
726 732 -20
727 724 -4
727 730 4
728 724 -4
728 731 -4
728 733 20
729 724 -4
729 732 4
729 733 -12
730 726 -4
730 727 4
731 726 4
731 728 -4
731 734 20
732 726 -4
732 729 4
732 734 12
733 728 4
733 729 -4
733 734 4
734 731 -2
734 732 -2
734 734 0
