2 99 2
2 100 2
2 102 4
2 105 2
2 106 2
2 108 2
3 98 -2
4 98 -4
4 99 -2
4 100 -2
4 104 -2
4 105 2
4 106 2
4 107 -2
4 109 4
5 99 -2
5 100 -2
6 99 -2
6 100 -2
6 102 -4
6 104 2
6 105 -2
6 106 -2
6 107 2
6 108 2
6 109 2
7 98 2
7 101 -2
7 102 -2
7 103 -2
8 101 -2
8 103 -2
8 104 2
8 107 2
8 109 -4
9 99 2
9 100 2
9 104 -2
9 105 -2
9 106 -2
9 107 -2
10 101 2
10 102 2
10 103 2
10 104 -2
10 107 -2
10 108 -4
10 109 -2
11 111 2
11 112 2
11 114 4
11 117 2
11 118 2
12 110 -2
12 121 2
13 110 -4
13 111 -2
13 112 -2
13 116 -2
13 117 2
13 118 2
13 119 6
13 125 2
13 126 2
13 128 4
13 130 2
13 142 -2
14 111 -2
14 112 -2
14 132 2
15 111 -2
15 112 -2
15 114 -4
15 116 4
15 135 2
15 136 2
15 138 4
16 110 2
16 113 -2
16 114 -2
16 115 -2
16 140 2
16 151 2
17 114 2
17 117 -2
17 118 -2
17 119 -6
17 145 2
17 146 2
17 147 6
17 155 2
18 111 2
18 112 2
18 116 -4
18 117 -2
18 118 -2
18 149 2
18 153 4
19 120 -2
19 122 2
19 124 -2
19 143 -6
20 121 -2
20 123 2
20 134 -2
20 151 -2
21 122 -2
21 123 -2
21 144 -2
21 152 -2
22 124 -4
22 125 -2
22 126 -2
22 130 4
22 150 -2
23 125 -2
23 126 -2
23 131 -2
23 133 2
23 151 -4
24 125 -2
24 126 -2
24 127 2
24 128 -2
24 129 2
24 130 -2
24 134 -4
24 135 -2
24 136 -2
24 137 2
24 138 2
24 154 -2
24 155 -2
25 124 2
25 127 -2
25 128 -2
25 129 -2
25 139 -2
25 141 2
25 152 -2
25 153 -2
26 125 2
26 126 2
26 127 -2
26 129 -2
26 130 -4
26 144 -4
26 148 -2
27 132 -2
27 135 -2
27 136 -2
27 153 -4
28 133 -2
28 145 -2
28 146 -2
29 138 -4
29 149 -2
30 134 2
30 137 -4
30 138 -2
30 140 -2
30 141 -2
30 144 2
30 145 -2
30 146 -2
30 147 -6
31 157 2
31 158 2
31 160 4
31 162 2
32 156 -2
32 164 2
33 156 -4
33 157 -2
33 158 -2
33 162 4
33 167 2
33 168 2
33 170 4
33 180 -2
34 157 -2
34 158 -2
34 172 2
35 157 -2
35 158 -2
35 159 2
35 160 -2
35 161 2
35 162 -2
35 175 2
35 176 2
35 177 6
36 156 2
36 159 -2
36 160 -2
36 161 -2
36 179 2
36 187 2
37 157 2
37 158 2
37 159 -2
37 161 -2
37 162 -4
37 183 4
37 185 2
38 163 -2
38 165 2
38 166 -2
38 181 -6
38 189 2
38 195 -2
39 164 -2
39 174 -2
39 187 -2
39 193 2
40 165 -2
40 182 -2
40 197 2
41 166 -4
41 167 -2
41 168 -2
41 169 2
41 170 2
41 186 -2
41 201 2
41 202 2
41 203 6
41 210 -2
42 167 -2
42 168 -2
42 171 -2
42 173 2
42 187 -4
42 205 2
42 217 -2
43 170 -4
43 174 -4
43 184 -2
43 185 -2
43 207 4
43 221 -2
44 166 2
44 169 -4
44 170 -2
44 178 -2
44 182 -2
44 183 -2
44 209 2
44 212 2
44 223 -2
45 172 -2
45 173 -2
45 175 -2
45 176 -2
45 183 -4
45 215 2
46 174 2
46 175 -2
46 176 -2
46 177 -6
46 179 -2
46 219 2
47 188 -2
47 190 2
47 199 -2
47 200 -2
47 211 -6
48 189 -2
48 190 -2
48 192 -2
48 196 -2
48 197 -2
48 206 -2
48 212 -2
48 222 -6
49 193 -2
49 219 -2
50 200 -4
50 213 -2
51 201 -2
51 202 -2
51 204 -2
51 212 -4
51 218 -2
52 200 2
52 201 -2
52 202 -2
52 203 -6
52 206 -2
52 207 -2
52 208 -2
52 209 -2
52 220 -2
53 205 -2
53 207 -4
53 214 -2
53 215 -2
53 219 -4
54 225 2
54 226 2
54 228 4
55 224 -2
55 230 2
56 224 -4
56 225 -2
56 226 -2
56 227 2
56 228 2
56 233 2
56 234 2
56 235 6
56 242 -2
57 225 -2
57 226 -2
57 237 2
58 228 -4
58 239 4
59 224 2
59 227 -4
59 228 -2
59 241 2
59 244 2
60 229 -2
60 231 2
60 232 -2
60 243 -6
60 247 2
60 252 -2
61 230 -2
61 231 -2
61 238 -2
61 244 -2
61 250 2
62 232 -4
62 245 -2
62 255 4
62 260 -2
63 233 -2
63 234 -2
63 236 -2
63 244 -4
63 257 2
63 264 -2
64 232 2
64 233 -2
64 234 -2
64 235 -6
64 238 -2
64 239 -2
64 240 -2
64 241 -2
64 258 2
64 266 -2
65 237 -2
65 239 -4
66 246 -2
66 253 -2
66 254 -2
66 261 -6
66 268 2
66 272 -2
67 247 -2
67 249 -2
67 250 -2
67 258 -2
67 265 -6
67 275 -2
68 254 -2
68 255 -2
68 259 -2
68 276 2
68 279 -2
69 255 -4
69 256 -2
69 257 -2
69 258 -4
69 262 -2
69 280 -2
70 267 -2
70 268 -2
70 270 -2
70 276 -2
70 278 -6
71 276 -4
71 277 -2
72 282 2
72 283 2
72 284 6
73 281 -2
73 286 2
74 281 -4
74 288 4
74 293 -2
75 282 -2
75 283 -2
75 290 2
76 281 2
76 282 -2
76 283 -2
76 284 -6
76 291 2
77 285 -2
77 287 -2
77 294 -6
77 296 2
77 300 -2
78 286 -2
78 291 -2
79 287 -2
79 288 -2
79 292 -2
79 301 2
79 304 -2
80 288 -4
80 289 -2
80 290 -2
80 291 -4
80 305 -2
81 295 -2
81 296 -2
81 298 -2
81 301 -2
81 303 -6
81 308 -2
82 301 -4
82 302 -2
82 311 -2
83 306 -2
83 310 -6
83 312 -2
84 315 4
85 314 -2
85 317 2
86 314 -2
86 315 -2
86 318 2
86 321 -2
87 315 -4
88 316 -2
88 317 -2
88 318 -2
88 320 -6
88 324 -2
89 318 -4
89 319 -2
89 326 -2
90 322 -2
90 325 -6
90 327 -2
91 329 2
92 329 -2
93 329 -4
93 332 -2
94 330 -2
94 331 -6
94 333 -2
96 335 -6
96 336 -2
98 2 -8
98 4 -8
98 5 -32
98 6 -12
98 7 -28
98 8 -16
98 9 -24
98 10 -20
98 415 -4
98 420 -12
98 427 -4
98 431 -4
98 435 -4
99 2 -4
99 4 -8
99 6 -6
99 7 -14
99 8 -8
99 9 -12
99 10 -10
99 415 2
99 416 -4
99 421 -6
99 428 -4
99 431 -4
99 432 -2
99 436 -4
99 437 -2
100 2 -4
100 4 -8
100 6 -6
100 7 -14
100 8 -8
100 9 -12
100 10 -10
100 415 2
100 417 -4
100 421 -6
100 429 -4
100 431 -4
100 432 -2
100 436 -4
100 437 -2
101 2 -4
101 4 -8
101 6 -12
101 8 -8
101 9 -12
101 10 -10
101 415 2
101 416 2
101 418 -4
101 420 6
101 422 -6
101 427 4
101 429 -4
101 431 2
101 432 -2
101 435 -2
101 437 2
101 438 -2
102 416 2
102 417 2
102 419 -4
102 430 -12
102 432 -4
102 436 -4
102 438 -4
103 2 -4
103 4 -8
103 6 -12
103 8 -8
103 9 -12
103 10 -10
103 415 2
103 417 2
103 418 -4
103 420 6
103 422 -6
103 427 4
103 428 -4
103 431 2
103 432 -2
103 435 -2
103 437 2
103 438 -2
104 2 -4
104 4 -8
104 6 -12
104 8 -16
104 10 -10
104 415 -4
104 416 2
104 417 -4
104 418 2
104 421 6
104 422 6
104 427 -4
104 428 4
104 431 2
104 432 4
104 435 2
104 436 2
104 438 2
105 415 2
105 417 2
105 418 2
105 419 -2
105 428 -4
105 429 4
105 431 2
105 436 2
105 437 -2
106 415 2
106 416 2
106 418 2
106 419 -2
106 428 4
106 429 -4
106 431 2
106 436 2
106 437 -2
107 2 -4
107 4 -8
107 6 -12
107 8 -16
107 10 -10
107 415 -4
107 416 -4
107 417 2
107 418 2
107 421 6
107 422 6
107 427 -4
107 429 4
107 431 2
107 432 4
107 435 2
107 436 2
107 438 2
108 416 -2
108 417 -2
108 419 4
108 430 12
108 432 4
108 436 4
108 438 4
109 416 2
109 417 2
109 419 4
109 427 4
109 428 4
109 429 4
109 435 4
109 437 4
110 1 -4
110 11 -16
110 13 -8
110 14 -28
110 15 -12
110 16 -24
110 17 -16
110 18 -20
110 338 2
110 341 2
110 343 2
110 350 2
110 355 2
110 467 -4
110 471 -12
110 475 -4
110 477 -4
111 1 -2
111 11 -8
111 13 -8
111 15 -6
111 16 -12
111 17 -8
111 18 -10
111 344 2
111 345 2
111 356 2
111 359 2
111 467 2
111 468 -4
111 472 -6
111 476 -4
111 477 -4
111 478 -2
112 1 -2
112 11 -8
112 13 -8
112 15 -6
112 16 -12
112 17 -8
112 18 -10
112 345 2
112 348 2
112 357 2
112 361 2
112 467 2
112 469 -4
112 472 -6
112 476 -4
112 477 -4
112 478 -2
113 1 -2
113 11 -8
113 13 -8
113 15 -12
113 17 -8
113 18 -10
113 339 2
113 354 2
113 358 2
113 361 2
113 467 2
113 468 2
113 469 -4
113 471 6
113 477 2
114 357 2
114 359 2
114 362 10
114 468 2
114 469 2
114 470 -12
114 476 -4
114 478 -4
115 1 -2
115 11 -8
115 13 -8
115 15 -12
115 17 -8
115 18 -10
115 340 2
115 352 2
115 356 2
115 360 2
115 467 2
115 468 -4
115 469 2
115 471 6
115 477 2
116 1 -2
116 11 -8
116 13 -8
116 15 -12
116 17 -16
116 343 2
116 347 4
116 350 2
116 467 -8
116 468 2
116 469 2
116 472 12
116 476 4
116 477 4
116 478 4
117 348 2
117 356 2
117 359 2
117 467 2
117 468 -4
117 469 4
117 470 6
117 476 4
117 477 2
117 478 2
118 344 2
118 357 2
118 361 2
118 467 2
118 468 4
118 469 -4
118 470 6
118 476 4
118 477 2
118 478 2
119 353 2
119 468 2
119 469 2
119 475 4
120 1 -2
120 12 -32
120 19 -56
120 20 -72
120 21 -80
120 337 -4
120 339 -2
120 340 -2
120 346 -2
120 349 -2
120 496 -4
120 502 -4
121 338 -2
121 341 -2
121 343 -2
121 350 -2
121 355 -2
121 496 4
121 497 -4
121 503 -4
122 337 2
122 342 -2
122 351 -2
122 352 -2
122 354 -2
122 496 4
122 497 4
122 502 8
122 503 4
123 338 2
123 341 2
123 342 -2
123 345 -2
123 351 -2
123 496 -4
123 497 8
123 502 4
123 503 8
124 1 -4
124 13 -8
124 22 -16
124 23 -24
124 24 -12
124 25 -20
124 26 -16
124 337 -8
124 339 -2
124 340 -2
124 342 2
124 346 -2
124 349 -2
124 351 2
124 352 2
124 354 2
124 511 -4
124 513 -12
124 515 -4
125 1 -2
125 13 -4
125 22 -16
125 24 -6
125 25 -10
125 26 -8
125 338 -6
125 340 -4
125 344 -2
125 347 -2
125 352 2
125 353 2
125 357 2
125 358 -2
125 511 2
125 512 -4
125 514 -6
125 515 -4
126 1 -2
126 13 -4
126 22 -16
126 24 -6
126 25 -10
126 26 -8
126 339 -4
126 341 -6
126 347 -2
126 348 -2
126 353 2
126 354 2
126 359 2
126 360 -2
126 511 2
126 512 -4
126 514 -6
126 515 -4
127 1 -2
127 13 -4
127 22 -16
127 24 -12
127 26 -8
127 342 -6
127 344 -2
127 346 2
127 349 -4
127 353 -2
127 355 2
127 511 -2
127 512 2
127 513 6
127 514 6
127 515 4
128 343 -4
128 345 -4
128 350 -4
129 1 -2
129 13 -4
129 22 -16
129 24 -12
129 26 -8
129 346 -4
129 348 -2
129 349 2
129 351 -6
129 353 -2
129 355 2
129 511 -2
129 512 2
129 513 6
129 514 6
129 515 4
130 352 -4
130 354 -4
130 355 -4
130 357 -2
130 358 2
130 359 -2
130 360 2
130 511 4
130 512 4
130 515 4
131 1 -4
131 14 -28
131 23 -48
131 27 -60
131 28 -64
131 338 -2
131 339 -2
131 340 -2
131 341 -2
131 344 -2
131 347 -4
131 348 -2
131 358 -2
131 360 -2
131 519 -4
131 523 -4
132 344 -2
132 345 -4
132 348 -2
132 356 -2
132 357 -2
132 359 -2
132 361 -2
132 519 4
132 520 -4
133 339 2
133 340 2
133 352 -2
133 353 -4
133 354 -2
133 357 -2
133 359 -2
133 519 4
133 520 8
133 523 12
134 1 -4
134 15 -8
134 24 -8
134 27 -20
134 29 -24
134 30 -16
134 338 -2
134 339 -2
134 340 -2
134 341 -2
134 342 2
134 343 -2
134 345 2
134 350 -2
134 351 2
134 355 -2
134 524 -4
134 525 -12
135 1 -2
135 15 -4
135 24 -8
135 29 -12
135 30 -8
135 344 -4
135 345 -2
135 347 -2
135 348 2
135 356 -2
135 359 -2
135 524 -2
136 1 -2
136 15 -4
136 24 -8
136 29 -12
136 30 -8
136 344 2
136 345 -2
136 347 -2
136 348 -4
136 357 -2
136 361 -2
136 524 -2
137 1 -2
137 15 -4
137 24 -8
137 29 -24
137 346 2
137 349 2
137 352 -2
137 353 -2
137 354 -2
137 356 -2
137 358 -2
137 360 -2
137 361 -2
137 524 4
137 525 12
138 347 2
138 356 -2
138 357 -4
138 359 -4
138 361 -2
138 362 -10
138 524 4
139 1 -6
139 16 -24
139 25 -40
139 30 -48
139 337 2
139 339 2
139 340 2
139 342 -2
139 343 -2
139 350 -2
139 351 -2
139 353 -4
139 356 -2
139 358 -2
139 360 -2
139 361 -2
139 526 -4
140 343 2
140 350 2
140 352 -2
140 354 -2
140 355 2
140 356 -2
140 357 -2
140 358 -2
140 359 -2
140 360 -2
140 361 -2
140 362 -10
140 526 4
141 345 -2
141 346 2
141 347 2
141 349 2
141 352 2
141 354 2
141 355 -4
141 356 -2
141 358 -2
141 360 -2
141 361 -2
141 526 8
142 1 -14
142 13 -8
142 338 2
142 341 2
142 343 2
142 344 -2
142 345 4
142 348 -2
142 350 2
142 352 2
142 353 -2
142 354 2
143 1 -2
143 14 -4
143 337 -2
144 1 -4
144 17 -8
144 26 -8
144 28 -32
144 30 -12
144 338 2
144 341 2
144 342 -2
144 346 -2
144 349 -2
144 351 -2
144 352 -2
144 354 -2
144 529 -12
145 1 -2
145 17 -4
145 26 -8
145 30 -6
145 339 2
145 352 -2
145 353 -2
145 355 -2
145 357 -2
145 358 -4
145 529 6
146 1 -2
146 17 -4
146 26 -8
146 30 -6
146 340 2
146 353 -2
146 354 -2
146 355 -2
146 359 -2
146 360 -4
146 529 6
147 356 -2
147 361 -2
148 1 -8
148 18 -20
148 26 -32
148 29 -36
148 338 2
148 341 2
148 342 -2
148 346 -2
148 347 4
148 349 -2
148 351 -2
148 352 -2
148 354 -2
148 355 -4
148 357 -2
148 358 2
148 359 -2
148 360 2
148 528 -4
149 343 -4
149 345 4
149 347 -4
149 350 -4
149 528 8
150 1 -12
150 15 -12
150 22 -16
150 337 -4
150 338 -2
150 341 -2
150 344 2
150 348 2
150 352 2
150 354 2
150 355 4
150 357 2
150 358 -2
150 359 2
150 360 -2
151 1 -4
151 16 -8
151 23 -8
151 338 -2
151 339 -2
151 340 -2
151 341 -2
152 1 -4
152 18 -8
152 25 -8
152 27 -12
152 337 2
152 342 -2
152 345 -2
152 346 -2
152 349 -2
152 351 -2
153 1 -2
153 18 -4
153 25 -8
153 343 -2
153 344 -2
153 347 -2
153 348 -2
153 350 -2
154 1 -10
154 17 -16
154 24 -24
154 338 -2
154 339 -2
154 340 -2
154 341 -2
154 342 2
154 345 -4
154 347 -2
154 351 2
154 352 -2
154 353 4
154 354 -2
154 356 2
154 358 2
154 360 2
154 361 2
155 339 -2
155 340 -2
155 344 -2
155 348 -2
155 352 2
155 353 -2
155 354 2
155 355 -4
155 357 2
155 359 2
155 362 10
156 2 -4
156 31 -24
156 33 -8
156 34 -24
156 35 -12
156 36 -20
156 37 -16
156 364 2
156 367 2
156 369 2
156 375 2
156 544 -4
156 546 -12
156 548 -4
157 2 -2
157 31 -12
157 33 -8
157 35 -6
157 36 -10
157 37 -8
157 370 2
157 371 2
157 376 2
157 544 2
157 545 -4
157 547 -6
157 548 -4
158 2 -2
158 31 -12
158 33 -8
158 35 -6
158 36 -10
158 37 -8
158 371 2
158 374 2
158 376 2
158 544 2
158 545 -4
158 547 -6
158 548 -4
159 2 -2
159 31 -12
159 33 -8
159 35 -12
159 37 -8
159 365 2
159 373 2
159 375 2
159 544 -2
159 545 2
159 546 6
159 547 6
159 548 4
160 376 4
161 2 -2
161 31 -12
161 33 -8
161 35 -12
161 37 -8
161 366 2
161 369 2
161 373 2
161 544 -2
161 545 2
161 546 6
161 547 6
161 548 4
162 370 2
162 374 2
162 544 4
162 545 4
162 548 4
163 2 -2
163 3 -18
163 32 -56
163 38 -48
163 39 -60
163 40 -64
163 363 -4
163 365 -2
163 366 -2
163 372 -2
163 378 2
163 380 2
163 382 2
163 385 2
163 389 2
163 559 -4
163 563 -4
164 364 -2
164 367 -2
164 369 -2
164 375 -2
164 383 4
164 390 4
164 559 4
164 560 -4
165 363 2
165 368 -4
165 371 -2
165 379 2
165 387 -2
165 388 2
165 390 -2
165 559 4
165 560 8
165 563 12
166 2 -4
166 4 -4
166 33 -16
166 41 -16
166 42 -20
166 43 -12
166 44 -16
166 363 -8
166 365 -2
166 366 -2
166 368 4
166 371 2
166 372 -2
166 392 2
166 395 2
166 396 2
166 415 -2
166 566 -4
166 567 -12
167 2 -2
167 4 -2
167 33 -8
167 41 -16
167 43 -6
167 44 -8
167 364 -6
167 366 -4
167 369 2
167 370 -2
167 373 -2
167 374 2
167 396 2
167 397 2
167 416 -2
167 566 -2
168 2 -2
168 4 -2
168 33 -8
168 41 -16
168 43 -6
168 44 -8
168 365 -4
168 367 -6
168 370 2
168 373 -2
168 374 -2
168 375 2
168 396 2
168 397 2
168 417 -2
168 566 -2
169 2 -2
169 4 -2
169 33 -8
169 41 -16
169 43 -12
169 368 -6
169 370 -2
169 374 -2
169 393 2
169 394 2
169 418 -2
169 566 4
169 567 12
170 369 -4
170 371 -4
170 373 2
170 375 -4
170 376 -2
170 397 2
170 419 -2
170 566 4
171 2 -4
171 5 -16
171 34 -48
171 42 -40
171 45 -48
171 364 -2
171 365 -2
171 366 -2
171 367 -2
171 370 -2
171 373 -4
171 374 -2
171 399 2
171 401 2
171 403 2
171 406 2
171 569 -4
172 370 -2
172 371 -4
172 374 -2
172 376 -4
172 404 4
172 569 4
173 365 2
173 366 2
173 369 -2
173 370 -2
173 374 -2
173 375 -2
173 400 2
173 403 -2
173 406 -2
173 569 8
174 2 -4
174 6 -4
174 35 -16
174 43 -8
174 45 -16
174 46 -24
174 365 -2
174 366 -2
174 369 -2
174 375 -2
174 408 4
174 571 -12
175 2 -2
175 6 -2
175 35 -8
175 43 -8
175 46 -12
175 365 2
175 369 -2
175 370 -4
175 371 -2
175 373 -2
175 376 -2
175 409 2
175 571 6
176 2 -2
176 6 -2
176 35 -8
176 43 -8
176 46 -12
176 366 2
176 371 -2
176 373 -2
176 374 -4
176 375 -2
176 376 -2
176 409 2
176 571 6
177 376 -4
178 2 -6
178 7 -14
178 36 -40
178 44 -32
178 46 -36
178 363 2
178 365 2
178 366 2
178 368 -4
178 369 -2
178 370 -2
178 372 -2
178 374 -2
178 375 -2
178 376 -2
178 411 2
178 413 2
178 414 2
178 431 2
178 572 -4
179 373 -4
179 376 -4
179 414 -4
179 432 2
179 572 8
180 2 -12
180 8 -8
180 33 -16
180 364 2
180 367 2
180 369 2
180 370 -2
180 371 4
180 374 -2
180 375 2
180 416 2
180 417 2
180 419 4
181 2 -2
181 9 -2
181 34 -8
181 363 -2
181 421 2
182 2 -4
182 8 -4
182 37 -16
182 44 -8
182 45 -12
182 363 2
182 368 -4
182 371 -2
182 372 -4
182 423 2
182 437 2
183 2 -2
183 8 -2
183 37 -8
183 44 -8
183 369 -2
183 370 -2
183 373 -2
183 374 -2
183 375 -2
183 438 2
184 2 -8
184 9 -12
184 37 -32
184 43 -24
184 365 -2
184 366 -2
184 369 -2
184 370 2
184 371 -4
184 373 4
184 374 2
184 375 -2
184 436 4
185 365 -2
185 366 -2
185 369 -2
185 370 -2
185 371 4
185 374 -2
185 375 -2
185 376 4
185 426 -4
185 438 4
186 2 -10
186 10 -10
186 35 -24
186 41 -16
186 363 -4
186 364 -2
186 367 -2
186 368 2
186 369 2
186 370 2
186 373 -2
186 374 2
186 375 2
186 376 2
186 428 2
186 429 2
186 430 6
186 434 -2
187 2 -4
187 10 -4
187 36 -16
187 42 -8
187 364 -2
187 365 -2
187 366 -2
187 367 -2
187 432 2
188 3 -18
188 4 -2
188 38 -24
188 47 -80
188 48 -48
188 377 -6
188 379 -4
188 381 2
188 384 -4
188 386 2
188 387 2
188 388 -2
188 391 -4
188 393 -2
188 394 -2
188 420 -6
188 577 -4
189 378 -4
189 380 -4
189 382 -2
189 385 -2
189 387 -2
189 388 2
189 389 -2
189 390 -2
189 392 -2
189 395 -2
189 396 -2
189 421 -6
189 577 4
190 381 -4
190 383 -2
190 384 2
190 386 -4
190 387 -2
190 388 2
190 389 -4
190 391 2
190 392 -2
190 395 -2
190 422 -6
190 577 8
191 378 -2
191 380 2
191 382 2
191 385 -2
191 387 2
191 388 2
191 399 -2
191 401 2
191 402 -2
192 3 -18
192 6 -2
192 39 -20
192 48 -32
192 49 -108
192 378 -2
192 379 -2
192 380 -2
192 381 -2
192 382 -2
192 383 -2
192 385 -2
192 386 -2
192 389 -2
192 407 -4
192 409 -2
192 431 -2
192 584 -4
193 382 -4
193 383 -4
193 385 -4
193 390 -4
193 408 -4
193 432 -2
193 584 8
194 378 -2
194 380 2
194 381 -4
194 382 -2
194 385 2
194 386 4
194 387 -2
194 388 -2
194 411 -2
194 413 2
195 3 -18
195 9 -2
195 38 -8
195 378 2
195 379 -2
195 380 2
195 415 -2
196 3 -18
196 8 -2
196 40 -32
196 48 -24
196 378 -2
196 380 -2
196 381 -2
196 384 -2
196 386 -2
196 387 -2
196 388 2
196 423 -4
196 435 -2
197 379 -2
197 387 2
197 388 -2
197 389 -4
197 390 2
197 423 -2
197 437 -2
198 378 2
198 380 -2
198 381 -2
198 382 -4
198 385 4
198 386 2
198 387 -4
198 388 -4
198 425 -2
199 3 -18
199 10 -2
199 39 -12
199 47 -16
199 377 -2
199 381 2
199 383 2
199 384 -2
199 386 2
199 427 -2
199 433 -10
200 4 -4
200 41 -8
200 50 -24
200 51 -16
200 52 -12
200 391 -8
200 392 2
200 393 -2
200 394 -2
200 395 2
200 427 -2
200 585 -12
201 4 -2
201 41 -4
201 50 -24
201 52 -6
201 392 -6
201 393 2
201 394 -4
201 397 -2
201 428 -2
201 585 6
202 4 -2
202 41 -4
202 50 -24
202 52 -6
202 393 -4
202 394 2
202 395 -6
202 397 -2
202 429 -2
202 585 6
203 396 -4
203 430 -2
204 4 -4
204 5 -16
204 42 -20
204 51 -64
204 53 -36
204 392 -2
204 393 -2
204 394 -2
204 395 -2
204 397 -4
204 398 -6
204 400 -4
204 404 -2
204 405 -4
204 431 -4
204 587 -4
205 396 -4
205 397 -4
205 399 -4
205 401 -4
205 403 -4
205 406 -4
205 432 -4
205 587 8
206 4 -4
206 6 -4
206 43 -8
206 52 -16
206 53 -24
206 391 2
206 392 -2
206 393 -2
206 394 -2
206 395 -2
206 396 -2
206 407 -6
206 409 -2
206 435 -2
206 437 -2
207 4 -2
207 6 -2
207 43 -4
207 52 -16
207 396 -4
207 397 -6
207 408 -6
207 409 -4
207 436 -2
207 438 -2
208 4 -6
208 7 -14
208 44 -16
208 52 -48
208 391 2
208 392 -2
208 395 -2
208 396 -4
208 410 -6
208 411 -2
208 412 -4
208 413 -2
208 435 -2
208 436 -2
209 393 -2
209 394 -2
209 396 2
209 397 -2
209 411 -4
209 412 -2
209 413 -4
209 414 -2
209 437 -2
209 438 -2
210 4 -10
210 10 -10
210 41 -16
210 392 2
210 395 2
210 396 4
210 397 -2
210 415 -4
210 416 -2
210 417 -2
210 418 2
210 419 2
210 434 -6
211 4 -2
211 10 -2
211 42 -4
211 391 -2
211 420 -2
211 422 2
211 433 -10
212 4 -4
212 8 -4
212 44 -8
212 51 -16
212 392 -2
212 393 -2
212 394 -2
212 395 -2
212 423 -8
212 431 -2
213 4 -8
213 9 -12
213 43 -12
213 50 -48
213 391 -4
213 397 4
213 424 -8
213 426 -4
213 427 -4
214 5 -16
214 6 -4
214 45 -16
214 53 -48
214 399 -4
214 400 -2
214 401 -4
214 403 -2
214 406 -2
214 408 -4
214 409 -4
214 436 -4
215 400 -2
215 403 -2
215 404 -4
215 406 -2
215 409 -4
215 438 -4
216 399 -2
216 401 2
216 402 -6
216 403 -4
216 406 4
216 411 2
216 413 -2
217 5 -16
217 10 -4
217 42 -8
217 399 2
217 400 -2
217 401 2
217 416 -2
217 417 -2
218 5 -16
218 8 -4
218 45 -12
218 51 -16
218 398 -2
218 404 2
218 405 -4
218 423 -4
218 428 -2
218 429 -2
219 6 -4
219 46 -8
219 53 -8
219 408 -4
219 409 -4
219 432 -2
220 6 -6
220 7 -14
220 46 -24
220 52 -16
220 407 -2
220 408 -2
220 409 2
220 410 -2
220 411 -2
220 412 -2
220 413 -2
220 414 -2
220 427 2
220 428 -2
220 429 -2
220 430 -6
221 6 -8
221 9 -12
221 43 -8
221 408 4
221 419 -4
221 426 -4
222 6 -2
222 8 -2
222 45 -4
222 407 -2
222 421 -2
222 422 -2
222 423 -2
223 7 -14
223 8 -6
223 44 -8
223 411 2
223 412 -2
223 413 2
223 415 2
223 418 -4
223 419 -2
223 423 2
224 11 -4
224 54 -32
224 56 -8
224 57 -20
224 58 -12
224 59 -16
224 440 2
224 443 2
224 444 2
224 594 -4
224 595 -12
225 11 -2
225 54 -16
225 56 -8
225 58 -6
225 59 -8
225 444 2
225 445 2
225 594 -2
226 11 -2
226 54 -16
226 56 -8
226 58 -6
226 59 -8
226 444 2
226 445 2
226 594 -2
227 11 -2
227 54 -16
227 56 -8
227 58 -12
227 441 2
227 442 2
227 594 4
227 595 12
228 445 2
228 594 4
229 11 -2
229 12 -16
229 55 -72
229 60 -40
229 61 -48
229 439 -4
229 441 -2
229 442 -2
229 447 2
229 449 2
229 451 2
229 454 2
229 600 -4
230 440 -2
230 443 -2
230 444 -2
230 452 4
230 600 4
231 439 2
231 440 -2
231 443 -2
231 448 2
231 451 -2
231 454 -2
231 600 8
232 11 -4
232 13 -4
232 56 -24
232 62 -16
232 63 -16
232 64 -12
232 439 -8
232 440 2
232 441 -2
232 442 -2
232 443 2
232 456 4
232 467 -2
232 602 -12
233 11 -2
233 13 -2
233 56 -12
233 62 -16
233 64 -6
233 440 -6
233 441 2
233 442 -4
233 445 -2
233 457 2
233 468 -2
233 602 6
234 11 -2
234 13 -2
234 56 -12
234 62 -16
234 64 -6
234 441 -4
234 442 2
234 443 -6
234 445 -2
234 457 2
234 469 -2
234 602 6
235 444 -4
235 470 -2
236 11 -4
236 14 -14
236 57 -60
236 63 -32
236 65 -36
236 440 -2
236 441 -2
236 442 -2
236 443 -2
236 445 -4
236 459 2
236 461 2
236 462 2
236 604 -4
237 444 -4
237 445 -4
237 462 -4
237 604 8
238 11 -4
238 15 -4
238 58 -24
238 64 -8
238 65 -24
238 439 2
238 440 -2
238 441 -2
238 442 -2
238 443 -2
238 444 -2
238 463 2
239 11 -2
239 15 -2
239 58 -12
239 64 -8
239 444 -4
239 445 -6
240 11 -6
240 16 -12
240 59 -48
240 64 -24
240 439 2
240 440 -2
240 443 -2
240 444 -4
240 477 2
241 441 -2
241 442 -2
241 444 2
241 445 -2
241 466 -4
241 478 2
242 11 -10
242 17 -8
242 56 -24
242 440 2
242 443 2
242 444 4
242 445 -2
242 468 2
242 469 2
242 470 6
243 11 -2
243 18 -2
243 57 -12
243 439 -2
243 472 2
244 11 -4
244 17 -4
244 59 -24
244 63 -8
244 440 -2
244 441 -2
244 442 -2
244 443 -2
244 478 2
245 11 -8
245 18 -10
245 58 -36
245 62 -16
245 439 -4
245 445 4
245 474 -2
245 476 4
246 12 -16
246 13 -2
246 19 -14
246 60 -40
246 66 -64
246 67 -36
246 446 -6
246 448 -4
246 452 -2
246 453 -4
246 455 -4
246 457 -2
246 471 -6
246 480 2
246 482 2
246 483 2
246 496 -2
246 607 -4
247 447 -4
247 449 -4
247 451 -4
247 454 -4
247 456 -4
247 472 -6
247 483 -4
247 497 -2
247 607 8
248 447 -2
248 449 2
248 451 2
248 454 -2
248 459 -2
248 461 2
248 485 2
248 486 2
248 488 4
249 12 -16
249 15 -2
249 20 -12
249 61 -32
249 67 -48
249 447 -4
249 448 -2
249 449 -4
249 451 -2
249 454 -2
249 463 -4
249 477 -2
250 448 -2
250 451 -2
250 452 -4
250 454 -2
250 463 -2
250 478 -2
250 491 -4
251 447 -2
251 449 2
251 450 -6
251 451 -4
251 454 4
251 465 -2
251 493 2
251 494 2
251 495 6
251 504 2
252 12 -16
252 18 -2
252 21 -8
252 60 -16
252 447 2
252 448 -2
252 449 2
252 467 -2
252 497 2
253 12 -16
253 17 -2
253 21 -10
253 61 -24
253 66 -16
253 446 -2
253 452 2
253 453 -4
253 473 -10
253 475 -2
253 499 -2
253 503 2
254 13 -4
254 22 -4
254 62 -16
254 68 -24
254 69 -12
254 455 -6
254 457 -2
254 475 -2
254 505 2
254 511 -2
255 13 -2
255 22 -2
255 62 -8
255 68 -24
255 456 -6
255 457 -4
255 476 -2
255 512 -2
256 13 -4
256 14 -14
256 23 -12
256 63 -32
256 69 -48
256 456 -4
256 457 -4
256 458 -6
256 459 -2
256 460 -4
256 461 -2
256 477 -4
256 519 -2
257 457 -4
257 459 -4
257 460 -2
257 461 -4
257 462 -2
257 478 -4
257 508 -4
257 520 -2
258 13 -4
258 15 -4
258 24 -4
258 64 -16
258 69 -16
258 456 -4
258 457 -4
258 463 -8
258 477 -2
258 478 -2
258 524 -2
259 13 -6
259 16 -12
259 25 -10
259 64 -24
259 68 -48
259 455 -2
259 456 -2
259 457 2
259 464 -8
259 466 -4
259 475 -2
259 476 -2
259 510 -2
259 515 2
259 526 -2
260 13 -8
260 18 -10
260 26 -8
260 62 -32
260 456 4
260 467 -4
260 474 -6
260 512 4
260 528 -4
261 13 -2
261 17 -2
261 26 -2
261 63 -8
261 455 -2
261 471 -2
261 473 -10
261 514 2
261 529 -2
262 14 -14
262 15 -4
262 27 -10
262 65 -48
262 69 -16
262 458 -2
262 459 -2
262 460 -2
262 461 -2
262 462 -2
262 463 -4
262 476 -4
262 516 -2
263 459 -4
263 461 4
263 465 4
263 518 4
263 522 -2
264 14 -14
264 17 -4
264 28 -16
264 63 -16
264 459 2
264 460 -2
264 461 2
264 468 -2
264 469 -2
264 520 2
265 15 -2
265 29 -2
265 65 -8
265 463 -2
265 472 -2
266 15 -6
266 16 -12
266 30 -8
266 64 -16
266 463 2
266 466 -4
266 467 2
266 468 -2
266 469 -2
266 470 -6
266 524 2
267 19 -14
267 22 -2
267 66 -16
267 70 -72
267 479 -6
267 480 -2
267 481 -4
267 482 -2
267 502 -2
267 505 -4
267 513 -6
268 480 -4
268 481 -2
268 482 -4
268 483 -2
268 503 -2
268 505 -2
268 514 -6
269 480 -2
269 482 2
269 484 -4
269 485 -2
269 486 -2
269 487 2
269 488 2
269 504 -4
269 507 -2
269 521 6
270 19 -14
270 20 -12
270 24 -2
270 67 -24
270 70 -48
270 479 -2
270 480 -2
270 481 -2
270 482 -2
270 483 -2
270 489 -8
270 491 -4
270 502 -2
270 503 -2
270 509 -10
270 515 -2
270 525 -6
271 480 -4
271 482 4
271 492 -4
271 500 2
271 501 2
271 527 6
272 19 -14
272 21 -10
272 26 -2
272 66 -16
272 480 2
272 481 -2
272 482 2
272 496 -2
272 499 -6
272 511 -2
272 529 -6
273 488 -4
273 490 -4
273 501 4
273 522 -2
274 484 2
274 487 -4
274 488 -2
274 493 2
274 494 2
274 517 -2
275 20 -12
275 29 -2
275 67 -8
275 491 -4
275 497 -2
275 524 -2
276 22 -4
276 68 -8
276 71 -32
276 505 -8
276 515 -2
277 22 -4
277 23 -12
277 69 -12
277 71 -96
277 505 -4
277 506 -8
277 508 -4
277 515 -4
277 523 -4
278 22 -2
278 24 -2
278 69 -4
278 505 -2
278 509 -10
278 513 -2
278 514 -2
278 525 -2
279 22 -6
279 25 -10
279 68 -24
279 505 2
279 510 -6
279 511 -2
279 512 -2
279 526 -2
280 23 -12
280 24 -4
280 27 -10
280 69 -16
280 508 -4
280 512 -4
280 516 -6
280 519 -2
280 520 -2
280 524 -4
281 31 -4
281 72 -40
281 74 -8
281 75 -16
281 76 -12
281 531 4
281 613 -12
282 31 -2
282 72 -20
282 74 -8
282 76 -6
282 532 2
282 613 6
283 31 -2
283 72 -20
283 74 -8
283 76 -6
283 532 2
283 613 6
285 31 -2
285 32 -14
285 73 -80
285 77 -32
285 78 -36
285 530 -4
285 532 -2
285 534 2
285 536 2
285 537 2
285 616 -4
286 531 -4
286 537 -4
286 616 8
287 31 -4
287 33 -4
287 74 -32
287 79 -16
287 80 -12
287 530 -6
287 532 -2
287 538 2
287 544 -2
288 31 -2
288 33 -2
288 74 -16
288 79 -16
288 531 -6
288 532 -4
288 545 -2
289 31 -4
289 34 -12
289 75 -64
289 80 -24
289 531 -4
289 532 -4
290 532 -4
290 541 -4
291 31 -4
291 35 -4
291 76 -32
291 80 -8
291 531 -4
291 532 -4
292 31 -6
292 36 -10
292 76 -48
292 79 -16
292 530 -2
292 531 -2
292 532 2
292 543 -2
292 548 2
293 31 -8
293 37 -8
293 74 -32
293 531 4
293 545 4
294 31 -2
294 37 -2
294 75 -16
294 530 -2
294 547 2
295 32 -14
295 33 -2
295 38 -12
295 77 -48
295 81 -48
295 533 -6
295 534 -2
295 535 -4
295 536 -2
295 538 -4
295 546 -6
295 559 -2
296 534 -4
296 535 -2
296 536 -4
296 537 -2
296 538 -2
296 547 -6
296 551 -4
296 560 -2
297 534 -2
297 536 2
297 540 -2
297 553 2
297 554 2
297 555 6
298 32 -14
298 35 -2
298 39 -10
298 78 -72
298 81 -16
298 533 -2
298 534 -2
298 535 -2
298 536 -2
298 537 -2
298 542 -10
298 548 -2
298 556 -2
299 534 -4
299 536 4
299 558 4
299 562 -2
300 32 -14
300 37 -2
300 40 -16
300 77 -24
300 534 2
300 535 -2
300 536 2
300 544 -2
300 560 2
301 33 -4
301 41 -4
301 79 -24
301 82 -24
301 538 -8
301 548 -2
301 566 -2
302 33 -4
302 34 -12
302 42 -10
302 80 -36
302 82 -48
302 538 -4
302 539 -8
302 541 -4
302 548 -4
302 565 -2
302 569 -2
303 33 -2
303 35 -2
303 43 -2
303 80 -12
303 538 -2
303 542 -10
303 546 -2
303 547 -2
303 571 -2
304 33 -6
304 36 -10
304 44 -8
304 79 -48
304 538 2
304 543 -6
304 544 -2
304 545 -2
304 566 2
304 572 -4
305 34 -12
305 35 -4
305 45 -8
305 80 -24
305 541 -4
305 545 -4
306 38 -12
306 41 -2
306 47 -10
306 81 -24
306 83 -96
306 549 -8
306 551 -4
306 563 -4
306 564 -10
306 567 -6
306 573 -2
306 577 -2
307 550 -4
307 552 -4
307 562 4
307 570 6
307 575 4
307 581 -2
308 38 -12
308 39 -10
308 43 -2
308 48 -8
308 81 -32
308 551 -4
308 556 -6
308 559 -2
308 560 -2
308 566 -2
308 571 -6
308 584 -4
309 552 2
309 553 -2
309 554 -2
309 555 -6
309 558 4
309 568 -2
309 579 2
310 41 -2
310 50 -2
310 82 -8
310 564 -10
310 567 -2
310 585 -2
311 41 -4
311 42 -10
311 51 -8
311 82 -48
311 565 -6
311 566 -4
311 569 -2
311 587 -4
312 47 -10
312 50 -2
312 83 -32
312 573 -6
312 577 -2
312 585 -6
313 574 -2
313 575 -2
313 576 4
313 580 -2
313 586 -6
314 54 -4
314 84 -48
314 86 -8
314 87 -12
314 588 2
315 54 -2
315 84 -24
315 86 -8
316 54 -2
316 55 -12
316 85 -80
316 88 -24
316 588 -4
317 588 -2
317 591 -4
318 54 -4
318 56 -4
318 86 -40
318 89 -16
318 588 -8
318 594 -2
319 54 -4
319 57 -10
319 87 -60
319 89 -16
319 588 -4
319 593 -2
320 54 -2
320 58 -2
320 87 -20
320 588 -2
321 54 -6
321 59 -8
321 86 -40
321 588 2
321 594 2
322 55 -12
322 56 -2
322 60 -10
322 88 -48
322 90 -48
322 589 -8
322 591 -4
322 592 -10
322 595 -6
322 596 -2
322 600 -2
323 590 -4
323 598 4
324 55 -12
324 58 -2
324 61 -8
324 88 -32
324 591 -4
324 594 -2
325 56 -2
325 62 -2
325 89 -16
325 592 -10
325 595 -2
325 602 -2
326 56 -4
326 57 -10
326 63 -8
326 89 -64
326 593 -6
326 594 -4
326 604 -4
327 60 -10
327 62 -2
327 66 -8
327 90 -72
327 596 -6
327 600 -2
327 602 -6
327 607 -4
328 597 -2
328 598 -2
328 599 4
328 603 -6
328 605 2
328 609 -2
329 72 -4
329 91 -56
329 93 -8
330 72 -2
330 73 -10
330 92 -72
330 94 -16
330 611 -10
330 612 -2
331 72 -2
331 74 -2
331 93 -24
331 611 -10
331 613 -2
332 72 -4
332 75 -8
332 93 -48
333 73 -10
333 74 -2
333 77 -8
333 94 -80
333 612 -6
333 613 -6
333 616 -4
334 614 2
335 84 -2
335 95 -32
336 84 -2
336 85 -8
336 96 -56
337 110 -8
337 111 -4
337 112 -4
337 124 -8
337 131 -8
337 132 4
337 134 -12
337 139 -4
337 142 -8
337 144 -16
337 148 -4
337 150 -4
337 151 -24
337 152 -20
337 154 -4
337 651 -4
337 654 -12
337 659 -4
337 660 -4
337 663 -20
337 665 -4
338 111 -4
338 113 -4
338 114 -4
338 125 -8
338 132 -4
338 133 4
338 135 -6
338 139 -2
338 142 -4
338 145 -8
338 148 -2
338 149 -2
338 150 -4
338 153 -10
338 154 -2
338 155 -2
338 651 2
338 652 -4
338 655 -6
338 659 -4
338 660 -2
338 661 -2
338 664 -10
338 665 2
338 666 -2
339 110 -4
339 112 -4
339 115 -4
339 124 -8
339 126 -8
339 131 -4
339 134 -6
339 136 -6
339 139 -6
339 140 2
339 144 -8
339 146 -8
339 148 -2
339 150 -4
339 152 -10
339 153 -10
339 154 -2
339 653 -4
339 655 -6
339 656 -6
339 659 -4
339 660 -2
339 661 -2
339 662 -4
339 666 -2
340 110 -4
340 111 -4
340 113 -4
340 124 -8
340 125 -8
340 131 -4
340 134 -6
340 135 -6
340 139 -6
340 140 2
340 144 -8
340 145 -8
340 148 -2
340 150 -4
340 152 -10
340 153 -10
340 154 -2
340 653 -4
340 656 -6
340 657 -6
340 659 -4
340 660 -2
340 661 2
340 662 -4
340 666 -2
341 112 -4
341 114 -4
341 115 -4
341 126 -8
341 132 -4
341 133 4
341 136 -6
341 139 -2
341 142 -4
341 146 -8
341 148 -2
341 149 -2
341 150 -4
341 153 -10
341 154 -2
341 155 -2
341 651 2
341 652 -4
341 657 -6
341 659 -4
341 660 -2
341 661 2
341 664 -10
341 665 2
341 666 -2
342 113 -4
342 116 -4
342 117 -4
342 127 -8
342 133 -4
342 135 -6
342 137 -6
342 142 -4
342 146 -8
342 148 -2
342 149 2
342 150 -4
342 154 -4
342 155 2
342 651 -2
342 652 2
342 654 6
342 657 6
342 659 4
342 660 2
342 663 10
342 664 10
342 665 -2
343 114 -4
343 118 -4
343 128 -8
343 132 -4
343 138 -6
343 140 -4
343 141 2
343 147 -24
343 155 -4
343 652 -4
343 653 2
343 658 -6
344 111 -4
344 116 -4
344 125 -8
344 127 -8
344 135 -6
344 139 -2
344 140 -2
344 141 2
344 145 -8
344 148 -2
344 150 -4
344 154 -4
344 653 -2
344 658 6
344 661 -2
345 117 -4
345 118 -4
345 128 -8
345 140 -4
345 141 4
345 149 -4
345 155 -4
345 652 4
345 653 -4
345 666 4
346 110 -4
346 115 -4
346 116 -4
346 124 -8
346 129 -8
346 131 -4
346 134 -12
346 136 -6
346 137 -6
346 139 -4
346 144 -8
346 145 -8
346 148 -6
346 149 2
346 154 -4
346 155 2
346 651 -4
346 656 -6
346 657 6
346 660 2
346 661 -2
346 666 2
347 111 -4
347 112 -4
347 125 -8
347 126 -8
347 135 -6
347 136 -6
347 139 -4
347 145 -8
347 146 -8
347 148 -4
347 155 -4
347 652 -4
347 658 -12
347 662 -8
347 666 -4
348 112 -4
348 116 -4
348 126 -8
348 129 -8
348 136 -6
348 139 -2
348 140 -2
348 141 2
348 146 -8
348 148 -2
348 150 -4
348 154 -4
348 653 -2
348 658 6
348 661 2
349 110 -4
349 113 -4
349 116 -4
349 124 -8
349 127 -8
349 131 -4
349 134 -12
349 135 -6
349 137 -6
349 139 -4
349 144 -8
349 146 -8
349 148 -6
349 149 2
349 154 -4
349 155 2
349 651 -4
349 655 6
349 656 -6
349 660 2
349 661 2
349 666 2
350 114 -4
350 117 -4
350 128 -8
350 132 -4
350 138 -6
350 140 -4
350 141 2
350 147 -24
350 155 -4
350 652 -4
350 653 2
350 658 -6
351 115 -4
351 116 -4
351 118 -4
351 129 -8
351 133 -4
351 136 -6
351 137 -6
351 142 -4
351 145 -8
351 148 -2
351 149 2
351 150 -4
351 154 -4
351 155 2
351 651 -2
351 652 2
351 654 6
351 655 6
351 659 4
351 660 2
351 663 10
351 664 10
351 665 -2
352 117 -4
352 119 -12
352 130 -8
352 133 -4
352 138 -6
352 141 -6
352 149 -2
352 651 2
352 652 2
352 653 2
352 655 6
352 659 4
352 660 2
352 665 4
353 113 -4
353 115 -4
353 127 -8
353 129 -8
353 137 -12
353 141 -4
353 148 -4
353 150 -4
353 154 -4
353 653 4
353 656 12
353 659 4
353 660 4
353 665 -4
354 118 -4
354 119 -12
354 130 -8
354 133 -4
354 138 -6
354 141 -6
354 149 -2
354 651 2
354 652 2
354 653 2
354 657 6
354 659 4
354 660 2
354 665 4
355 117 -4
355 118 -4
355 130 -8
355 132 -4
355 138 -12
355 140 -4
355 149 -4
355 155 4
355 651 4
355 655 -6
355 657 -6
355 660 4
355 666 4
356 114 -4
356 128 -8
356 138 -6
356 140 -2
356 149 -4
356 155 -2
356 652 2
356 658 6
356 661 4
356 666 -2
357 117 -4
357 130 -8
357 140 -2
357 141 -2
357 149 -2
357 155 -2
357 652 2
357 653 2
357 661 2
357 662 4
357 666 2
358 111 -4
358 115 -4
358 125 -8
358 129 -8
358 135 -12
358 137 -6
358 139 -2
358 148 -4
358 149 -2
358 154 -4
358 651 2
358 656 6
358 660 -4
358 661 2
358 662 4
359 118 -4
359 130 -8
359 140 -2
359 141 -2
359 149 -2
359 155 -2
359 652 2
359 653 2
359 661 -2
359 662 4
359 666 2
360 112 -4
360 113 -4
360 126 -8
360 127 -8
360 136 -12
360 137 -6
360 139 -2
360 148 -4
360 149 -2
360 154 -4
360 651 2
360 656 6
360 660 -4
360 661 -2
360 662 4
361 114 -4
361 128 -8
361 138 -6
361 140 -2
361 149 -4
361 155 -2
361 652 2
361 658 6
361 661 -4
361 666 -2
363 98 -4
363 104 -2
363 107 -2
363 156 -16
363 157 -8
363 158 -8
363 166 -8
363 171 -8
363 172 4
363 174 -12
363 178 -4
363 180 -8
363 182 -16
363 184 -4
363 186 -4
363 187 -20
363 620 2
363 625 2
363 626 2
363 673 -4
363 674 -12
363 677 -20
363 678 -4
364 99 -2
364 107 -2
364 108 -2
364 157 -8
364 159 -8
364 160 -8
364 167 -8
364 172 -4
364 173 4
364 175 -6
364 178 -2
364 180 -4
364 183 -8
364 184 -2
364 185 -2
364 186 -4
364 626 2
364 627 2
364 673 -2
364 675 -6
365 98 -2
365 100 -2
365 104 -2
365 156 -8
365 158 -8
365 161 -8
365 166 -8
365 168 -8
365 171 -4
365 174 -6
365 176 -6
365 178 -6
365 179 2
365 182 -8
365 183 -8
365 184 -2
365 186 -4
365 627 2
365 628 2
365 673 -4
365 675 -6
365 676 -12
365 678 -2
366 98 -2
366 99 -2
366 107 -2
366 156 -8
366 157 -8
366 159 -8
366 166 -8
366 167 -8
366 171 -4
366 174 -6
366 175 -6
366 178 -6
366 179 2
366 182 -8
366 183 -8
366 184 -2
366 186 -4
366 628 2
366 629 2
366 673 -4
366 675 6
366 676 -12
366 678 -2
367 100 -2
367 104 -2
367 108 -2
367 158 -8
367 160 -8
367 161 -8
367 168 -8
367 172 -4
367 173 4
367 176 -6
367 178 -2
367 180 -4
367 183 -8
367 184 -2
367 185 -2
367 186 -4
367 626 2
367 629 2
367 673 -2
367 675 6
368 101 -2
368 103 -2
368 109 -2
368 159 -8
368 161 -8
368 162 -8
368 169 -8
368 173 -8
368 175 -6
368 176 -6
368 180 -4
368 184 -4
368 185 4
368 186 -4
368 621 2
368 624 2
368 673 4
368 674 12
368 677 20
369 102 -2
369 105 -2
369 160 -8
369 162 -8
369 170 -8
369 172 -4
369 177 -18
369 179 -4
369 185 -2
369 629 2
369 673 2
369 675 6
369 678 2
370 99 -2
370 103 -2
370 157 -8
370 161 -8
370 167 -8
370 169 -8
370 175 -6
370 178 -2
370 179 -2
370 184 -4
370 186 -4
370 630 2
370 673 2
370 676 12
371 105 -2
371 106 -2
371 162 -16
371 170 -8
371 173 -4
371 179 -4
371 185 -4
371 630 2
371 673 4
371 678 4
372 98 -2
372 101 -2
372 103 -2
372 156 -8
372 159 -8
372 161 -8
372 166 -8
372 169 -8
372 171 -4
372 174 -12
372 175 -6
372 176 -6
372 178 -4
372 184 -8
372 185 4
372 622 2
372 623 2
372 678 4
373 99 -2
373 100 -2
373 157 -8
373 158 -8
373 167 -8
373 168 -8
373 175 -6
373 176 -6
373 178 -4
373 184 -4
373 185 -4
373 628 2
373 678 -4
374 100 -2
374 101 -2
374 158 -8
374 159 -8
374 168 -8
374 169 -8
374 176 -6
374 178 -2
374 179 -2
374 184 -4
374 186 -4
374 630 2
374 673 2
374 676 12
375 102 -2
375 106 -2
375 160 -8
375 162 -8
375 170 -8
375 172 -4
375 177 -18
375 179 -4
375 185 -2
375 627 2
375 673 2
375 675 -6
375 678 2
376 102 -2
376 160 -8
376 170 -8
376 179 -4
376 185 -4
377 99 -2
377 100 -2
377 102 2
377 163 -8
377 164 -4
377 188 -8
377 192 -12
377 195 -24
377 196 -16
377 199 -20
377 619 -4
377 622 -2
377 623 -2
377 684 -4
377 692 -4
378 102 -2
378 105 2
378 164 -4
378 165 -4
378 189 -8
378 191 4
378 193 -6
378 194 2
378 197 -8
378 620 -2
378 623 -2
378 628 -2
378 684 2
378 685 -4
378 688 6
378 692 4
378 693 -2
378 694 2
379 101 -2
379 103 -2
379 163 -8
379 188 -16
379 192 -12
379 196 -16
379 199 -20
379 621 -2
379 624 -2
379 630 -2
379 686 -8
379 688 -6
379 689 6
379 692 -4
380 102 -2
380 106 2
380 164 -4
380 165 -4
380 189 -8
380 191 -4
380 193 -6
380 194 -2
380 197 -8
380 622 -2
380 625 -2
380 628 -2
380 684 2
380 685 4
380 689 -6
380 692 4
380 693 2
380 694 -2
381 105 -2
381 108 2
381 165 -4
381 190 -8
381 191 4
381 193 -6
381 194 4
381 197 8
381 198 2
381 619 2
381 622 -2
381 625 -2
381 684 6
381 685 2
381 687 6
381 689 6
381 692 4
381 693 2
382 106 -2
382 164 -4
382 189 -8
382 193 -6
382 194 2
382 197 -8
382 198 2
382 626 -2
382 627 -2
382 685 4
382 686 4
382 690 18
382 694 2
383 109 2
383 190 -8
383 627 -2
383 629 -2
383 686 8
384 104 -2
384 107 -2
384 163 -8
384 188 -16
384 192 -24
384 196 -16
384 619 -2
384 621 -2
384 624 -2
384 684 -4
384 688 6
384 689 -6
385 105 -2
385 164 -4
385 189 -8
385 193 -6
385 194 -2
385 197 -8
385 198 -2
385 626 -2
385 629 -2
385 685 -4
385 686 4
385 690 -18
385 694 -2
386 106 -2
386 108 2
386 165 -4
386 190 -8
386 191 -4
386 193 -6
386 194 -4
386 197 8
386 198 -2
386 619 2
386 620 -2
386 623 -2
386 684 6
386 685 -2
386 687 -6
386 688 -6
386 692 4
386 693 -2
387 109 -2
387 165 -4
387 190 -8
387 194 2
387 620 -2
387 624 2
387 684 2
387 685 -2
387 686 4
387 688 6
387 692 4
387 693 4
388 109 2
388 165 4
388 190 8
388 194 2
388 621 -2
388 625 2
388 684 -2
388 685 -2
388 686 -4
388 689 6
388 692 -4
388 693 4
389 108 -2
389 164 -4
389 189 -8
389 193 -12
389 620 -2
389 625 -2
389 684 4
389 688 -6
389 689 6
390 626 -2
391 98 -4
391 104 -2
391 107 -2
391 166 -8
391 167 -4
391 168 -4
391 200 -16
391 204 -8
391 205 4
391 206 -12
391 208 -4
391 210 -8
391 212 -16
391 213 -4
391 619 -12
391 620 2
391 621 -2
391 624 -2
391 625 2
391 695 -20
391 696 -12
392 99 -2
392 103 -2
392 105 -2
392 167 -4
392 169 -4
392 170 -4
392 201 -16
392 205 -4
392 207 -6
392 208 -2
392 210 -4
392 213 -4
392 620 -10
392 621 2
392 622 -4
392 629 -2
392 695 10
392 696 6
393 98 -2
393 100 -2
393 101 -2
393 166 -4
393 168 -4
393 169 -4
393 200 -16
393 202 -16
393 204 -4
393 206 -6
393 207 -6
393 208 -6
393 209 2
393 213 -4
393 621 -8
393 622 2
393 623 -6
393 630 -2
394 98 -2
394 99 -2
394 103 -2
394 166 -4
394 167 -4
394 169 -4
394 200 -16
394 201 -16
394 204 -4
394 206 -6
394 207 -6
394 208 -6
394 209 2
394 213 -4
394 622 -6
394 623 2
394 624 -8
394 630 -2
395 100 -2
395 101 -2
395 106 -2
395 168 -4
395 169 -4
395 170 -4
395 202 -16
395 205 -4
395 207 -6
395 208 -2
395 210 -4
395 213 -4
395 623 -4
395 624 2
395 625 -10
395 627 -2
395 695 10
395 696 6
396 102 -4
396 170 -8
396 203 -48
396 205 -4
396 209 -8
396 626 -8
396 628 -8
397 99 -2
397 100 -2
397 167 -4
397 168 -4
397 201 -16
397 202 -16
397 208 -4
397 209 -4
397 213 -4
397 627 -6
397 629 -6
397 630 -4
398 99 -2
398 100 -2
398 101 -2
398 103 -2
398 105 2
398 106 2
398 171 -8
398 172 -4
398 204 -8
398 214 -12
398 217 -20
398 218 -16
398 620 -2
398 621 -2
398 624 -2
398 625 -2
398 627 -2
398 629 -2
398 698 -4
399 102 -2
399 106 -2
399 108 2
399 109 2
399 172 -4
399 173 -4
399 205 -8
399 215 -6
399 216 2
399 626 -2
399 628 -2
399 629 -2
399 630 -2
399 698 6
399 700 6
400 101 -2
400 103 -2
400 104 -2
400 107 -2
400 171 -8
400 204 -16
400 214 -12
400 218 -16
400 627 -2
400 629 -2
400 630 -4
400 698 -4
401 102 -2
401 105 -2
401 108 2
401 109 2
401 172 -4
401 173 -4
401 205 -8
401 215 -6
401 216 -2
401 626 -2
401 627 -2
401 628 -2
401 630 -2
401 698 6
401 700 -6
402 105 -2
402 106 2
402 216 4
402 621 2
402 622 2
402 623 -2
402 624 -2
402 699 12
403 106 -2
403 108 -2
403 172 -4
403 205 -8
403 215 -6
403 216 2
403 628 -2
403 629 -2
403 698 2
403 700 6
404 109 4
404 173 4
404 630 -4
404 698 -4
405 104 -2
405 107 -2
405 171 -4
405 204 -8
405 214 -12
405 622 -2
405 623 -2
406 105 -2
406 108 -2
406 172 -4
406 205 -8
406 215 -6
406 216 -2
406 627 -2
406 628 -2
406 698 2
406 700 -6
407 98 -4
407 101 -2
407 103 -2
407 174 -8
407 175 -4
407 176 -4
407 206 -8
407 214 -8
407 215 4
407 219 -24
407 220 -4
407 221 -8
407 619 2
407 620 -2
407 621 -2
407 622 -2
407 623 -2
407 624 -2
407 625 -2
407 626 -2
408 99 -2
408 100 -2
408 102 -2
408 175 -4
408 176 -4
408 177 -12
408 207 -8
408 215 -8
408 220 -4
408 221 -4
408 626 -4
408 627 -4
408 628 -2
408 629 -4
409 98 -2
409 99 -2
409 100 -2
409 174 -4
409 175 -4
409 176 -4
409 206 -8
409 207 -8
409 214 -4
409 220 -8
409 627 -2
409 628 -4
409 629 -2
409 630 -6
410 99 -2
410 100 -2
410 101 -2
410 103 -2
410 104 -2
410 107 -2
410 108 4
410 109 2
410 178 -8
410 179 -4
410 208 -8
410 220 -12
410 223 -16
410 619 2
410 620 -2
410 621 -2
410 622 2
410 623 2
410 624 -2
410 625 -2
410 626 -4
411 102 -2
411 108 -2
411 109 4
411 179 -4
411 209 -8
411 216 -4
411 621 -2
411 622 -2
411 627 -2
411 628 2
411 701 6
412 101 -2
412 103 -2
412 104 -4
412 107 -4
412 178 -8
412 208 -16
412 220 -12
412 621 2
412 622 -2
412 623 -2
412 624 2
412 628 -2
412 630 2
413 102 -2
413 108 -2
413 109 4
413 179 -4
413 209 -8
413 216 4
413 623 -2
413 624 -2
413 628 2
413 629 -2
413 701 -6
414 105 -2
414 106 -2
414 108 -2
414 179 -4
414 209 -8
414 626 2
415 98 -10
415 99 -2
415 100 -2
415 101 -2
415 102 4
415 103 -2
415 104 -2
415 107 -2
415 166 -8
415 180 -8
415 210 -8
415 217 -20
415 221 -12
415 223 -16
415 620 2
415 621 -2
415 622 2
415 623 2
415 624 -2
415 625 2
415 628 4
415 630 -2
415 702 -8
415 703 -12
416 99 -8
416 101 -2
416 104 -2
416 105 2
416 107 -4
416 108 -2
416 167 -8
416 180 -4
416 210 -8
416 221 -6
416 223 -8
416 626 2
416 628 2
416 702 -4
417 100 -8
417 103 -2
417 104 -4
417 106 2
417 107 -2
417 108 -2
417 168 -8
417 180 -4
417 210 -8
417 221 -6
417 223 -8
417 626 2
417 628 2
417 702 -4
418 101 -6
418 103 -6
418 104 -2
418 107 -2
418 108 2
418 109 -2
418 169 -8
418 180 -4
418 210 -8
418 221 -12
418 621 2
418 624 2
418 702 8
418 703 12
419 102 -6
419 105 -4
419 106 -4
419 170 -8
419 627 2
419 628 -2
419 629 2
419 702 8
420 98 -2
420 99 -2
420 100 -2
420 101 -2
420 102 2
420 103 -2
420 104 -2
420 107 -2
420 171 -4
420 181 -24
420 211 -40
420 222 -48
420 619 -4
420 621 -2
420 624 -2
420 703 -4
421 102 -4
421 108 -2
421 172 -4
421 620 -2
421 625 -2
421 626 -2
421 703 4
422 105 -2
422 106 -2
422 108 4
422 109 -2
422 173 -4
422 619 2
422 620 -2
422 625 -2
422 703 8
423 98 -4
423 99 -2
423 100 -2
423 182 -8
423 183 -8
423 212 -8
423 218 -8
423 223 -8
423 620 -2
423 621 -2
423 622 -2
423 623 -2
423 624 -2
423 625 -2
424 99 -2
424 100 -2
424 101 -2
424 103 -2
424 104 -4
424 105 2
424 106 2
424 107 -4
424 109 4
424 184 -8
424 185 -4
424 213 -8
424 221 -12
424 619 -4
424 627 2
424 629 2
426 101 -2
426 103 -2
426 104 -2
426 107 -2
426 184 -4
426 213 -8
426 627 2
426 629 2
427 98 -8
427 99 -2
427 100 -2
427 101 -2
427 103 -2
427 104 -4
427 105 2
427 106 2
427 107 -4
427 174 -12
427 186 -8
427 200 -16
427 213 -8
427 218 -16
427 220 -12
427 619 -8
427 620 2
427 621 -2
427 624 -2
427 625 2
427 627 2
427 629 2
427 703 -12
428 99 -6
428 101 -2
428 103 -4
428 104 -2
428 105 -2
428 107 -2
428 109 2
428 175 -12
428 186 -4
428 201 -16
428 213 -8
428 220 -6
428 620 -6
428 621 2
428 622 -2
428 623 2
428 624 -4
428 627 -2
428 630 2
428 703 6
429 100 -6
429 101 -4
429 103 -2
429 104 -2
429 106 -2
429 107 -2
429 109 2
429 176 -12
429 186 -4
429 202 -16
429 213 -8
429 220 -6
429 621 -4
429 622 2
429 623 -2
429 624 2
429 625 -6
429 629 -2
429 630 2
429 703 6
430 102 -4
430 177 -12
430 203 -16
430 626 -4
431 98 -4
431 99 -4
431 100 -4
431 101 -4
431 103 -4
431 104 -4
431 105 2
431 106 2
431 107 -4
431 178 -8
431 187 -20
431 204 -8
431 212 -32
431 219 -36
431 620 -2
431 621 -2
431 622 -4
431 623 -4
431 624 -2
431 625 -2
431 627 -2
431 629 -2
431 630 -4
431 702 -4
432 102 -4
432 105 -4
432 106 -4
432 109 4
432 179 -8
432 205 -8
432 626 -4
432 627 -4
432 628 -4
432 629 -4
432 702 8
433 98 -2
433 187 -4
433 217 -4
433 619 -2
434 99 -2
434 100 -2
434 101 -4
434 102 4
434 103 -4
434 104 -4
434 105 2
434 106 2
434 107 -4
434 108 2
434 186 -8
434 210 -8
434 620 2
434 625 2
434 626 4
434 627 -2
434 628 2
434 629 -2
435 98 -6
435 99 -2
435 100 -2
435 101 -4
435 103 -4
435 104 -4
435 107 -4
435 108 4
435 182 -16
435 184 -8
435 206 -24
435 208 -8
435 214 -12
435 619 2
435 620 -2
435 622 -4
435 623 -4
435 625 -2
435 628 -4
436 99 -4
436 100 -4
436 101 -2
436 102 -2
436 103 -2
436 104 -2
436 107 -2
436 109 2
436 183 -16
436 184 -4
436 207 -24
436 208 -8
436 626 -4
436 627 -4
436 628 -4
436 629 -4
436 630 -4
437 102 -4
437 108 -4
437 109 4
437 185 -8
437 209 -8
437 215 -12
437 621 -2
437 622 -2
437 623 -2
437 624 -2
437 626 2
437 630 -2
438 105 -2
438 106 -2
438 108 -2
438 109 4
438 185 -4
438 209 -8
438 627 -2
438 628 -2
438 629 -2
438 630 -4
439 110 -4
439 116 -4
439 224 -24
439 225 -12
439 226 -12
439 232 -8
439 236 -8
439 237 4
439 238 -12
439 240 -4
439 242 -8
439 244 -16
439 245 -4
439 632 4
439 706 -20
439 707 -12
440 111 -2
440 115 -2
440 117 -2
440 225 -12
440 227 -12
440 228 -12
440 233 -8
440 237 -4
440 239 -6
440 240 -2
440 242 -4
440 245 -4
440 633 2
440 706 10
440 707 6
441 110 -2
441 112 -2
441 113 -2
441 224 -12
441 226 -12
441 227 -12
441 232 -8
441 234 -8
441 236 -4
441 238 -6
441 239 -6
441 240 -6
441 241 2
441 245 -4
441 634 2
442 110 -2
442 111 -2
442 115 -2
442 224 -12
442 225 -12
442 227 -12
442 232 -8
442 233 -8
442 236 -4
442 238 -6
442 239 -6
442 240 -6
442 241 2
442 245 -4
442 634 2
443 112 -2
443 113 -2
443 118 -2
443 226 -12
443 227 -12
443 228 -12
443 234 -8
443 237 -4
443 239 -6
443 240 -2
443 242 -4
443 245 -4
443 633 2
443 706 10
443 707 6
444 114 -4
444 228 -24
444 235 -24
444 237 -4
444 241 -8
445 111 -2
445 112 -2
445 225 -12
445 226 -12
445 233 -8
445 234 -8
445 240 -4
445 241 -4
445 245 -4
446 111 -2
446 112 -2
446 114 2
446 120 -4
446 123 -2
446 229 -16
446 230 -8
446 246 -8
446 249 -12
446 252 -20
446 253 -16
446 631 -4
446 634 -2
446 636 2
446 640 2
446 641 2
446 710 -4
447 114 -2
447 117 2
447 121 -2
447 123 2
447 230 -8
447 231 -8
447 247 -8
447 248 4
447 250 -6
447 251 2
447 632 -2
447 634 -2
447 641 -2
447 642 2
447 710 6
447 712 6
448 113 -2
448 115 -2
448 120 -4
448 229 -16
448 246 -16
448 249 -12
448 253 -16
448 633 -4
448 642 -2
448 643 2
448 710 -4
449 114 -2
449 118 2
449 121 -2
449 123 2
449 230 -8
449 231 -8
449 247 -8
449 248 -4
449 250 -6
449 251 -2
449 632 -2
449 634 -2
449 641 -2
449 643 -2
449 710 6
449 712 -6
450 117 -2
450 118 2
450 248 4
450 251 4
450 637 2
450 639 -2
450 711 12
451 118 -2
451 121 -2
451 230 -8
451 247 -8
451 250 -6
451 251 2
451 632 -2
451 643 -2
451 710 2
451 712 6
452 119 6
452 122 2
452 231 8
452 633 -2
452 644 -6
452 710 -4
453 116 -2
453 120 -2
453 229 -8
453 246 -8
453 249 -12
453 631 -2
453 638 2
454 117 -2
454 121 -2
454 230 -8
454 247 -8
454 250 -6
454 251 -2
454 632 -2
454 642 2
454 710 2
454 712 -6
455 110 -4
455 113 -2
455 115 -2
455 124 -4
455 127 -2
455 129 -2
455 232 -16
455 233 -8
455 234 -8
455 254 -16
455 256 -8
455 257 4
455 258 -12
455 259 -4
455 260 -8
455 631 -10
455 633 -2
455 645 2
455 651 -2
456 111 -2
456 112 -2
456 114 -2
456 125 -2
456 126 -2
456 128 -2
456 233 -8
456 234 -8
456 235 -24
456 255 -16
456 257 -8
456 259 -4
456 260 -4
456 632 -10
456 634 -4
456 652 -2
457 110 -2
457 111 -2
457 112 -2
457 124 -2
457 125 -2
457 126 -2
457 232 -8
457 233 -8
457 234 -8
457 254 -16
457 255 -16
457 256 -4
457 259 -8
457 633 -8
457 634 -6
457 653 -2
458 111 -2
458 112 -2
458 113 -2
458 115 -2
458 117 2
458 118 2
458 131 -4
458 236 -16
458 237 -8
458 256 -8
458 262 -12
458 264 -16
458 632 -4
458 633 -4
459 114 -2
459 119 6
459 132 -2
459 133 2
459 237 -8
459 257 -8
459 263 2
459 633 -2
459 634 -2
459 648 -2
459 713 6
460 113 -2
460 115 -2
460 116 -4
460 131 -4
460 236 -16
460 256 -16
460 262 -12
460 634 -4
461 114 -2
461 119 6
461 132 -2
461 133 2
461 237 -8
461 257 -8
461 263 -2
461 633 -2
461 634 -2
461 648 -2
461 713 -6
462 117 -2
462 118 -2
462 132 -2
462 237 -8
462 257 -8
463 110 -4
463 111 -2
463 112 -2
463 134 -4
463 135 -2
463 136 -2
463 238 -16
463 239 -16
463 258 -8
463 262 -8
463 266 -8
463 632 -4
463 633 -4
463 634 -4
464 111 -2
464 112 -2
464 113 -2
464 115 -2
464 116 -4
464 117 2
464 118 2
464 119 6
464 139 -4
464 141 2
464 240 -16
464 241 -8
464 259 -8
464 266 -12
464 631 -2
464 632 -2
464 634 2
464 650 -2
464 660 2
465 263 -4
465 661 2
466 113 -2
466 115 -2
466 116 -2
466 139 -2
466 240 -8
466 259 -8
466 633 2
466 662 2
467 110 -8
467 111 -2
467 112 -2
467 113 -2
467 114 4
467 115 -2
467 116 -4
467 142 -4
467 144 -8
467 232 -16
467 242 -16
467 260 -8
467 264 -16
467 266 -12
467 632 4
467 633 -4
467 634 4
467 652 4
467 714 -24
468 111 -6
468 113 -2
468 115 -4
468 116 -2
468 142 -2
468 145 -8
468 233 -16
468 242 -8
468 260 -8
468 266 -6
468 633 2
468 653 2
468 714 12
469 112 -6
469 113 -4
469 115 -2
469 116 -2
469 142 -2
469 146 -8
469 234 -16
469 242 -8
469 260 -8
469 266 -6
469 633 2
469 653 2
469 714 12
470 114 -4
470 147 -8
470 235 -16
471 110 -2
471 111 -2
471 112 -2
471 113 -2
471 114 2
471 115 -2
471 116 -2
471 143 -14
471 148 -2
471 236 -8
471 243 -40
471 261 -32
471 265 -36
471 631 -4
471 633 -2
471 655 2
471 657 2
471 658 2
471 714 -4
472 114 -4
472 149 -2
472 237 -8
472 632 -4
472 658 -4
472 714 8
473 110 -2
473 144 -2
473 244 -8
473 264 -4
473 631 -2
473 664 2
474 111 -2
474 112 -2
474 113 -4
474 114 4
474 115 -4
474 116 -4
474 117 2
474 118 2
474 148 -4
474 149 2
474 245 -16
474 260 -8
474 632 4
474 666 4
475 110 -6
475 111 -2
475 112 -2
475 113 -4
475 115 -4
475 116 -4
475 117 2
475 118 2
475 150 -4
475 152 -10
475 238 -24
475 245 -16
475 254 -16
475 259 -8
475 262 -12
475 631 -6
475 633 2
475 634 -2
475 659 2
475 665 -2
476 111 -4
476 112 -4
476 113 -2
476 114 -2
476 115 -2
476 116 -2
476 119 6
476 150 -2
476 153 -10
476 239 -24
476 245 -8
476 255 -16
476 259 -8
476 632 -6
476 633 -4
476 666 -2
477 110 -4
477 111 -4
477 112 -4
477 113 -4
477 115 -4
477 116 -4
477 117 2
477 118 2
477 151 -12
477 154 -4
477 240 -16
477 244 -32
477 256 -8
477 258 -24
477 632 -4
477 633 -4
477 634 -8
478 114 -4
478 117 -2
478 118 -2
478 119 12
478 155 -4
478 241 -16
478 257 -8
478 633 -4
478 634 -4
478 662 -4
479 120 -4
479 123 2
479 125 -2
479 126 -2
479 128 2
479 246 -8
479 247 -4
479 267 -16
479 270 -12
479 272 -16
479 635 -10
479 636 -2
479 637 -2
479 639 -2
479 640 -2
479 645 -4
479 654 -6
480 121 -2
480 122 2
480 128 -2
480 130 2
480 247 -4
480 268 -16
480 269 4
480 271 2
480 636 -8
480 637 -2
480 638 -4
480 643 -2
480 645 -2
480 655 -6
480 716 6
481 120 -4
481 127 -2
481 129 -2
481 246 -8
481 267 -32
481 270 -12
481 637 -6
481 638 -2
481 639 -6
481 644 -6
481 645 -2
481 656 -6
482 121 -2
482 122 2
482 128 -2
482 130 2
482 247 -4
482 268 -16
482 269 -4
482 271 -2
482 638 -4
482 639 -2
482 640 -8
482 642 2
482 645 -2
482 657 -6
482 716 -6
483 121 -2
483 130 -2
483 247 -4
483 268 -16
483 641 -6
483 642 4
483 643 -4
483 658 -6
484 248 -8
484 269 -8
484 273 -12
484 274 -16
484 636 -2
484 637 -2
484 639 2
484 640 2
484 642 -2
484 643 -2
484 717 -4
484 718 -12
485 122 2
485 123 2
485 133 -2
485 248 -4
485 269 -8
485 273 -6
485 274 -8
485 641 -2
485 644 -6
485 647 -2
485 648 2
485 717 -2
486 122 -2
486 123 -2
486 133 2
486 248 -4
486 269 -8
486 273 -6
486 274 -8
486 641 2
486 644 6
486 647 -2
486 648 -2
486 717 -2
487 248 -4
487 269 -8
487 273 -12
487 637 2
487 639 -2
487 717 4
487 718 12
488 642 -2
488 643 -2
488 647 2
488 717 4
489 120 -4
489 122 2
489 135 -2
489 136 -2
489 138 2
489 249 -8
489 250 -4
489 270 -8
489 275 -24
489 635 -2
489 636 -2
489 637 -2
489 638 -2
489 639 -2
489 640 -2
489 641 -2
489 649 -14
489 660 -2
490 273 4
490 642 -4
490 643 -4
490 661 -2
491 120 -2
491 137 -2
491 249 -4
491 270 -8
491 642 2
491 643 -2
491 644 -6
491 662 -2
492 251 -8
492 271 -8
492 274 16
492 636 -2
492 637 2
492 639 -2
492 640 2
492 719 -12
493 122 2
493 141 -2
493 251 -4
493 271 -8
493 636 -2
493 637 -2
493 638 2
493 650 2
493 719 6
494 122 -2
494 141 2
494 251 -4
494 271 -8
494 638 -2
494 639 2
494 640 2
494 650 -2
494 719 6
496 120 -14
496 121 2
496 123 -2
496 142 -2
496 148 -2
496 246 -8
496 252 -20
496 272 -32
496 275 -36
496 636 2
496 637 -2
496 638 4
496 639 -2
496 640 2
496 642 -2
496 643 2
496 644 -6
496 651 -4
496 653 -2
496 720 -12
497 121 -8
497 123 4
497 149 -2
497 247 -8
497 641 -4
497 642 4
497 643 -4
497 652 -4
497 720 24
498 248 -4
498 636 2
498 640 -2
498 655 -2
498 657 2
499 120 -4
499 121 2
499 145 -2
499 146 -2
499 147 6
499 253 -8
499 272 -8
499 636 2
499 637 -2
499 638 2
499 639 -2
499 640 2
499 665 -2
500 271 8
500 273 12
500 636 4
500 640 -4
500 642 2
500 643 2
501 271 8
501 642 2
501 643 2
502 120 -14
502 122 2
502 123 2
502 150 -2
502 154 -2
502 249 -12
502 253 -16
502 267 -16
502 270 -24
502 635 -6
502 636 -2
502 637 -4
502 638 -4
502 639 -4
502 640 -2
502 642 2
502 643 -2
502 659 -4
502 663 -10
503 121 -6
503 122 4
503 155 -2
503 250 -12
503 268 -16
503 636 -4
503 637 -2
503 638 -2
503 639 -2
503 640 -4
503 641 -2
503 644 -6
503 659 -2
503 664 -10
504 251 -8
504 269 -8
504 636 -2
504 640 2
504 642 2
504 643 2
504 661 -2
505 124 -4
505 125 -2
505 126 -2
505 254 -8
505 255 -8
505 276 -24
505 277 -8
505 279 -8
505 645 -12
505 659 -2
506 125 -2
506 126 -2
506 127 -2
506 129 -2
506 130 4
506 131 -4
506 133 2
506 256 -8
506 257 -4
506 277 -16
506 280 -12
506 645 -4
506 646 -12
506 648 -2
506 660 -4
507 647 -8
507 661 -4
508 127 -2
508 129 -2
508 131 -2
508 256 -4
508 277 -16
508 648 -6
508 662 -4
509 124 -2
509 134 -2
509 258 -4
509 280 -4
509 645 -2
509 649 -14
509 663 -2
509 664 -2
510 125 -2
510 126 -2
510 127 -4
510 128 4
510 129 -4
510 130 2
510 139 -4
510 140 2
510 259 -8
510 279 -16
510 645 2
510 650 -10
510 665 -2
510 666 -2
511 124 -6
511 125 -2
511 126 -2
511 127 -4
511 128 4
511 129 -4
511 142 -4
511 152 -10
511 254 -16
511 260 -8
511 279 -16
511 280 -12
511 645 2
511 651 -6
511 653 -2
511 665 -6
512 125 -4
512 126 -4
512 127 -2
512 128 -2
512 129 -2
512 130 2
512 142 -2
512 153 -10
512 255 -16
512 260 -4
512 279 -16
512 652 -6
512 653 -4
512 666 -6
513 124 -2
513 125 -2
513 126 -2
513 127 -2
513 128 2
513 129 -2
513 143 -14
513 154 -2
513 256 -4
513 261 -16
513 278 -48
513 645 -4
513 654 -6
513 655 -2
513 656 -4
513 657 -2
513 663 -10
514 128 -4
514 130 2
514 155 -2
514 257 -4
514 645 -2
514 655 -4
514 656 -2
514 657 -4
514 658 -2
514 664 -10
515 124 -4
515 125 -4
515 126 -4
515 127 -4
515 129 -4
515 130 4
515 150 -4
515 151 -12
515 258 -12
515 259 -8
515 276 -48
515 277 -16
515 645 -8
515 659 -8
515 660 -8
515 662 -4
516 131 -4
516 132 2
516 135 -2
516 136 -2
516 137 -4
516 138 4
516 262 -8
516 280 -8
516 648 -4
516 666 -4
517 263 -8
517 647 2
518 263 -4
518 647 -2
519 131 -12
519 132 2
519 142 -4
519 154 -4
519 256 -8
519 264 -16
519 280 -24
519 648 -4
519 652 -4
519 653 -4
520 132 -6
520 133 4
520 155 -4
520 257 -8
520 648 -4
520 653 -4
521 647 2
521 655 2
521 657 -2
522 263 8
522 647 4
522 661 -4
523 131 -6
523 133 2
523 150 -4
523 262 -12
523 277 -16
523 646 -6
523 648 -2
523 659 -4
524 134 -4
524 135 -4
524 136 -4
524 137 -4
524 138 4
524 142 -4
524 151 -12
524 258 -8
524 266 -8
524 280 -8
524 652 -4
524 653 -4
524 662 -4
525 134 -2
525 135 -2
525 136 -2
525 137 -2
525 138 2
525 143 -14
525 150 -2
525 262 -4
525 265 -24
525 278 -16
525 649 -14
525 654 -2
525 655 -2
525 656 -2
525 657 -2
525 658 -2
525 659 -2
526 139 -10
526 140 2
526 141 2
526 142 -6
526 150 -6
526 259 -8
526 266 -12
526 279 -16
526 650 -6
526 651 -2
526 652 -2
526 653 2
526 659 2
527 263 4
527 655 4
527 657 -4
528 142 -8
528 148 -4
528 149 2
528 260 -8
528 652 4
529 142 -2
529 143 -14
529 144 -2
529 145 -2
529 146 -2
529 147 6
529 261 -8
529 264 -4
529 651 -2
529 655 2
529 656 -2
529 657 2
530 156 -4
530 159 -2
530 161 -2
530 281 -32
530 282 -16
530 283 -16
530 287 -8
530 289 -8
530 290 4
530 291 -12
530 292 -4
530 293 -8
530 667 2
531 157 -2
531 158 -2
531 160 -2
531 282 -16
531 283 -16
531 284 -48
531 288 -8
531 290 -8
531 292 -4
531 293 -4
532 156 -2
532 157 -2
532 158 -2
532 281 -16
532 282 -16
532 283 -16
532 287 -8
532 288 -8
532 289 -4
532 292 -8
533 157 -2
533 158 -2
533 160 2
533 163 -4
533 285 -24
533 286 -12
533 295 -8
533 298 -12
533 300 -16
533 667 -4
534 160 -2
534 162 2
534 164 -2
534 165 2
534 286 -12
534 296 -8
534 297 4
534 299 2
534 667 -2
534 670 -2
534 722 6
535 159 -2
535 161 -2
535 163 -4
535 285 -24
535 295 -16
535 298 -12
535 667 -2
536 160 -2
536 162 2
536 164 -2
536 165 2
536 286 -12
536 296 -8
536 297 -4
536 299 -2
536 667 -2
536 670 -2
536 722 -6
537 162 -2
537 164 -2
537 286 -12
537 296 -8
538 156 -4
538 157 -2
538 158 -2
538 166 -4
538 167 -2
538 168 -2
538 287 -24
538 288 -24
538 301 -16
538 302 -8
538 304 -8
538 667 -12
538 673 -2
539 157 -2
539 158 -2
539 159 -2
539 161 -2
539 162 4
539 171 -4
539 173 2
539 289 -24
539 290 -12
539 302 -8
539 305 -12
539 667 -4
539 672 -2
541 159 -2
541 161 -2
541 171 -2
541 289 -12
541 302 -8
542 156 -2
542 174 -2
542 291 -12
542 305 -4
542 667 -2
543 157 -2
543 158 -2
543 159 -4
543 160 4
543 161 -4
543 162 2
543 178 -4
543 179 2
543 292 -24
543 304 -8
543 667 2
543 678 2
544 156 -6
544 157 -2
544 158 -2
544 159 -4
544 160 4
544 161 -4
544 180 -4
544 182 -8
544 287 -24
544 293 -24
544 304 -8
544 305 -12
544 667 2
544 673 2
545 157 -4
545 158 -4
545 159 -2
545 160 -2
545 161 -2
545 162 2
545 180 -2
545 183 -8
545 288 -24
545 293 -12
545 304 -8
546 156 -2
546 157 -2
546 158 -2
546 159 -2
546 160 2
546 161 -2
546 181 -12
546 184 -2
546 289 -12
546 294 -48
546 303 -24
546 667 -4
547 160 -4
547 162 2
547 185 -2
547 290 -12
547 667 -2
547 676 -4
548 156 -4
548 157 -4
548 158 -4
548 159 -4
548 161 -4
548 162 4
548 186 -4
548 187 -10
548 291 -36
548 292 -24
548 301 -16
548 302 -8
548 667 -8
548 678 -2
549 163 -4
549 165 2
549 167 -2
549 168 -2
549 170 2
549 188 -4
549 190 2
549 295 -16
549 296 -8
549 306 -16
549 308 -12
549 668 -12
549 670 -2
549 671 -14
549 674 -6
549 679 -2
549 684 -2
550 307 4
550 669 -8
550 675 -6
550 685 -2
551 163 -2
551 169 -2
551 188 -2
551 295 -8
551 306 -16
551 670 -6
551 676 -6
551 686 -2
552 191 -4
552 297 -16
552 307 -8
552 309 -12
552 669 -4
552 681 4
552 723 -12
553 165 2
553 173 -2
553 191 -2
553 297 -8
553 307 -8
553 309 -6
553 670 -2
553 672 2
553 682 2
553 723 6
554 165 -2
554 173 2
554 191 -2
554 297 -8
554 307 -8
554 309 -6
554 670 2
554 672 -2
554 682 2
554 723 6
556 163 -4
556 164 2
556 175 -2
556 176 -2
556 177 6
556 192 -4
556 193 2
556 298 -16
556 308 -8
556 670 -4
556 678 -2
557 194 -4
557 299 -16
557 309 12
557 669 2
557 683 2
557 693 2
558 194 -2
558 299 -8
558 669 -2
558 694 2
559 163 -12
559 164 2
559 180 -2
559 184 -2
559 195 -12
559 196 -8
559 295 -16
559 300 -32
559 308 -24
559 670 -4
559 673 -4
560 164 -6
560 165 4
560 185 -2
560 197 -8
560 296 -16
560 670 -4
560 673 -2
560 686 -4
561 198 -2
561 297 -8
561 669 2
561 675 -2
561 688 2
561 689 2
561 690 6
562 198 -4
562 299 16
562 307 8
562 669 4
562 694 -4
563 163 -6
563 165 2
563 186 -2
563 199 -10
563 298 -24
563 306 -16
563 668 -6
563 670 -2
563 677 -10
563 692 -2
564 166 -2
564 200 -2
564 301 -8
564 311 -4
564 671 -14
564 677 -2
564 695 -2
565 167 -2
565 168 -2
565 169 -4
565 170 4
565 171 -4
565 172 2
565 204 -4
565 205 2
565 302 -16
565 311 -16
565 672 -10
565 678 -4
565 698 -2
566 166 -4
566 167 -4
566 168 -4
566 169 -4
566 170 4
566 180 -4
566 187 -10
566 210 -4
566 212 -8
566 301 -32
566 304 -16
566 311 -16
566 673 -8
566 678 -6
566 702 -4
567 166 -2
567 167 -2
567 168 -2
567 169 -2
567 170 2
567 181 -12
567 186 -2
567 211 -10
567 213 -2
567 302 -8
567 303 -24
567 310 -48
567 671 -14
567 674 -8
567 676 -4
567 677 -10
567 696 -2
567 703 -2
568 216 -4
569 171 -10
569 172 2
569 173 2
569 180 -4
569 186 -4
569 217 -10
569 218 -8
569 302 -16
569 305 -24
569 311 -16
569 672 -6
569 673 -4
569 698 -2
570 675 4
570 700 4
571 174 -2
571 175 -2
571 176 -2
571 177 6
571 180 -2
571 181 -12
571 221 -2
571 222 -8
571 303 -16
571 305 -8
571 673 -2
571 676 -4
572 178 -4
572 179 2
572 180 -6
572 223 -8
572 304 -16
572 673 2
572 702 2
573 188 -4
573 189 2
573 201 -2
573 202 -2
573 203 6
573 306 -8
573 312 -24
573 679 -10
573 692 -2
573 696 -6
574 191 -4
574 307 -8
574 313 -16
574 680 -6
574 682 -2
574 693 -4
574 699 6
575 191 -2
575 307 -4
575 313 -16
575 681 -6
575 682 -4
575 694 -4
575 700 6
576 194 -4
576 313 16
576 683 -8
576 693 2
576 694 2
576 701 6
577 188 -10
577 189 2
577 190 2
577 195 -12
577 199 -10
577 210 -2
577 213 -2
577 306 -16
577 308 -12
577 312 -48
577 679 -6
577 684 -8
577 686 -4
577 692 -6
577 695 -10
577 703 -6
578 198 2
578 307 -4
578 687 -4
578 691 10
579 191 -4
579 309 -8
579 681 -4
579 682 -4
579 694 4
580 191 -6
580 194 4
580 216 -2
580 309 -12
580 313 -16
580 680 -2
580 681 -2
580 682 2
580 683 4
580 697 -10
581 191 -8
581 198 4
581 307 -8
581 681 4
581 685 -4
582 191 -2
582 680 -2
582 688 2
582 689 2
582 699 -2
583 194 -2
583 309 4
583 683 -2
583 687 -2
583 688 2
583 689 2
583 690 6
583 701 -2
584 192 -4
584 193 2
584 195 -12
584 221 -2
584 308 -8
584 686 -4
584 702 -2
585 200 -2
585 201 -2
585 202 -2
585 203 6
585 210 -2
585 211 -10
585 310 -24
585 311 -4
585 695 -10
585 696 -6
585 703 -2
586 216 -2
586 697 -10
586 699 2
586 700 2
586 701 -4
587 204 -4
587 205 2
587 210 -4
587 217 -10
587 311 -16
587 698 -6
587 702 -4
588 224 -4
588 225 -2
588 226 -2
588 314 -40
588 315 -40
588 318 -8
588 319 -8
588 321 -8
589 225 -2
589 226 -2
589 228 2
589 229 -4
589 231 2
589 316 -32
589 317 -16
589 322 -8
589 324 -12
589 704 -14
589 705 -2
590 323 4
591 227 -2
591 229 -2
591 316 -16
591 322 -8
592 224 -2
592 232 -2
592 318 -16
592 326 -4
592 704 -14
592 706 -2
593 225 -2
593 226 -2
593 227 -4
593 228 4
593 236 -4
593 237 2
593 319 -32
593 326 -8
594 224 -4
594 225 -4
594 226 -4
594 227 -4
594 228 4
594 242 -4
594 244 -8
594 318 -32
594 321 -32
594 326 -8
595 224 -2
595 225 -2
595 226 -2
595 227 -2
595 228 2
595 243 -10
595 245 -2
595 319 -16
595 320 -48
595 325 -16
595 704 -14
595 707 -2
596 229 -4
596 230 2
596 233 -2
596 234 -2
596 235 6
596 246 -4
596 247 2
596 322 -24
596 327 -16
596 705 -10
596 707 -6
596 710 -2
597 248 -4
597 323 -24
597 328 -8
597 708 2
598 248 -2
598 323 -12
598 328 -8
599 251 -4
599 328 8
600 229 -10
600 230 2
600 231 2
600 242 -2
600 245 -2
600 252 -10
600 253 -8
600 322 -24
600 324 -36
600 327 -16
600 705 -6
600 706 -10
600 710 -2
601 323 -12
601 712 4
602 232 -2
602 233 -2
602 234 -2
602 235 6
602 242 -2
602 243 -10
602 260 -2
602 261 -8
602 325 -48
602 326 -12
602 706 -10
602 707 -6
602 714 -4
603 263 -2
603 713 -2
604 236 -4
604 237 2
604 242 -4
604 264 -8
604 326 -24
605 248 -4
605 269 -4
605 328 -16
605 708 -8
605 713 6
605 717 -2
606 251 -2
606 271 -2
606 328 8
606 709 -10
606 711 2
606 712 2
606 716 -2
606 719 -2
607 246 -4
607 247 2
607 252 -10
607 260 -2
607 272 -8
607 327 -32
607 710 -6
607 714 -6
607 720 -6
608 248 -2
608 273 -2
608 708 -2
608 712 4
608 713 -2
609 248 -6
609 251 4
609 263 -2
609 274 -8
609 328 -16
609 708 2
609 717 2
610 269 -2
610 715 -10
610 716 4
610 718 -2
611 281 -2
611 329 -24
611 332 -4
612 282 -2
612 283 -2
612 284 6
612 285 -4
612 286 2
612 330 -40
612 333 -8
613 281 -2
613 282 -2
613 283 -2
613 284 6
613 293 -2
613 294 -8
613 331 -40
613 332 -20
614 297 -4
614 334 -32
615 299 -2
615 334 16
615 722 -2
616 285 -4
616 286 2
616 293 -2
616 300 -8
616 333 -32
617 297 -2
617 307 -2
617 721 -10
617 722 4
617 723 -2
618 323 -2
619 363 -8
619 364 -4
619 365 -4
619 366 -4
619 367 -4
619 391 -8
619 398 -8
619 399 4
619 400 -4
619 401 4
619 407 -12
619 410 -4
619 415 -8
619 416 -4
619 417 -4
619 423 -16
619 424 -4
619 427 -4
619 431 -8
619 432 4
619 434 -8
619 435 -4
619 727 -28
619 728 -12
619 729 -20
620 364 -4
620 368 -4
620 369 -4
620 370 -4
620 371 -4
620 392 -8
620 399 -4
620 402 4
620 403 -4
620 404 4
620 408 -6
620 410 -2
620 416 -4
620 418 -4
620 419 -4
620 424 -4
620 425 -2
620 428 -4
620 432 -4
620 434 -4
620 436 -2
620 727 14
620 728 6
620 729 10
621 363 -4
621 365 -4
621 372 -4
621 373 -4
621 374 -4
621 391 -8
621 393 -8
621 400 -4
621 405 -8
621 406 4
621 407 -6
621 409 -6
621 410 -2
621 411 2
621 412 -4
621 417 -4
621 418 -4
621 424 -2
621 425 -2
621 426 -4
621 427 -4
621 429 -4
621 431 -4
621 435 -6
621 436 -2
621 438 2
621 729 -10
622 364 -4
622 366 -4
622 368 -4
622 372 -4
622 375 -4
622 392 -8
622 394 -8
622 398 -4
622 401 -4
622 402 -4
622 408 -6
622 409 -6
622 410 -4
622 411 2
622 412 -2
622 415 -4
622 424 -2
622 426 -4
622 427 -4
622 428 -4
622 435 -2
622 436 -4
622 437 2
622 438 2
622 729 10
623 365 -4
623 367 -4
623 368 -4
623 369 -4
623 372 -4
623 393 -8
623 395 -8
623 398 -4
623 399 -4
623 402 4
623 408 -6
623 409 -6
623 410 -4
623 412 -2
623 413 2
623 415 -4
623 424 -2
623 426 -4
623 427 -4
623 429 -4
623 435 -2
623 436 -4
623 437 2
623 438 2
623 729 10
624 363 -4
624 366 -4
624 370 -4
624 372 -4
624 373 -4
624 391 -8
624 394 -8
624 400 -4
624 403 4
624 405 -8
624 407 -6
624 409 -6
624 410 -2
624 412 -4
624 413 2
624 416 -4
624 418 -4
624 424 -2
624 425 2
624 426 -4
624 427 -4
624 428 -4
624 431 -4
624 435 -6
624 436 -2
624 438 2
624 729 -10
625 367 -4
625 368 -4
625 371 -4
625 374 -4
625 375 -4
625 395 -8
625 401 -4
625 402 -4
625 404 4
625 406 -4
625 408 -6
625 410 -2
625 417 -4
625 418 -4
625 419 -4
625 424 -4
625 425 2
625 429 -4
625 432 -4
625 434 -4
625 436 -2
625 727 14
625 728 6
625 729 10
626 369 -4
626 375 -4
626 376 -8
626 396 -8
626 403 -4
626 406 -4
626 411 -2
626 413 -2
626 414 -4
626 419 -8
626 430 -12
626 432 -4
626 437 -4
626 438 -4
627 367 -4
627 370 -4
627 373 -4
627 376 -4
627 395 -8
627 397 -8
627 403 -4
627 404 -4
627 410 -2
627 412 -2
627 413 -2
627 414 -2
627 416 -4
627 424 -2
627 426 -4
627 428 -4
627 429 -4
627 436 -2
627 437 -2
627 438 -4
628 369 -4
628 371 -8
628 375 -4
628 396 -16
628 399 -4
628 401 -4
628 411 -6
628 413 -6
628 414 -4
628 430 -12
628 437 -4
628 438 -4
629 364 -4
629 373 -4
629 374 -4
629 376 -4
629 392 -8
629 397 -8
629 404 -4
629 406 -4
629 410 -2
629 411 -2
629 412 -2
629 414 -2
629 417 -4
629 424 -2
629 426 -4
629 428 -4
629 429 -4
629 436 -2
629 437 -2
629 438 -4
630 365 -4
630 366 -4
630 370 -4
630 374 -4
630 393 -8
630 394 -8
630 397 -8
630 400 -4
630 411 -2
630 412 -8
630 413 -2
630 414 4
630 427 -4
630 428 -4
630 429 -4
630 435 -4
630 436 -4
631 337 -4
631 342 -2
631 346 -2
631 349 -2
631 351 -2
631 439 -16
631 440 -8
631 441 -8
631 442 -8
631 443 -8
631 455 -8
631 458 -8
631 459 4
631 460 -4
631 461 4
631 463 -12
631 464 -4
631 467 -8
631 468 -4
631 469 -4
631 474 -8
631 475 -4
631 477 -8
631 478 4
631 724 2
632 338 -2
632 341 -2
632 343 -2
632 347 -2
632 350 -2
632 440 -8
632 443 -8
632 444 -16
632 445 -8
632 456 -8
632 459 -4
632 461 -4
632 462 -8
632 464 -4
632 468 -4
632 469 -4
632 470 -12
632 474 -4
632 476 -4
632 478 -8
633 337 -2
633 339 -2
633 340 -2
633 344 -2
633 348 -2
633 439 -8
633 441 -8
633 442 -8
633 445 -16
633 455 -8
633 457 -8
633 460 -8
633 462 4
633 464 -4
633 466 -8
633 468 -4
633 469 -4
633 475 -8
633 476 -4
633 477 -4
634 338 -2
634 339 -2
634 340 -2
634 341 -2
634 345 -2
634 440 -8
634 441 -8
634 442 -8
634 443 -8
634 444 -8
634 456 -8
634 457 -8
634 458 -4
634 459 -4
634 461 -4
634 464 -4
634 466 -8
634 467 -4
634 475 -4
634 476 -8
635 338 -2
635 341 -2
635 343 2
635 347 -2
635 350 2
635 446 -8
635 447 -4
635 448 -4
635 449 -4
635 479 -8
635 485 4
635 486 -4
635 489 -12
635 496 -8
635 497 -4
635 499 -16
635 502 -4
635 724 -4
636 345 -2
636 352 2
636 356 -2
636 359 2
636 447 -4
636 450 -4
636 451 -4
636 452 -4
636 480 -8
636 485 4
636 487 4
636 488 -4
636 490 -6
636 492 -2
636 493 4
636 497 -4
636 500 -4
636 501 2
636 503 -4
636 504 4
636 724 -2
636 731 6
636 732 -10
637 342 -2
637 348 -2
637 358 -2
637 361 2
637 446 -4
637 448 -4
637 453 -8
637 454 -4
637 479 -8
637 481 -8
637 486 4
637 487 -4
637 489 -6
637 491 -12
637 492 -2
637 493 2
637 496 -4
637 500 2
637 502 -8
637 724 -2
637 732 -10
638 343 -2
638 350 -2
638 355 4
638 447 -4
638 449 -4
638 480 -8
638 482 -8
638 493 2
638 494 -2
638 503 -4
638 724 -2
639 344 -2
639 351 -2
639 356 2
639 360 -2
639 446 -4
639 448 -4
639 451 -4
639 453 -8
639 479 -8
639 481 -8
639 485 -4
639 487 4
639 489 -6
639 491 -12
639 492 2
639 494 -2
639 496 -4
639 500 -2
639 502 -8
639 724 -2
639 732 10
640 345 -2
640 354 2
640 357 2
640 361 -2
640 449 -4
640 450 4
640 452 -4
640 454 -4
640 482 -8
640 486 -4
640 487 -4
640 488 4
640 490 6
640 492 2
640 494 -4
640 497 -4
640 500 4
640 501 -2
640 503 -4
640 504 -4
640 724 -2
640 731 -6
640 732 10
641 357 -2
641 359 -2
641 362 10
641 451 -4
641 454 -4
641 483 -8
641 493 -2
641 494 2
641 497 -4
641 503 -4
642 354 2
642 356 2
642 359 -2
642 449 4
642 451 4
642 452 -4
642 482 8
642 483 8
642 485 4
642 492 -2
642 493 4
642 495 -6
642 500 -2
642 501 -2
642 503 4
643 352 -2
643 357 2
643 361 -2
643 447 -4
643 452 4
643 454 -4
643 480 -8
643 483 -8
643 486 4
643 492 -2
643 494 4
643 495 -6
643 500 -2
643 501 -2
643 503 -4
644 353 -2
644 448 -4
644 481 -8
644 493 -2
644 494 2
644 502 -4
645 337 -4
645 338 -2
645 339 -2
645 340 -2
645 341 -2
645 455 -8
645 456 -8
645 457 -8
645 505 -16
645 506 -8
645 508 -8
645 510 -8
645 511 -8
645 512 -8
645 515 -8
645 724 -16
646 338 -2
646 341 -2
646 342 -2
646 351 -2
646 352 2
646 354 2
646 355 4
646 358 -2
646 360 -2
646 458 -8
646 459 -4
646 460 -4
646 461 -4
646 506 -8
646 516 -12
646 519 -8
646 520 -4
646 523 -4
646 724 -4
647 352 -2
647 354 2
647 356 2
647 357 2
647 359 -2
647 361 -2
647 459 -4
647 461 4
647 507 -8
647 517 -4
647 518 4
647 522 -4
648 342 -2
648 344 -2
648 348 -2
648 351 -2
648 353 -4
648 357 2
648 359 2
648 458 -4
648 460 -8
648 462 -4
648 506 -8
648 508 -16
648 519 -4
648 523 -12
649 337 -2
649 463 -4
649 516 -4
649 524 -4
649 724 -2
650 338 -2
650 341 -2
650 342 -4
650 343 2
650 344 -2
650 345 4
650 348 -2
650 350 2
650 351 -4
650 352 2
650 353 -2
650 354 2
650 464 -8
650 466 -8
650 510 -8
650 526 -8
650 724 2
651 337 -6
651 339 -2
651 340 -2
651 342 -2
651 343 2
651 346 -4
651 349 -4
651 350 2
651 351 -2
651 353 -4
651 356 2
651 358 -2
651 360 -2
651 361 2
651 455 -8
651 467 -8
651 468 -4
651 469 -4
651 511 -8
651 519 -8
651 520 4
651 524 -12
651 526 -4
651 528 -16
651 724 2
652 338 -4
652 341 -4
652 343 -2
652 344 -2
652 347 -2
652 348 -2
652 350 -2
652 356 -2
652 357 2
652 358 -2
652 359 2
652 360 -2
652 361 -2
652 362 10
652 456 -8
652 468 -4
652 469 -4
652 470 -12
652 512 -8
652 520 -8
652 526 -4
652 528 -8
653 339 -4
653 340 -4
653 344 -2
653 345 -2
653 346 -2
653 347 -4
653 348 -2
653 349 -2
653 355 2
653 356 2
653 358 -2
653 360 -2
653 361 2
653 457 -8
653 467 -4
653 468 -4
653 469 -4
653 511 -8
653 512 -8
653 519 -4
653 526 -8
654 338 -2
654 339 -2
654 340 -2
654 341 -2
654 342 -2
654 343 2
654 345 2
654 347 -2
654 350 2
654 351 -2
654 458 -4
654 471 -8
654 472 -4
654 513 -8
654 525 -12
654 529 -16
654 724 -4
655 343 -4
655 345 -2
655 354 2
655 355 2
655 356 -2
655 359 2
655 459 -4
655 472 -4
655 514 -8
655 521 -4
655 527 -2
655 724 -2
656 344 -2
656 346 -2
656 348 -2
656 349 -2
656 353 -2
656 356 2
656 358 -2
656 360 -2
656 361 2
656 460 -4
656 471 -8
656 513 -16
656 525 -12
656 724 -2
657 345 -2
657 350 -4
657 352 2
657 355 2
657 357 2
657 361 -2
657 461 -4
657 472 -4
657 514 -8
657 521 4
657 527 2
657 724 -2
658 355 -2
658 356 -2
658 361 -2
658 362 10
658 462 -4
658 472 -4
658 514 -8
659 337 -4
659 338 -2
659 339 -4
659 340 -4
659 341 -2
659 344 -2
659 346 -4
659 347 -4
659 348 -2
659 349 -4
659 352 2
659 354 2
659 357 2
659 358 -2
659 359 2
659 360 -2
659 463 -12
659 475 -8
659 476 -8
659 505 -16
659 515 -8
659 523 -16
659 526 -8
659 724 -12
660 338 -2
660 339 -2
660 340 -2
660 341 -2
660 342 -4
660 344 -2
660 346 -2
660 347 -4
660 348 -2
660 349 -2
660 351 -4
660 352 4
660 354 4
660 355 4
660 357 2
660 358 -2
660 359 2
660 360 -2
660 464 -8
660 477 -8
660 478 -4
660 506 -8
660 515 -8
660 524 -12
660 724 -8
661 343 -4
661 350 4
661 352 -4
661 354 4
661 465 -8
661 507 -8
661 522 4
662 344 -2
662 346 -2
662 348 -2
662 349 -2
662 353 -4
662 357 2
662 358 -2
662 359 2
662 360 -2
662 466 -8
662 477 -4
662 508 -8
662 515 -8
663 337 -2
663 339 -2
663 340 -2
663 345 2
663 346 -2
663 349 -2
663 473 -16
663 477 -4
663 509 -24
663 519 -4
663 724 -4
664 343 -2
664 350 -2
664 352 2
664 354 2
664 355 -2
664 478 -4
664 520 -4
664 724 -2
665 338 -2
665 339 -2
665 340 -2
665 341 -2
665 342 -2
665 343 4
665 344 -2
665 345 4
665 346 -4
665 348 -2
665 349 -4
665 350 4
665 351 -2
665 353 -4
665 355 2
665 356 2
665 358 -2
665 360 -2
665 361 2
665 474 -8
665 475 -8
665 510 -8
665 511 -8
665 516 -12
665 724 2
666 342 -2
666 344 -2
666 347 -4
666 348 -2
666 351 -2
666 352 2
666 353 -2
666 354 2
666 357 2
666 358 -4
666 359 2
666 360 -4
666 362 10
666 474 -4
666 476 -8
666 510 -8
666 512 -8
667 363 -4
667 364 -2
667 365 -2
667 366 -2
667 367 -2
667 530 -24
667 531 -24
667 532 -24
667 538 -8
667 539 -8
667 541 -8
667 543 -8
667 544 -8
667 545 -8
667 548 -8
668 364 -2
668 367 -2
668 369 2
668 373 -2
668 375 2
668 377 -4
668 381 2
668 384 -2
668 386 2
668 533 -16
668 534 -8
668 535 -8
668 536 -8
668 549 -8
668 553 4
668 554 -4
668 556 -12
668 559 -8
668 560 -4
668 563 -4
668 725 -18
668 726 -2
669 378 -2
669 380 2
669 382 2
669 385 -2
669 534 -8
669 536 8
669 550 -8
669 553 4
669 554 4
669 555 -12
669 557 -4
669 558 4
669 562 -4
670 368 -2
670 370 -2
670 374 -2
670 376 2
670 377 -2
670 379 -4
670 383 2
670 533 -8
670 535 -16
670 537 -8
670 549 -8
670 551 -16
670 553 -4
670 554 4
670 559 -4
670 563 -12
671 363 -2
671 391 -2
671 538 -8
671 565 -4
671 566 -4
671 725 -18
671 727 -2
672 364 -2
672 367 -2
672 368 -4
672 369 2
672 370 -2
672 371 4
672 374 -2
672 375 2
672 398 -4
672 399 2
672 400 -2
672 401 2
672 539 -16
672 541 -16
672 565 -8
672 569 -8
673 363 -4
673 364 -2
673 365 -4
673 366 -4
673 367 -2
673 369 2
673 370 -2
673 372 -4
673 373 -4
673 374 -2
673 375 2
673 376 4
673 415 -4
673 416 -2
673 417 -2
673 423 -8
673 538 -16
673 544 -16
673 545 -16
673 566 -8
673 569 -8
673 572 -16
674 364 -2
674 365 -2
674 366 -2
674 367 -2
674 368 -2
674 369 2
674 371 2
674 373 -2
674 375 2
674 420 -4
674 422 2
674 424 -2
674 539 -8
674 546 -16
674 547 -8
674 567 -8
674 571 -12
674 725 -18
674 728 -2
675 369 -4
675 375 4
675 425 -2
675 540 -8
675 570 -4
676 370 -2
676 372 -2
676 374 -2
676 376 2
676 420 -2
676 426 -2
676 541 -8
676 546 -8
676 567 -8
677 363 -2
677 365 -2
677 366 -2
677 371 2
677 372 -2
677 427 -2
677 433 -10
677 542 -24
677 548 -8
677 564 -16
677 569 -4
677 725 -18
677 729 -2
678 364 -2
678 365 -2
678 366 -2
678 367 -2
678 368 -4
678 369 4
678 370 -4
678 371 4
678 372 -4
678 373 -4
678 374 -4
678 375 4
678 376 4
678 431 -4
678 432 2
678 434 -4
678 543 -16
678 548 -16
678 565 -8
678 566 -8
679 377 -4
679 378 2
679 379 -2
679 380 2
679 392 -2
679 395 -2
679 396 4
679 397 -2
679 549 -8
679 551 -8
679 573 -16
679 577 -8
679 726 -14
679 728 -6
680 378 -2
680 380 2
680 381 -2
680 386 2
680 387 2
680 388 2
680 399 2
680 401 -2
680 403 -2
680 406 2
680 552 -8
680 553 -4
680 554 -4
680 574 -8
680 579 -12
680 580 -4
680 581 -8
681 387 -2
681 388 -2
681 553 -4
681 554 -4
681 555 -12
681 575 -8
681 580 -4
681 581 -4
682 381 -2
682 382 -2
682 385 2
682 386 2
682 387 -2
682 388 -2
682 402 2
682 403 2
682 406 -2
682 552 -4
682 553 -4
682 554 -4
682 574 -8
682 575 -8
682 580 -8
683 378 -2
683 380 2
683 381 -4
683 382 -2
683 385 2
683 386 4
683 387 -2
683 388 -2
683 411 2
683 413 -2
683 557 -8
683 558 -8
683 576 -8
683 580 8
684 377 -6
684 379 -4
684 381 2
684 382 2
684 384 -6
684 385 2
684 386 2
684 387 2
684 388 -2
684 390 2
684 416 -2
684 417 -2
684 419 2
684 424 -2
684 549 -8
684 559 -8
684 560 -4
684 577 -8
684 584 -24
684 726 -6
684 727 -14
685 378 -4
685 380 4
685 425 -2
685 550 -8
685 581 4
686 379 -4
686 383 2
686 384 -4
686 389 2
686 418 -2
686 426 -2
686 551 -8
686 559 -4
686 577 -8
687 381 -2
687 382 2
687 385 -2
687 386 2
687 552 -4
687 561 -8
687 578 -8
687 582 16
687 583 12
688 381 2
688 382 -2
688 383 2
688 389 2
688 390 -2
688 422 -2
688 553 -4
688 561 -4
688 578 -8
688 583 6
688 726 -2
688 728 2
689 383 -2
689 385 2
689 386 -2
689 389 -2
689 390 2
689 422 2
689 554 -4
689 561 -4
689 578 -8
689 583 6
689 726 2
689 728 -2
690 555 -4
691 378 -2
691 380 2
691 381 -2
691 386 2
691 425 2
691 562 -4
691 581 4
692 377 -4
692 378 2
692 379 -6
692 380 2
692 382 2
692 384 -8
692 385 2
692 387 2
692 388 -2
692 389 2
692 390 2
692 428 -2
692 429 -2
692 430 6
692 434 -2
692 556 -12
692 563 -16
692 573 -16
692 577 -8
692 726 -10
692 729 -10
693 381 -2
693 382 2
693 385 -2
693 386 2
693 387 2
693 388 2
693 557 -8
693 562 8
693 574 -8
693 576 8
693 579 12
694 381 2
694 382 -2
694 385 2
694 386 -2
694 387 -2
694 388 -2
694 558 -8
694 562 4
694 575 -8
694 576 8
695 391 -2
695 393 -2
695 394 -2
695 396 2
695 415 -2
695 433 -10
695 564 -16
695 566 -4
695 587 -8
695 727 -14
695 729 -6
696 392 -2
696 393 -2
696 394 -2
696 395 -2
696 396 6
696 397 -2
696 420 -4
696 421 2
696 434 -2
696 565 -4
696 567 -8
696 585 -16
696 728 -10
696 729 -10
697 399 -2
697 401 2
697 402 -2
697 411 2
697 413 -2
697 568 -4
698 398 -4
698 399 2
698 400 -6
698 401 2
698 403 4
698 405 -8
698 406 4
698 416 -2
698 417 -2
698 418 -4
698 419 4
698 434 -4
698 565 -8
698 569 -8
698 587 -16
699 402 -2
699 403 2
699 406 -2
699 570 -8
699 586 8
700 402 2
700 403 -2
700 406 2
700 570 -4
700 586 8
701 568 4
701 586 -8
702 415 -4
702 416 -4
702 417 -4
702 418 -4
702 419 4
702 431 -4
702 432 2
702 566 -8
702 572 -8
702 587 -8
703 415 -2
703 416 -2
703 417 -2
703 418 -2
703 419 2
703 420 -10
703 421 2
703 422 2
703 427 -2
703 428 -2
703 429 -2
703 430 6
703 567 -8
703 569 -4
703 571 -12
703 585 -16
703 727 -14
703 728 -6
704 439 -2
704 588 -16
704 593 -4
704 594 -4
705 440 -2
705 443 -2
705 444 4
705 445 -2
705 446 -4
705 447 2
705 448 -2
705 449 2
705 589 -24
705 591 -24
705 596 -8
705 600 -8
706 439 -2
706 441 -2
706 442 -2
706 444 2
706 467 -2
706 473 -8
706 592 -24
706 594 -12
706 604 -8
707 440 -2
707 441 -2
707 442 -2
707 443 -2
707 444 6
707 445 -2
707 471 -4
707 472 2
707 474 -2
707 593 -12
707 595 -24
707 602 -8
708 447 -2
708 449 2
708 450 -4
708 451 -2
708 454 2
708 459 2
708 461 -2
708 484 -4
708 485 -2
708 486 -2
708 597 -16
708 598 -16
708 605 -8
708 609 -8
709 447 -2
709 449 2
709 450 -2
709 465 2
709 492 -2
709 599 -8
709 609 4
709 732 2
710 446 -4
710 447 2
710 448 -6
710 449 2
710 451 4
710 453 -8
710 454 4
710 468 -2
710 469 -2
710 470 6
710 474 -2
710 496 -4
710 497 2
710 499 -8
710 596 -16
710 600 -16
710 607 -16
711 450 -2
711 451 2
711 454 -2
711 498 -4
711 500 -2
711 597 -8
711 601 -16
711 606 8
711 608 12
711 731 2
712 450 2
712 451 -2
712 454 2
712 498 -2
712 501 -2
712 598 -8
712 601 -8
712 606 8
713 521 -4
713 522 -2
713 603 16
714 467 -2
714 468 -2
714 469 -2
714 470 6
714 471 -4
714 472 2
714 528 -2
714 529 -8
714 602 -16
714 604 -8
715 480 -2
715 482 2
715 484 -2
715 507 2
715 605 -4
715 730 -14
715 732 -4
715 733 6
716 498 -4
716 504 2
716 605 -4
716 606 8
716 610 16
716 731 -8
716 732 10
717 484 -4
717 485 -4
717 486 -4
717 487 -4
717 488 4
717 504 4
717 522 2
717 605 -8
717 609 -8
718 484 -2
718 485 -2
718 486 -2
718 487 -2
718 488 2
718 498 4
718 521 -2
718 608 -12
718 610 -16
718 730 -14
718 731 4
718 733 -10
719 492 -2
719 493 -2
719 494 -2
719 495 6
719 498 6
719 527 -2
719 606 -8
719 609 4
719 731 -2
720 496 -4
720 497 2
720 528 -2
720 607 -8
721 534 -2
721 536 2
721 540 2
721 552 -2
721 614 -12
722 561 -4
722 562 -2
722 614 -12
722 615 24
722 617 8
723 552 -2
723 553 -2
723 554 -2
723 555 6
723 561 4
723 570 -2
723 581 -2
723 582 -8
723 617 -16
724 631 -8
724 632 -8
724 633 -8
724 634 -8
724 645 -8
724 646 -8
724 648 -8
724 650 -8
724 651 -8
724 652 -8
724 653 -8
724 659 -8
724 660 -8
724 662 -8
724 665 -8
724 666 -8
725 619 -2
725 667 -8
725 672 -4
725 673 -4
725 678 -4
726 620 -2
726 625 -2
726 626 4
726 627 -2
726 628 2
726 629 -2
726 668 -8
726 670 -8
726 679 -8
726 684 -8
726 686 -8
726 692 -8
727 619 -2
727 621 -2
727 624 -2
727 626 2
727 671 -8
727 673 -4
727 698 -4
727 702 -8
728 620 -2
728 622 -2
728 623 -2
728 625 -2
728 626 4
728 627 -2
728 628 6
728 629 -2
728 630 -2
728 672 -4
728 674 -8
728 676 -8
728 696 -8
728 703 -8
729 621 -2
729 622 -2
729 623 -2
729 624 -2
729 626 2
729 628 4
729 630 -2
729 677 -8
729 678 -4
729 695 -8
729 698 -4
730 636 -2
730 640 2
730 647 2
730 708 -4
730 717 -4
731 636 -2
731 640 2
731 655 2
731 657 -2
731 708 -4
731 711 -8
731 712 -8
731 716 -8
731 718 8
731 719 8
732 636 -2
732 640 2
732 642 -2
732 643 -2
732 661 2
732 709 -8
732 715 -8
732 717 4
733 647 -2
733 655 2
733 657 -2
733 713 -4
734 669 -2
734 675 2
734 687 -2
734 691 -2
734 721 -8
734 722 -8
734 723 4
734 734 0
