1 140 4
1 141 2
1 142 2
1 143 2
1 145 2
1 146 2
1 149 2
1 150 2
2 155 4
2 156 2
2 157 2
2 158 2
2 160 2
2 161 2
2 164 2
3 167 2
4 171 4
4 172 2
4 173 2
4 174 2
4 176 2
4 177 2
5 181 2
6 185 4
6 186 2
6 187 2
6 188 2
6 190 2
6 195 2
7 192 2
7 196 6
8 197 4
8 198 2
8 199 2
8 200 2
8 205 2
9 202 2
9 206 4
10 207 4
10 208 2
10 209 2
10 213 2
11 211 2
11 215 4
11 216 2
12 217 4
12 218 2
12 219 2
12 220 2
12 222 2
12 223 2
13 227 2
14 231 4
14 232 2
14 233 2
14 234 2
14 236 2
15 238 2
16 241 4
16 242 2
16 243 2
16 244 2
16 249 2
17 246 2
17 250 6
18 251 4
18 252 2
18 253 2
18 257 2
19 255 2
19 258 4
20 259 4
20 260 2
20 261 2
21 263 2
22 267 2
22 271 2
23 272 2
23 275 2
24 276 2
25 278 4
25 279 2
25 280 2
25 281 2
26 283 2
27 286 4
27 287 2
27 288 2
27 292 2
28 290 2
28 293 6
29 294 4
29 295 2
29 298 2
30 296 2
30 299 4
31 300 2
31 303 2
32 304 2
32 307 2
33 308 4
33 309 2
33 312 2
34 310 2
34 313 6
34 316 2
35 314 4
35 315 2
35 318 2
36 317 2
36 319 6
37 320 4
37 321 2
37 322 2
37 323 2
37 325 2
38 327 2
39 330 4
39 331 2
39 332 2
39 333 2
40 335 2
41 338 4
41 339 2
41 340 2
41 344 2
42 342 2
42 345 6
43 346 4
43 347 2
43 350 2
44 348 2
44 351 4
45 352 2
46 356 2
46 359 2
47 360 2
47 363 2
48 364 4
48 365 2
48 366 2
49 368 2
50 370 4
50 371 2
50 374 2
51 372 2
51 375 6
52 376 4
52 377 2
53 378 2
53 381 2
54 382 2
55 383 4
55 385 2
56 384 2
56 386 6
56 387 2
57 388 2
58 391 2
58 394 2
59 395 2
60 399 2
60 401 2
61 402 4
61 403 2
62 404 2
63 406 4
63 408 2
64 407 2
64 409 6
65 410 2
65 412 2
66 413 6
66 414 2
67 415 2
68 416 4
68 417 2
68 418 2
68 419 2
69 421 2
70 424 4
70 425 2
70 426 2
71 428 2
72 430 4
72 431 2
72 434 2
73 432 2
73 435 6
74 436 4
74 437 2
75 438 2
76 441 2
76 444 2
77 445 2
78 446 4
78 447 2
79 448 2
80 450 4
80 452 2
81 451 2
81 453 6
82 454 2
82 456 2
83 457 6
83 458 2
84 459 2
85 462 2
85 464 2
86 467 2
87 468 4
88 469 2
89 470 6
89 471 2
90 472 2
91 473 2
92 475 2
93 477 6
94 478 2
95 479 4
95 480 2
95 481 2
96 483 2
97 485 4
97 486 2
98 487 2
99 489 4
99 491 2
100 490 2
100 492 6
101 493 2
102 496 2
102 498 2
103 499 4
104 500 2
105 501 6
105 502 2
106 503 2
107 504 2
108 506 2
109 508 6
110 509 2
111 510 2
114 512 4
114 513 2
115 514 2
116 516 4
117 517 2
118 518 6
118 519 2
119 520 2
120 522 2
121 523 6
122 524 2
123 525 2
126 527 4
127 528 2
128 529 6
129 530 2
130 531 2
133 533 6
134 534 2
140 1 -4
140 535 4
140 537 2
140 538 2
140 544 2
140 547 2
140 560 2
141 1 -2
141 536 2
141 538 2
141 542 2
141 545 2
141 557 2
141 561 2
142 1 -2
142 537 2
142 539 2
142 545 2
142 546 2
142 562 2
142 563 2
143 1 -2
143 535 2
143 540 2
143 547 2
143 552 2
143 563 2
143 571 2
144 541 2
144 548 2
144 555 2
144 564 2
144 575 2
145 1 -2
145 535 2
145 544 2
145 549 2
145 561 2
145 565 2
145 571 2
146 1 -2
146 536 2
146 538 2
146 550 2
146 560 2
146 562 2
146 565 2
147 539 2
147 551 2
147 566 2
147 569 2
147 574 2
148 536 2
148 554 2
148 567 2
148 572 2
148 573 2
149 1 -2
149 537 2
149 539 2
149 550 2
149 552 2
149 557 2
149 560 2
150 1 -2
150 540 2
150 542 2
150 544 2
150 546 2
150 547 2
150 549 2
151 543 2
151 548 2
151 554 2
151 556 2
151 559 2
152 540 2
152 549 2
152 568 4
152 570 2
153 541 2
153 543 2
153 553 2
153 558 2
153 566 2
154 550 2
154 551 2
154 553 2
154 559 2
154 567 2
155 2 -4
155 577 4
155 579 2
155 580 2
155 586 2
155 589 2
156 2 -2
156 578 2
156 580 2
156 584 2
156 587 2
156 598 2
157 2 -2
157 579 2
157 581 2
157 587 2
157 588 2
157 600 2
158 2 -2
158 577 2
158 582 2
158 589 2
158 593 2
158 600 2
159 583 2
159 590 2
159 596 2
159 601 2
160 2 -2
160 577 2
160 586 2
160 591 2
160 593 2
160 598 2
161 2 -2
161 578 2
161 580 2
161 586 2
161 588 2
161 591 2
162 581 2
162 592 2
162 595 2
162 597 2
163 578 2
163 594 2
163 595 2
163 599 2
164 2 -2
164 579 2
164 581 2
164 582 2
164 584 2
164 589 2
165 583 2
165 585 4
165 590 2
166 582 2
166 591 2
166 592 2
166 594 2
167 3 -20
167 603 4
167 605 4
167 610 4
167 619 4
168 604 2
168 606 2
168 608 2
168 611 2
168 616 2
168 620 2
169 603 2
169 607 2
169 612 2
169 614 2
169 621 2
169 622 2
170 604 2
170 606 2
170 615 -2
170 618 -2
171 4 -4
171 625 4
171 627 2
171 628 2
171 634 2
172 4 -2
172 626 2
172 628 2
172 632 2
172 635 2
173 4 -2
173 627 2
173 629 2
173 635 2
173 636 2
174 4 -2
174 625 2
174 630 2
174 634 2
174 636 2
175 631 2
175 637 2
175 638 2
176 4 -2
176 625 2
176 630 2
176 632 2
176 634 2
177 4 -2
177 626 2
177 627 2
177 628 2
177 629 2
178 629 2
178 631 2
178 633 2
179 626 2
179 633 2
179 637 2
180 630 2
181 5 -18
181 639 4
181 641 4
181 646 4
182 640 2
182 642 2
182 644 2
182 647 2
182 651 2
183 639 2
183 643 2
183 648 2
183 649 2
183 650 -2
184 640 2
184 642 2
184 643 -2
184 645 -2
184 648 -2
185 6 -4
185 653 4
185 655 2
185 656 2
185 669 2
186 6 -2
186 654 2
186 656 2
186 659 2
186 670 2
187 6 -2
187 655 2
187 657 2
187 659 2
187 671 2
188 6 -2
188 653 2
188 655 2
188 657 2
188 672 2
189 658 4
189 673 2
190 6 -2
190 653 2
190 654 2
190 656 2
190 674 2
191 654 2
191 657 2
191 675 2
192 7 -16
192 660 4
192 662 4
192 667 4
192 676 6
193 661 2
193 663 2
193 665 2
193 668 2
193 677 6
194 660 2
194 666 -2
194 678 6
195 6 -6
195 669 4
195 670 2
195 671 2
195 672 2
195 674 2
196 7 -2
196 676 2
197 8 -4
197 679 4
197 681 2
197 687 2
198 8 -2
198 680 2
198 681 2
198 688 2
199 8 -2
199 680 2
199 681 2
199 689 2
200 8 -2
200 679 4
200 690 2
201 680 2
201 691 2
202 9 -14
202 682 4
202 684 4
202 692 4
203 683 2
203 685 2
203 686 2
203 693 4
204 682 2
204 683 -2
204 685 -2
204 694 4
205 8 -8
205 687 4
205 688 2
205 689 2
205 690 2
206 9 -4
206 692 2
207 10 -4
207 695 4
207 699 2
208 10 -2
208 695 2
208 700 2
209 10 -2
209 695 2
209 701 2
210 702 2
211 11 -12
211 696 4
211 698 4
211 707 4
211 709 2
212 708 4
212 710 2
213 10 -10
213 699 4
213 700 2
213 701 2
213 711 4
214 703 4
214 704 2
214 705 2
214 711 -2
215 11 -4
215 707 2
215 712 10
216 11 -2
216 709 2
217 12 -4
217 713 4
217 715 2
217 716 2
217 722 2
218 12 -2
218 714 2
218 716 2
218 720 2
218 723 2
219 12 -2
219 715 2
219 717 2
219 723 2
219 724 2
220 12 -2
220 713 2
220 718 2
220 722 2
220 724 2
221 719 2
221 725 2
221 726 2
222 12 -2
222 713 2
222 718 2
222 720 2
222 722 2
223 12 -2
223 714 2
223 715 2
223 716 2
223 717 2
224 717 2
224 719 2
224 721 2
225 714 2
225 721 2
225 725 2
226 718 2
227 13 -18
227 727 4
227 729 4
227 734 4
228 728 2
228 730 2
228 732 2
228 735 2
228 739 2
229 727 2
229 731 2
229 736 2
229 737 2
229 738 -2
230 728 2
230 730 2
230 731 -2
230 733 -2
230 736 -2
231 14 -4
231 741 4
231 743 2
231 744 2
232 14 -2
232 742 2
232 744 2
232 747 2
233 14 -2
233 743 2
233 745 2
233 747 2
234 14 -2
234 741 2
234 743 2
234 745 2
235 746 4
236 14 -2
236 741 2
236 742 2
236 744 2
237 742 2
237 745 2
238 15 -16
238 748 4
238 750 4
238 755 4
239 749 2
239 751 2
239 753 2
239 756 2
240 748 2
240 754 -2
241 16 -4
241 757 4
241 759 2
241 765 2
242 16 -2
242 758 2
242 759 2
242 766 2
243 16 -2
243 758 2
243 759 2
243 767 2
244 16 -2
244 757 4
244 768 2
245 758 2
245 769 2
246 17 -14
246 760 4
246 762 4
246 770 6
247 761 2
247 763 2
247 764 2
247 771 6
248 760 2
248 761 -2
248 763 -2
248 772 6
249 16 -6
249 765 4
249 766 2
249 767 2
249 768 2
250 17 -2
250 770 2
251 18 -4
251 773 4
251 777 2
252 18 -2
252 773 2
252 778 2
253 18 -2
253 773 2
253 779 2
254 780 2
255 19 -12
255 774 4
255 776 4
255 781 4
256 782 4
257 18 -8
257 777 4
257 778 2
257 779 2
258 19 -4
258 781 2
259 20 -4
259 783 10
259 785 2
260 20 -2
260 786 2
261 20 -10
261 784 4
261 785 4
261 786 2
262 784 -2
262 787 4
262 788 2
263 21 -16
263 789 4
263 791 4
263 796 4
264 790 2
264 792 2
264 794 2
264 797 2
265 789 2
265 795 -2
266 798 4
266 799 2
266 800 2
266 801 2
266 803 2
267 22 -14
267 805 4
267 807 4
267 815 2
268 806 2
268 808 2
268 809 2
268 816 2
269 805 2
269 806 -2
269 808 -2
269 817 2
270 810 4
270 811 2
270 812 2
270 813 2
270 818 6
271 22 -6
271 815 2
272 23 -12
272 819 4
272 821 4
272 826 2
273 827 2
274 822 4
274 823 2
274 824 2
274 828 4
275 23 -8
275 826 2
276 24 -20
276 829 4
276 832 4
277 829 -2
277 833 2
278 25 -4
278 835 4
278 837 2
279 25 -2
279 836 2
279 837 2
280 25 -2
280 836 2
280 837 2
281 25 -2
281 835 4
282 836 2
283 26 -14
283 838 4
283 840 4
284 839 2
284 841 2
284 842 2
285 838 2
285 839 -2
285 841 -2
286 27 -4
286 843 4
286 847 2
287 27 -2
287 843 2
287 848 2
288 27 -2
288 843 2
288 849 2
289 850 2
290 28 -12
290 844 4
290 846 4
290 851 6
291 852 6
292 27 -6
292 847 4
292 848 2
292 849 2
293 28 -2
293 851 2
294 29 -4
294 853 10
294 855 2
295 29 -2
295 856 2
296 30 -10
296 854 4
296 857 4
297 854 -2
297 858 4
298 29 -8
298 855 4
298 856 2
299 30 -4
299 857 2
300 31 -12
300 859 4
300 861 4
300 866 2
301 867 2
302 862 4
302 863 2
302 864 2
302 868 6
303 31 -6
303 866 2
304 32 -10
304 869 4
304 872 2
305 869 -2
305 873 2
306 870 4
306 871 2
306 874 4
307 32 -8
307 872 2
308 33 -4
308 875 10
308 877 2
309 33 -2
309 878 2
310 34 -10
310 876 4
310 879 6
310 882 2
311 876 -2
311 880 6
311 883 2
312 33 -12
312 877 4
312 878 2
312 887 4
313 34 -2
313 879 2
313 888 2
314 35 -4
314 881 2
314 889 2
315 35 -8
315 881 4
315 890 2
316 34 -6
316 882 2
316 888 6
317 36 -16
317 886 4
317 891 6
318 35 -6
318 889 4
318 890 2
319 36 -2
319 891 2
320 37 -4
320 892 4
320 894 2
320 895 2
321 37 -2
321 893 2
321 895 2
321 898 2
322 37 -2
322 894 2
322 896 2
322 898 2
323 37 -2
323 892 2
323 894 2
323 896 2
324 897 4
325 37 -2
325 892 2
325 893 2
325 895 2
326 893 2
326 896 2
327 38 -16
327 899 4
327 901 4
327 906 4
328 900 2
328 902 2
328 904 2
328 907 2
329 899 2
329 905 -2
330 39 -4
330 908 4
330 910 2
331 39 -2
331 909 2
331 910 2
332 39 -2
332 909 2
332 910 2
333 39 -2
333 908 4
334 909 2
335 40 -14
335 911 4
335 913 4
336 912 2
336 914 2
336 915 2
337 911 2
337 912 -2
337 914 -2
338 41 -4
338 916 4
338 920 2
339 41 -2
339 916 2
339 921 2
340 41 -2
340 916 2
340 922 2
341 923 2
342 42 -12
342 917 4
342 919 4
342 924 6
343 925 6
344 41 -6
344 920 4
344 921 2
344 922 2
345 42 -2
345 924 2
346 43 -4
346 926 10
346 928 2
347 43 -2
347 929 2
348 44 -10
348 927 4
348 930 4
349 927 -2
349 931 4
350 43 -8
350 928 4
350 929 2
351 44 -4
351 930 2
352 45 -14
352 932 4
352 934 4
353 933 2
353 935 2
353 936 2
354 932 2
354 933 -2
354 935 -2
355 937 4
355 938 2
355 939 2
355 940 2
356 46 -12
356 942 4
356 944 4
356 949 2
357 950 2
358 945 4
358 946 2
358 947 2
358 951 6
359 46 -6
359 949 2
360 47 -10
360 952 4
360 955 2
361 952 -2
361 956 2
362 953 4
362 954 2
362 957 4
363 47 -8
363 955 2
364 48 -4
364 958 4
365 48 -2
365 958 2
366 48 -2
366 958 2
368 49 -12
368 959 4
368 961 4
370 50 -4
370 962 10
370 964 2
371 50 -2
371 965 2
372 51 -10
372 963 4
372 966 6
373 963 -2
373 967 6
374 50 -6
374 964 4
374 965 2
375 51 -2
375 966 2
376 52 -4
376 968 2
377 52 -8
377 968 4
378 53 -10
378 969 4
378 972 2
379 969 -2
379 973 2
380 970 4
380 971 2
380 974 6
381 53 -6
381 972 2
382 54 -16
382 976 4
383 55 -4
383 977 2
384 56 -8
384 978 6
384 979 2
385 55 -12
385 977 4
385 981 4
386 56 -2
386 978 2
386 982 2
387 56 -6
387 979 2
387 982 6
388 57 -12
388 983 4
388 985 4
390 986 4
390 987 2
390 988 2
391 58 -10
391 990 4
391 993 2
392 990 -2
392 994 2
393 991 4
393 992 2
393 995 6
394 58 -6
394 993 2
395 59 -16
395 997 4
396 998 4
396 999 2
396 1002 2
397 1000 2
397 1003 6
398 1004 4
398 1005 2
399 60 -8
399 1007 2
400 1006 4
400 1008 6
400 1009 2
401 60 -12
401 1007 2
401 1011 4
402 61 -4
402 1012 10
403 61 -2
404 62 -10
404 1013 4
405 1013 -2
406 63 -4
406 1014 2
407 64 -8
407 1015 6
408 63 -6
408 1014 4
409 64 -2
409 1015 2
410 65 -8
410 1017 2
411 1016 4
411 1018 6
412 65 -6
412 1017 2
413 66 -2
413 1019 2
414 66 -12
414 1019 6
414 1020 4
415 67 -18
415 1022 4
416 68 -4
416 1023 4
416 1025 2
417 68 -2
417 1024 2
417 1025 2
418 68 -2
418 1024 2
418 1025 2
419 68 -2
419 1023 4
420 1024 2
421 69 -14
421 1026 4
421 1028 4
422 1027 2
422 1029 2
422 1030 2
423 1026 2
423 1027 -2
423 1029 -2
424 70 -4
424 1031 4
425 70 -2
425 1031 2
426 70 -2
426 1031 2
428 71 -12
428 1032 4
428 1034 4
430 72 -4
430 1035 10
430 1037 2
431 72 -2
431 1038 2
432 73 -10
432 1036 4
432 1039 6
433 1036 -2
433 1040 6
434 72 -6
434 1037 4
434 1038 2
435 73 -2
435 1039 2
436 74 -4
436 1041 2
437 74 -8
437 1041 4
438 75 -12
438 1042 4
438 1044 4
440 1045 4
440 1046 2
440 1047 2
441 76 -10
441 1049 4
441 1052 2
442 1049 -2
442 1053 2
443 1050 4
443 1051 2
443 1054 6
444 76 -6
444 1052 2
445 77 -16
445 1056 4
446 78 -4
446 1057 10
447 78 -2
448 79 -10
448 1058 4
449 1058 -2
450 80 -4
450 1059 2
451 81 -8
451 1060 6
452 80 -6
452 1059 4
453 81 -2
453 1060 2
454 82 -8
454 1062 2
455 1061 4
455 1063 6
456 82 -6
456 1062 2
457 83 -2
457 1064 2
458 83 -12
458 1064 6
458 1065 4
459 84 -10
459 1066 4
460 1066 -2
461 1067 4
461 1068 2
462 85 -8
462 1070 2
463 1069 4
463 1071 6
464 85 -6
464 1070 2
465 1072 4
465 1074 2
466 1073 2
466 1075 6
467 86 -18
467 1077 4
468 87 -4
469 88 -8
470 89 -2
470 1078 2
471 89 -6
471 1078 6
472 90 -12
472 1080 4
473 91 -8
474 1081 4
475 92 -12
475 1083 4
476 1084 6
476 1085 2
477 93 -2
478 94 -6
479 95 -4
479 1086 4
480 95 -2
480 1086 2
481 95 -2
481 1086 2
483 96 -12
483 1087 4
483 1089 4
485 97 -4
485 1090 10
486 97 -2
487 98 -10
487 1091 4
488 1091 -2
489 99 -4
489 1092 2
490 100 -8
490 1093 6
491 99 -6
491 1092 4
492 100 -2
492 1093 2
493 101 -10
493 1094 4
494 1094 -2
495 1095 4
495 1096 2
496 102 -8
496 1098 2
497 1097 4
497 1099 6
498 102 -6
498 1098 2
499 103 -4
500 104 -8
501 105 -2
501 1100 2
502 105 -6
502 1100 6
503 106 -12
503 1102 4
504 107 -8
505 1103 4
506 108 -12
506 1105 4
507 1106 6
507 1107 2
508 109 -2
509 110 -6
510 111 -6
511 1108 6
512 114 -4
512 1109 10
513 114 -2
514 115 -10
514 1110 4
515 1110 -2
516 116 -4
517 117 -8
518 118 -2
518 1111 2
519 118 -6
519 1111 6
520 119 -8
521 1112 4
522 120 -12
522 1114 4
523 121 -2
524 122 -6
525 123 -6
526 1115 6
527 126 -4
528 127 -8
529 128 -2
530 129 -6
531 130 -6
532 1116 6
533 133 -2
534 134 -6
535 140 -4
535 143 -2
535 145 -2
535 1117 4
535 1119 2
535 1122 2
535 1130 2
536 141 -2
536 146 -2
536 148 -2
536 1118 2
536 1120 2
536 1128 2
536 1131 2
537 140 -2
537 142 -2
537 149 -2
537 1119 2
537 1121 2
537 1132 2
537 1133 2
538 140 -2
538 141 -2
538 146 -2
538 1120 2
538 1122 2
538 1133 2
538 1137 2
539 142 -2
539 147 -2
539 149 -2
539 1121 2
539 1123 2
539 1134 2
539 1139 2
540 143 -2
540 150 -2
540 152 -2
540 1117 2
540 1124 2
540 1135 2
540 1140 2
541 144 -2
541 153 -2
541 1125 2
541 1136 2
541 1144 2
542 141 -2
542 150 -2
542 1126 2
542 1137 2
542 1146 2
543 151 -2
543 153 -2
543 1127 2
543 1138 2
543 1145 2
544 140 -2
544 145 -2
544 150 -2
544 1117 2
544 1130 2
544 1135 2
544 1137 2
545 141 -2
545 142 -2
545 1131 2
545 1139 2
545 1146 2
546 142 -2
546 150 -2
546 1132 2
546 1140 2
546 1146 2
547 140 -2
547 143 -2
547 150 -2
547 1117 2
547 1130 2
547 1132 2
547 1135 2
548 144 -2
548 151 -2
548 1136 2
548 1141 2
548 1143 2
549 145 -2
549 150 -2
549 152 -2
549 1117 2
549 1124 2
549 1126 2
549 1135 2
550 146 -2
550 149 -2
550 154 -2
550 1118 2
550 1120 2
550 1121 2
550 1123 2
551 147 -2
551 154 -2
551 1121 2
551 1127 2
551 1129 2
552 143 -2
552 149 -2
552 1122 2
552 1132 2
552 1134 2
553 153 -2
553 154 -2
553 1123 2
553 1136 2
553 1138 2
554 148 -2
554 151 -2
554 1118 2
554 1138 2
554 1141 2
555 144 -2
555 1142 2
555 1143 2
556 151 -2
556 1143 2
556 1145 2
557 141 -2
557 149 -2
557 1118 2
557 1133 2
557 1139 2
558 153 -2
558 1144 2
558 1145 2
559 151 -2
559 154 -2
559 1118 2
559 1127 2
559 1136 2
560 140 -2
560 146 -2
560 149 -2
560 1119 2
560 1120 2
560 1121 2
560 1122 2
561 141 -2
561 145 -2
561 1122 2
561 1126 2
561 1128 2
562 142 -2
562 146 -2
562 1123 2
562 1131 2
562 1133 2
563 142 -2
563 143 -2
563 1119 2
563 1134 2
563 1140 2
564 144 -2
564 1142 2
564 1144 2
565 145 -2
565 146 -2
565 1119 2
565 1128 2
565 1137 2
566 147 -2
566 153 -2
566 1123 2
566 1125 2
566 1127 2
567 148 -2
567 154 -2
567 1120 2
567 1129 2
567 1138 2
568 152 -4
568 1124 4
568 1135 2
569 147 -2
569 1125 2
569 1139 2
570 152 -2
570 1126 2
570 1140 2
571 143 -2
571 145 -2
571 1124 2
571 1130 4
572 148 -2
572 1131 2
572 1141 2
573 148 -2
573 1128 2
573 1129 2
574 147 -2
574 1129 2
574 1134 2
575 144 -2
575 1125 2
575 1141 2
576 1142 2
577 155 -4
577 158 -2
577 160 -2
577 1147 4
577 1149 2
577 1152 2
578 156 -2
578 161 -2
578 163 -2
578 1148 2
578 1150 2
578 1157 2
579 155 -2
579 157 -2
579 164 -2
579 1149 2
579 1151 2
579 1158 2
580 155 -2
580 156 -2
580 161 -2
580 1150 2
580 1152 2
580 1158 2
581 157 -2
581 162 -2
581 164 -2
581 1151 2
581 1153 2
581 1155 2
582 158 -2
582 164 -2
582 166 -2
582 1147 2
582 1151 2
582 1153 2
583 159 -2
583 165 -2
583 1154 2
583 1156 2
584 156 -2
584 164 -2
584 1155 2
584 1158 2
585 165 -4
585 1156 4
586 155 -2
586 160 -2
586 161 -2
586 1147 2
586 1150 2
586 1152 2
587 156 -2
587 157 -2
587 1155 2
587 1157 2
588 157 -2
588 161 -2
588 1157 2
588 1158 2
589 155 -2
589 158 -2
589 164 -2
589 1147 2
589 1149 2
589 1151 2
590 159 -2
590 165 -2
590 1154 2
590 1156 2
591 160 -2
591 161 -2
591 166 -2
591 1147 2
591 1148 2
591 1150 2
592 162 -2
592 166 -2
592 1148 2
592 1151 2
593 158 -2
593 160 -2
593 1149 2
593 1152 2
594 163 -2
594 166 -2
594 1150 2
594 1153 2
595 162 -2
595 163 -2
595 1148 2
595 1153 2
596 159 -2
596 1154 2
597 162 -2
597 1155 2
598 156 -2
598 160 -2
598 1148 2
598 1152 2
599 163 -2
599 1157 2
600 157 -2
600 158 -2
600 1149 2
600 1153 2
601 159 -2
601 1154 2
603 167 -4
603 169 -2
603 1159 4
603 1161 2
603 1163 2
603 1170 2
604 168 -2
604 170 -2
604 1160 2
604 1162 2
604 1168 2
604 1171 2
605 167 -4
605 1161 2
605 1163 2
605 1172 4
606 168 -2
606 170 -2
606 1162 2
606 1164 2
606 1173 2
606 1174 2
607 169 -2
607 1159 2
607 1165 2
607 1175 -2
608 168 -2
608 1166 2
608 1174 2
608 1178 2
609 1167 2
609 1175 2
610 167 -4
610 1159 2
610 1170 4
610 1172 2
611 168 -2
611 1171 2
611 1176 2
611 1178 2
612 169 -2
612 1159 2
612 1165 -2
612 1167 -2
613 1160 2
613 1164 -2
614 169 -2
614 1163 2
614 1167 -2
614 1169 -2
615 170 2
615 1164 2
615 1171 -2
615 1173 -2
616 168 -2
616 1160 2
616 1173 2
616 1176 2
618 170 2
618 1160 2
618 1168 -2
618 1174 -2
619 167 -2
619 1161 2
619 1163 2
620 168 -2
620 1164 2
620 1166 2
620 1168 2
621 169 -2
621 1161 2
621 1169 -2
621 1175 -2
622 169 -2
622 1170 2
623 1166 -2
623 1176 2
624 1169 2
625 171 -4
625 174 -2
625 176 -2
625 1179 4
625 1181 2
626 172 -2
626 177 -2
626 179 -2
626 1180 2
626 1182 2
627 171 -2
627 173 -2
627 177 -2
627 1181 2
627 1182 2
628 171 -2
628 172 -2
628 177 -2
628 1181 2
628 1182 2
629 173 -2
629 177 -2
629 178 -2
629 1180 2
629 1182 2
630 174 -2
630 176 -2
630 180 -6
630 1179 4
631 175 -2
631 178 -2
631 1180 2
632 172 -2
632 176 -2
632 1181 2
633 178 -2
633 179 -2
633 1182 2
634 171 -2
634 174 -2
634 176 -2
634 1179 4
635 172 -2
635 173 -2
635 1180 2
636 173 -2
636 174 -2
636 1181 2
637 175 -2
637 179 -2
637 1180 2
638 175 -2
639 181 -4
639 183 -2
639 1183 4
639 1185 2
639 1187 2
640 182 -2
640 184 -2
640 1184 2
640 1186 2
640 1191 2
641 181 -4
641 1185 2
641 1187 2
641 1192 6
642 182 -2
642 184 -2
642 1186 2
642 1188 2
642 1190 -2
643 183 -2
643 184 2
643 1183 2
643 1186 -2
643 1188 -2
644 182 -2
644 1189 2
644 1190 -2
645 184 2
645 1190 2
645 1191 -2
646 181 -4
646 1183 2
646 1185 2
646 1187 2
647 182 -2
647 1189 2
647 1191 2
648 183 -2
648 184 2
648 1183 2
648 1184 -2
648 1186 -2
649 183 -2
649 1184 -2
649 1187 2
650 183 2
650 1185 -2
650 1188 2
651 182 -2
651 1184 2
651 1188 2
652 1189 -2
653 185 -4
653 188 -2
653 190 -2
653 1193 4
653 1197 2
654 186 -2
654 190 -2
654 191 -2
654 1193 2
654 1198 2
655 185 -2
655 187 -2
655 188 -2
655 1193 2
655 1199 2
656 185 -2
656 186 -2
656 190 -2
656 1193 2
656 1200 2
657 187 -2
657 188 -2
657 191 -2
657 1193 2
657 1201 2
658 189 -4
658 1202 2
659 186 -2
659 187 -2
659 1203 2
660 192 -4
660 194 -2
660 1194 4
660 1196 2
660 1204 6
661 193 -2
661 1195 2
661 1205 6
662 192 -4
662 1196 4
662 1206 6
663 193 -2
663 1195 -2
663 1207 6
664 1208 6
665 193 -2
665 1195 -2
665 1209 6
666 194 2
666 1196 -2
666 1210 6
667 192 -2
667 1194 2
667 1211 6
668 193 -2
668 1195 2
668 1212 6
669 185 -6
669 195 -4
669 1197 4
669 1199 2
669 1200 2
670 186 -6
670 195 -2
670 1198 2
670 1200 2
670 1203 2
671 187 -6
671 195 -2
671 1199 2
671 1201 2
671 1203 2
672 188 -6
672 195 -2
672 1197 2
672 1199 2
672 1201 2
673 189 -6
673 1202 4
674 190 -6
674 195 -2
674 1197 2
674 1198 2
674 1200 2
675 191 -6
675 1198 2
675 1201 2
676 192 -2
676 196 -16
676 1204 4
676 1206 4
676 1211 4
677 193 -2
677 1205 2
677 1207 2
677 1209 2
677 1212 2
678 194 -2
678 1204 2
678 1210 -2
679 197 -4
679 200 -4
679 1213 14
679 1215 2
680 198 -2
680 199 -2
680 201 -2
680 1216 2
681 197 -2
681 198 -2
681 199 -2
681 1217 2
682 202 -4
682 204 -2
682 1214 4
682 1218 4
683 203 -2
683 204 2
683 1214 -2
683 1219 4
684 202 -4
684 1214 2
684 1220 4
685 203 -2
685 204 2
685 1214 -2
685 1221 4
686 203 -2
686 1222 4
687 197 -8
687 205 -4
687 1215 4
687 1217 2
688 198 -8
688 205 -2
688 1216 2
688 1217 2
689 199 -8
689 205 -2
689 1216 2
689 1217 2
690 200 -8
690 205 -2
690 1215 4
691 201 -8
691 1216 2
692 202 -4
692 206 -14
692 1218 4
692 1220 4
693 203 -4
693 1219 2
693 1221 2
693 1222 2
694 204 -4
694 1218 2
694 1219 -2
694 1221 -2
695 207 -4
695 208 -2
695 209 -2
695 1223 2
696 211 -4
696 1225 4
696 1228 2
697 1226 4
697 1229 2
698 211 -2
698 1227 4
698 1230 2
699 207 -10
699 213 -4
699 1223 4
699 1231 4
700 208 -10
700 213 -2
700 1223 2
700 1232 4
701 209 -10
701 213 -2
701 1223 2
701 1233 4
702 210 -10
702 1234 4
703 214 -4
703 1224 4
703 1231 -2
704 214 -2
704 1224 2
704 1232 -2
705 214 -2
705 1224 2
705 1233 -2
706 1234 -2
707 211 -4
707 215 -12
707 1225 4
707 1227 4
707 1235 10
708 212 -4
708 1236 10
709 211 -2
709 216 -12
709 1228 4
709 1230 4
710 212 -2
711 213 -4
711 214 2
711 1231 4
711 1232 2
711 1233 2
712 215 -2
712 1235 2
713 217 -4
713 220 -2
713 222 -2
713 1237 4
713 1239 2
714 218 -2
714 223 -2
714 225 -2
714 1238 2
714 1240 2
715 217 -2
715 219 -2
715 223 -2
715 1239 2
715 1240 2
716 217 -2
716 218 -2
716 223 -2
716 1239 2
716 1240 2
717 219 -2
717 223 -2
717 224 -2
717 1238 2
717 1240 2
718 220 -2
718 222 -2
718 226 -6
718 1237 4
719 221 -2
719 224 -2
719 1238 2
720 218 -2
720 222 -2
720 1239 2
721 224 -2
721 225 -2
721 1240 2
722 217 -2
722 220 -2
722 222 -2
722 1237 4
723 218 -2
723 219 -2
723 1238 2
724 219 -2
724 220 -2
724 1239 2
725 221 -2
725 225 -2
725 1238 2
726 221 -2
727 227 -4
727 229 -2
727 1241 4
727 1243 2
727 1245 2
728 228 -2
728 230 -2
728 1242 2
728 1244 2
728 1249 2
729 227 -4
729 1243 2
729 1245 2
729 1250 6
730 228 -2
730 230 -2
730 1244 2
730 1246 2
730 1248 -2
731 229 -2
731 230 2
731 1241 2
731 1244 -2
731 1246 -2
732 228 -2
732 1247 2
732 1248 -2
733 230 2
733 1248 2
733 1249 -2
734 227 -4
734 1241 2
734 1243 2
734 1245 2
735 228 -2
735 1247 2
735 1249 2
736 229 -2
736 230 2
736 1241 2
736 1242 -2
736 1244 -2
737 229 -2
737 1242 -2
737 1245 2
738 229 2
738 1243 -2
738 1246 2
739 228 -2
739 1242 2
739 1246 2
740 1247 -2
741 231 -4
741 234 -2
741 236 -2
741 1251 4
742 232 -2
742 236 -2
742 237 -2
742 1251 2
743 231 -2
743 233 -2
743 234 -2
743 1251 2
744 231 -2
744 232 -2
744 236 -2
744 1251 2
745 233 -2
745 234 -2
745 237 -2
745 1251 2
746 235 -4
747 232 -2
747 233 -2
748 238 -4
748 240 -2
748 1252 4
748 1254 2
749 239 -2
749 1253 2
750 238 -4
750 1254 4
751 239 -2
751 1253 -2
753 239 -2
753 1253 -2
754 240 2
754 1254 -2
755 238 -2
755 1252 2
756 239 -2
756 1253 2
757 241 -4
757 244 -4
757 1255 14
757 1257 2
758 242 -2
758 243 -2
758 245 -2
758 1258 2
759 241 -2
759 242 -2
759 243 -2
759 1259 2
760 246 -4
760 248 -2
760 1256 4
760 1260 6
761 247 -2
761 248 2
761 1256 -2
761 1261 6
762 246 -4
762 1256 2
762 1262 6
763 247 -2
763 248 2
763 1256 -2
763 1263 6
764 247 -2
764 1264 6
765 241 -6
765 249 -4
765 1257 4
765 1259 2
766 242 -6
766 249 -2
766 1258 2
766 1259 2
767 243 -6
767 249 -2
767 1258 2
767 1259 2
768 244 -6
768 249 -2
768 1257 4
769 245 -6
769 1258 2
770 246 -2
770 250 -14
770 1260 4
770 1262 4
771 247 -2
771 1261 2
771 1263 2
771 1264 2
772 248 -2
772 1260 2
772 1261 -2
772 1263 -2
773 251 -4
773 252 -2
773 253 -2
773 1265 2
774 255 -4
774 1266 4
775 1267 4
776 255 -2
776 1268 4
777 251 -8
777 257 -4
777 1265 4
778 252 -8
778 257 -2
778 1265 2
779 253 -8
779 257 -2
779 1265 2
780 254 -8
781 255 -4
781 258 -12
781 1266 4
781 1268 4
782 256 -4
783 259 -2
783 1269 2
784 261 -4
784 262 2
784 1271 4
784 1272 2
785 259 -10
785 261 -4
785 1269 10
785 1271 4
786 260 -10
786 261 -2
786 1272 4
787 262 -4
787 1270 10
787 1271 -2
788 262 -2
788 1272 -2
789 263 -4
789 265 -2
789 1273 4
789 1275 2
790 264 -2
790 1274 2
791 263 -4
791 1275 4
792 264 -2
792 1274 -2
794 264 -2
794 1274 -2
795 265 2
795 1275 -2
796 263 -2
796 1273 2
797 264 -2
797 1274 2
798 266 -4
798 1276 4
798 1278 2
798 1279 2
799 266 -2
799 1277 2
799 1279 2
799 1282 2
800 266 -2
800 1278 2
800 1280 2
800 1282 2
801 266 -2
801 1276 2
801 1278 2
801 1280 2
802 1281 4
803 266 -2
803 1276 2
803 1277 2
803 1279 2
804 1277 2
804 1280 2
805 267 -4
805 269 -2
805 1283 4
805 1287 2
806 268 -2
806 269 2
806 1283 -2
806 1288 2
807 267 -4
807 1283 2
807 1289 2
808 268 -2
808 269 2
808 1283 -2
808 1290 2
809 268 -2
809 1291 2
810 270 -4
810 1284 4
810 1286 2
810 1292 6
811 270 -2
811 1285 2
811 1286 2
811 1293 6
812 270 -2
812 1285 2
812 1286 2
812 1294 6
813 270 -2
813 1284 4
813 1295 6
814 1285 2
814 1296 6
815 267 -6
815 271 -14
815 1287 4
815 1289 4
816 268 -6
816 1288 2
816 1290 2
816 1291 2
817 269 -6
817 1287 2
817 1288 -2
817 1290 -2
818 270 -2
818 1292 4
818 1293 2
818 1294 2
818 1295 2
819 272 -4
819 1298 2
820 1299 2
821 272 -2
821 1300 2
822 274 -4
822 1297 4
822 1301 4
823 274 -2
823 1297 2
823 1302 4
824 274 -2
824 1297 2
824 1303 4
825 1304 4
826 272 -8
826 275 -12
826 1298 4
826 1300 4
827 273 -8
828 274 -4
828 1301 4
828 1302 2
828 1303 2
829 276 -4
829 277 2
829 1306 2
830 1305 10
830 1308 -2
831 1308 4
832 276 -10
832 1306 4
833 277 -10
833 1306 -2
833 1307 4
834 1307 -2
835 278 -4
835 281 -4
835 1309 14
836 279 -2
836 280 -2
836 282 -2
837 278 -2
837 279 -2
837 280 -2
838 283 -4
838 285 -2
838 1310 4
839 284 -2
839 285 2
839 1310 -2
840 283 -4
840 1310 2
841 284 -2
841 285 2
841 1310 -2
842 284 -2
843 286 -4
843 287 -2
843 288 -2
843 1311 2
844 290 -4
844 1312 6
845 1313 6
846 290 -2
846 1314 6
847 286 -6
847 292 -4
847 1311 4
848 287 -6
848 292 -2
848 1311 2
849 288 -6
849 292 -2
849 1311 2
850 289 -6
851 290 -2
851 293 -12
851 1312 4
851 1314 4
852 291 -2
853 294 -2
853 1315 2
854 296 -4
854 297 2
854 1316 4
855 294 -8
855 298 -4
855 1315 10
856 295 -8
856 298 -2
857 296 -4
857 299 -10
857 1316 4
858 297 -4
858 1316 -2
859 300 -4
859 1318 2
860 1319 2
861 300 -2
861 1320 2
862 302 -4
862 1317 4
862 1321 6
863 302 -2
863 1317 2
863 1322 6
864 302 -2
864 1317 2
864 1323 6
865 1324 6
866 300 -6
866 303 -12
866 1318 4
866 1320 4
867 301 -6
868 302 -2
868 1321 4
868 1322 2
868 1323 2
869 304 -4
869 305 2
869 1326 2
870 306 -4
870 1325 10
870 1327 4
871 306 -2
871 1328 4
872 304 -8
872 307 -10
872 1326 4
873 305 -8
873 1326 -2
874 306 -4
874 1327 4
874 1328 2
875 308 -2
875 1329 2
876 310 -4
876 311 2
876 1330 6
876 1331 2
877 308 -12
877 312 -4
877 1329 10
877 1334 4
878 309 -12
878 312 -2
878 1335 4
879 310 -2
879 313 -10
879 1330 4
879 1336 2
880 311 -2
880 1330 -2
880 1337 2
881 314 -8
881 315 -4
881 1338 2
882 310 -6
882 316 -10
882 1331 4
882 1336 6
883 311 -6
883 1331 -2
883 1337 6
884 1332 4
884 1333 2
885 1339 6
886 317 -8
886 1340 6
887 312 -6
887 1334 4
887 1335 2
888 313 -6
888 316 -2
888 1336 2
889 314 -6
889 318 -4
889 1338 2
890 315 -6
890 318 -8
890 1338 4
891 317 -2
891 319 -16
891 1340 4
892 320 -4
892 323 -2
892 325 -2
892 1341 4
893 321 -2
893 325 -2
893 326 -2
893 1341 2
894 320 -2
894 322 -2
894 323 -2
894 1341 2
895 320 -2
895 321 -2
895 325 -2
895 1341 2
896 322 -2
896 323 -2
896 326 -2
896 1341 2
897 324 -4
898 321 -2
898 322 -2
899 327 -4
899 329 -2
899 1342 4
899 1344 2
900 328 -2
900 1343 2
901 327 -4
901 1344 4
902 328 -2
902 1343 -2
904 328 -2
904 1343 -2
905 329 2
905 1344 -2
906 327 -2
906 1342 2
907 328 -2
907 1343 2
908 330 -4
908 333 -4
908 1345 14
909 331 -2
909 332 -2
909 334 -2
910 330 -2
910 331 -2
910 332 -2
911 335 -4
911 337 -2
911 1346 4
912 336 -2
912 337 2
912 1346 -2
913 335 -4
913 1346 2
914 336 -2
914 337 2
914 1346 -2
915 336 -2
916 338 -4
916 339 -2
916 340 -2
916 1347 2
917 342 -4
917 1348 6
918 1349 6
919 342 -2
919 1350 6
920 338 -6
920 344 -4
920 1347 4
921 339 -6
921 344 -2
921 1347 2
922 340 -6
922 344 -2
922 1347 2
923 341 -6
924 342 -2
924 345 -12
924 1348 4
924 1350 4
925 343 -2
926 346 -2
926 1351 2
927 348 -4
927 349 2
927 1352 4
928 346 -8
928 350 -4
928 1351 10
929 347 -8
929 350 -2
930 348 -4
930 351 -10
930 1352 4
931 349 -4
931 1352 -2
932 352 -4
932 354 -2
932 1353 4
933 353 -2
933 354 2
933 1353 -2
934 352 -4
934 1353 2
935 353 -2
935 354 2
935 1353 -2
936 353 -2
937 355 -4
937 1354 4
937 1356 2
938 355 -2
938 1355 2
938 1356 2
939 355 -2
939 1355 2
939 1356 2
940 355 -2
940 1354 4
941 1355 2
942 356 -4
942 1358 2
943 1359 2
944 356 -2
944 1360 2
945 358 -4
945 1357 4
945 1361 6
946 358 -2
946 1357 2
946 1362 6
947 358 -2
947 1357 2
947 1363 6
948 1364 6
949 356 -6
949 359 -12
949 1358 4
949 1360 4
950 357 -6
951 358 -2
951 1361 4
951 1362 2
951 1363 2
952 360 -4
952 361 2
952 1366 2
953 362 -4
953 1365 10
953 1367 4
954 362 -2
954 1368 4
955 360 -8
955 363 -10
955 1366 4
956 361 -8
956 1366 -2
957 362 -4
957 1367 4
957 1368 2
958 364 -4
958 365 -2
958 366 -2
959 368 -4
961 368 -2
962 370 -2
962 1369 2
963 372 -4
963 373 2
963 1370 6
964 370 -6
964 374 -4
964 1369 10
965 371 -6
965 374 -2
966 372 -2
966 375 -10
966 1370 4
967 373 -2
967 1370 -2
968 376 -8
968 377 -4
969 378 -4
969 379 2
969 1372 2
970 380 -4
970 1371 10
970 1373 6
971 380 -2
971 1374 6
972 378 -6
972 381 -10
972 1372 4
973 379 -6
973 1372 -2
974 380 -2
974 1373 4
974 1374 2
976 382 -8
977 383 -12
977 385 -4
977 1376 4
978 384 -2
978 386 -8
978 1377 2
979 384 -6
979 387 -8
979 1377 6
980 1375 4
981 385 -6
981 1376 4
982 386 -6
982 387 -2
982 1377 2
983 388 -4
985 388 -2
986 390 -4
986 1378 4
987 390 -2
987 1378 2
988 390 -2
988 1378 2
990 391 -4
990 392 2
990 1380 2
991 393 -4
991 1379 10
991 1381 6
992 393 -2
992 1382 6
993 391 -6
993 394 -10
993 1380 4
994 392 -6
994 1380 -2
995 393 -2
995 1381 4
995 1382 2
997 395 -8
998 396 -4
998 1383 10
998 1385 2
999 396 -2
999 1386 2
1000 397 -10
1000 1384 4
1000 1387 6
1001 1384 -2
1001 1388 6
1002 396 -6
1002 1385 4
1002 1386 2
1003 397 -2
1003 1387 2
1004 398 -4
1004 1389 2
1005 398 -8
1005 1389 4
1006 400 -4
1006 1390 6
1006 1391 2
1007 399 -12
1007 401 -8
1007 1393 4
1008 400 -2
1008 1390 4
1008 1394 2
1009 400 -6
1009 1391 4
1009 1394 6
1010 1392 2
1011 401 -6
1011 1393 2
1012 402 -2
1013 404 -4
1013 405 2
1014 406 -6
1014 408 -4
1015 407 -2
1015 409 -8
1016 411 -4
1016 1395 6
1017 410 -6
1017 412 -8
1018 411 -2
1018 1395 4
1019 413 -12
1019 414 -2
1019 1396 4
1020 414 -6
1020 1396 6
1021 1397 2
1022 415 -12
1022 1398 6
1023 416 -4
1023 419 -4
1023 1399 14
1024 417 -2
1024 418 -2
1024 420 -2
1025 416 -2
1025 417 -2
1025 418 -2
1026 421 -4
1026 423 -2
1026 1400 4
1027 422 -2
1027 423 2
1027 1400 -2
1028 421 -4
1028 1400 2
1029 422 -2
1029 423 2
1029 1400 -2
1030 422 -2
1031 424 -4
1031 425 -2
1031 426 -2
1032 428 -4
1034 428 -2
1035 430 -2
1035 1401 2
1036 432 -4
1036 433 2
1036 1402 6
1037 430 -6
1037 434 -4
1037 1401 10
1038 431 -6
1038 434 -2
1039 432 -2
1039 435 -10
1039 1402 4
1040 433 -2
1040 1402 -2
1041 436 -8
1041 437 -4
1042 438 -4
1044 438 -2
1045 440 -4
1045 1403 4
1046 440 -2
1046 1403 2
1047 440 -2
1047 1403 2
1049 441 -4
1049 442 2
1049 1405 2
1050 443 -4
1050 1404 10
1050 1406 6
1051 443 -2
1051 1407 6
1052 441 -6
1052 444 -10
1052 1405 4
1053 442 -6
1053 1405 -2
1054 443 -2
1054 1406 4
1054 1407 2
1056 445 -8
1057 446 -2
1058 448 -4
1058 449 2
1059 450 -6
1059 452 -4
1060 451 -2
1060 453 -8
1061 455 -4
1061 1408 6
1062 454 -6
1062 456 -8
1063 455 -2
1063 1408 4
1064 457 -12
1064 458 -2
1064 1409 4
1065 458 -6
1065 1409 6
1066 459 -4
1066 460 2
1067 461 -4
1067 1410 10
1068 461 -2
1069 463 -4
1069 1411 6
1070 462 -6
1070 464 -8
1071 463 -2
1071 1411 4
1072 465 -4
1072 1412 2
1073 466 -8
1073 1413 6
1074 465 -6
1074 1412 4
1075 466 -2
1075 1413 2
1076 1414 2
1077 467 -12
1077 1415 6
1078 470 -6
1078 471 -2
1080 472 -6
1081 474 -4
1083 475 -6
1084 476 -2
1084 1416 2
1085 476 -6
1085 1416 6
1086 479 -4
1086 480 -2
1086 481 -2
1087 483 -4
1089 483 -2
1090 485 -2
1091 487 -4
1091 488 2
1092 489 -6
1092 491 -4
1093 490 -2
1093 492 -8
1094 493 -4
1094 494 2
1095 495 -4
1095 1417 10
1096 495 -2
1097 497 -4
1097 1418 6
1098 496 -6
1098 498 -8
1099 497 -2
1099 1418 4
1100 501 -6
1100 502 -2
1102 503 -6
1103 505 -4
1105 506 -6
1106 507 -2
1106 1419 2
1107 507 -6
1107 1419 6
1108 511 -2
1109 512 -2
1110 514 -4
1110 515 2
1111 518 -6
1111 519 -2
1112 521 -4
1114 522 -6
1115 526 -2
1116 532 -2
1117 535 -4
1117 540 -2
1117 544 -2
1117 547 -2
1117 549 -2
1117 1420 4
1117 1422 2
1118 536 -2
1118 550 -2
1118 554 -2
1118 557 -2
1118 559 -2
1118 1421 2
1118 1423 2
1119 535 -2
1119 537 -2
1119 560 -2
1119 563 -2
1119 565 -2
1119 1422 2
1119 1424 2
1120 536 -2
1120 538 -2
1120 550 -2
1120 560 -2
1120 567 -2
1120 1423 2
1120 1424 2
1121 537 -2
1121 539 -2
1121 550 -2
1121 551 -2
1121 560 -2
1121 1423 2
1121 1424 2
1122 535 -2
1122 538 -2
1122 552 -2
1122 560 -2
1122 561 -2
1122 1422 2
1122 1424 2
1123 539 -2
1123 550 -2
1123 553 -2
1123 562 -2
1123 566 -2
1123 1421 2
1123 1423 2
1124 540 -2
1124 549 -2
1124 568 -4
1124 571 -2
1124 1420 4
1125 541 -2
1125 566 -2
1125 569 -2
1125 575 -2
1125 1421 2
1126 542 -2
1126 549 -2
1126 561 -2
1126 570 -2
1126 1422 2
1127 543 -2
1127 551 -2
1127 559 -2
1127 566 -2
1127 1423 2
1128 536 -2
1128 561 -2
1128 565 -2
1128 573 -2
1128 1424 2
1129 551 -2
1129 567 -2
1129 573 -2
1129 574 -2
1129 1424 2
1130 535 -2
1130 544 -2
1130 547 -2
1130 571 -4
1130 1420 4
1131 536 -2
1131 545 -2
1131 562 -2
1131 572 -2
1131 1421 2
1132 537 -2
1132 546 -2
1132 547 -2
1132 552 -2
1132 1422 2
1133 537 -2
1133 538 -2
1133 557 -2
1133 562 -2
1133 1423 2
1134 539 -2
1134 552 -2
1134 563 -2
1134 574 -2
1134 1424 2
1135 540 -2
1135 544 -2
1135 547 -2
1135 549 -2
1135 568 -2
1135 1420 4
1136 541 -2
1136 548 -2
1136 553 -2
1136 559 -2
1136 1421 2
1137 538 -2
1137 542 -2
1137 544 -2
1137 565 -2
1137 1422 2
1138 543 -2
1138 553 -2
1138 554 -2
1138 567 -2
1138 1423 2
1139 539 -2
1139 545 -2
1139 557 -2
1139 569 -2
1139 1421 2
1140 540 -2
1140 546 -2
1140 563 -2
1140 570 -2
1140 1422 2
1141 548 -2
1141 554 -2
1141 572 -2
1141 575 -2
1141 1421 2
1142 555 -2
1142 564 -2
1142 576 -2
1143 548 -2
1143 555 -2
1143 556 -2
1144 541 -2
1144 558 -2
1144 564 -2
1145 543 -2
1145 556 -2
1145 558 -2
1146 542 -2
1146 545 -2
1146 546 -2
1147 577 -4
1147 582 -2
1147 586 -2
1147 589 -2
1147 591 -2
1147 1425 4
1148 578 -2
1148 591 -2
1148 592 -2
1148 595 -2
1148 598 -2
1148 1425 2
1149 577 -2
1149 579 -2
1149 589 -2
1149 593 -2
1149 600 -2
1149 1425 2
1150 578 -2
1150 580 -2
1150 586 -2
1150 591 -2
1150 594 -2
1150 1425 2
1151 579 -2
1151 581 -2
1151 582 -2
1151 589 -2
1151 592 -2
1151 1425 2
1152 577 -2
1152 580 -2
1152 586 -2
1152 593 -2
1152 598 -2
1152 1425 2
1153 581 -2
1153 582 -2
1153 594 -2
1153 595 -2
1153 600 -2
1153 1425 2
1154 583 -2
1154 590 -2
1154 596 -2
1154 601 -2
1155 581 -2
1155 584 -2
1155 587 -2
1155 597 -2
1156 583 -2
1156 585 -4
1156 590 -2
1157 578 -2
1157 587 -2
1157 588 -2
1157 599 -2
1158 579 -2
1158 580 -2
1158 584 -2
1158 588 -2
1159 603 -4
1159 607 -2
1159 610 -2
1159 612 -2
1159 1426 4
1159 1428 2
1160 604 -2
1160 613 -2
1160 616 -2
1160 618 -2
1160 1427 2
1160 1429 2
1161 603 -2
1161 605 -2
1161 619 -4
1161 621 -2
1161 1428 2
1161 1430 4
1162 604 -2
1162 606 -2
1163 603 -2
1163 605 -2
1163 614 -2
1163 619 -4
1163 1428 2
1163 1430 4
1164 606 -2
1164 613 2
1164 615 -2
1164 620 -2
1164 1427 -2
1164 1429 -2
1165 607 -2
1165 612 2
1166 608 -2
1166 620 -2
1166 623 2
1166 1427 -2
1167 609 -2
1167 612 2
1167 614 2
1167 1428 -2
1168 604 -2
1168 618 2
1168 620 -2
1168 1429 -2
1169 614 2
1169 621 2
1169 624 -4
1169 1430 -4
1170 603 -2
1170 610 -4
1170 622 -2
1170 1426 4
1171 604 -2
1171 611 -2
1171 615 2
1171 1427 2
1172 605 -4
1172 610 -2
1172 1428 2
1173 606 -2
1173 615 2
1173 616 -2
1173 1429 2
1174 606 -2
1174 608 -2
1174 618 2
1174 1427 -2
1175 607 2
1175 609 -2
1175 621 2
1175 1428 -2
1176 611 -2
1176 616 -2
1176 623 -2
1176 1427 2
1178 608 -2
1178 611 -2
1179 625 -4
1179 630 -4
1179 634 -4
1179 1431 18
1180 626 -2
1180 629 -2
1180 631 -2
1180 635 -2
1180 637 -2
1181 625 -2
1181 627 -2
1181 628 -2
1181 632 -2
1181 636 -2
1182 626 -2
1182 627 -2
1182 628 -2
1182 629 -2
1182 633 -2
1183 639 -4
1183 643 -2
1183 646 -2
1183 648 -2
1183 1432 4
1184 640 -2
1184 648 2
1184 649 2
1184 651 -2
1184 1432 -2
1185 639 -2
1185 641 -2
1185 646 -2
1185 650 2
1185 1432 2
1186 640 -2
1186 642 -2
1186 643 2
1186 648 2
1186 1432 -2
1187 639 -2
1187 641 -2
1187 646 -2
1187 649 -2
1187 1432 2
1188 642 -2
1188 643 2
1188 650 -2
1188 651 -2
1188 1432 -2
1189 644 -2
1189 647 -2
1189 652 2
1190 642 2
1190 644 2
1190 645 -2
1191 640 -2
1191 645 2
1191 647 -2
1192 641 -2
1193 653 -4
1193 654 -2
1193 655 -2
1193 656 -2
1193 657 -2
1193 1433 2
1194 660 -4
1194 667 -4
1194 1434 6
1195 661 -2
1195 663 2
1195 665 2
1195 668 -2
1195 1435 6
1196 660 -2
1196 662 -4
1196 666 2
1196 1436 6
1197 653 -6
1197 669 -4
1197 672 -2
1197 674 -2
1197 1433 4
1198 654 -6
1198 670 -2
1198 674 -2
1198 675 -2
1198 1433 2
1199 655 -6
1199 669 -2
1199 671 -2
1199 672 -2
1199 1433 2
1200 656 -6
1200 669 -2
1200 670 -2
1200 674 -2
1200 1433 2
1201 657 -6
1201 671 -2
1201 672 -2
1201 675 -2
1201 1433 2
1202 658 -6
1202 673 -4
1203 659 -6
1203 670 -2
1203 671 -2
1204 660 -2
1204 676 -4
1204 678 -2
1204 1434 4
1204 1436 2
1205 661 -2
1205 677 -2
1205 1435 2
1206 662 -2
1206 676 -4
1206 1436 4
1207 663 -2
1207 677 -2
1207 1435 -2
1208 664 -2
1209 665 -2
1209 677 -2
1209 1435 -2
1210 666 -2
1210 678 2
1210 1436 -2
1211 667 -2
1211 676 -2
1211 1434 2
1212 668 -2
1212 677 -2
1212 1435 2
1213 679 -2
1213 1437 2
1214 682 -4
1214 683 2
1214 684 -2
1214 685 2
1214 1438 4
1215 679 -8
1215 687 -4
1215 690 -4
1215 1437 14
1216 680 -8
1216 688 -2
1216 689 -2
1216 691 -2
1217 681 -8
1217 687 -2
1217 688 -2
1217 689 -2
1218 682 -4
1218 692 -4
1218 694 -2
1218 1438 4
1219 683 -4
1219 693 -2
1219 694 2
1219 1438 -2
1220 684 -4
1220 692 -4
1220 1438 2
1221 685 -4
1221 693 -2
1221 694 2
1221 1438 -2
1222 686 -4
1222 693 -2
1223 695 -10
1223 699 -4
1223 700 -2
1223 701 -2
1223 1439 4
1224 703 -4
1224 704 -2
1224 705 -2
1224 1439 -2
1225 696 -4
1225 707 -4
1225 1440 10
1226 697 -4
1226 1441 10
1227 698 -4
1227 707 -2
1227 1442 10
1228 696 -2
1228 709 -4
1229 697 -2
1230 698 -2
1230 709 -2
1231 699 -4
1231 703 2
1231 711 -4
1231 1439 4
1232 700 -4
1232 704 2
1232 711 -2
1232 1439 2
1233 701 -4
1233 705 2
1233 711 -2
1233 1439 2
1234 702 -4
1234 706 2
1235 707 -2
1235 712 -12
1235 1440 4
1235 1442 4
1236 708 -2
1237 713 -4
1237 718 -4
1237 722 -4
1237 1443 18
1238 714 -2
1238 717 -2
1238 719 -2
1238 723 -2
1238 725 -2
1239 713 -2
1239 715 -2
1239 716 -2
1239 720 -2
1239 724 -2
1240 714 -2
1240 715 -2
1240 716 -2
1240 717 -2
1240 721 -2
1241 727 -4
1241 731 -2
1241 734 -2
1241 736 -2
1241 1444 4
1242 728 -2
1242 736 2
1242 737 2
1242 739 -2
1242 1444 -2
1243 727 -2
1243 729 -2
1243 734 -2
1243 738 2
1243 1444 2
1244 728 -2
1244 730 -2
1244 731 2
1244 736 2
1244 1444 -2
1245 727 -2
1245 729 -2
1245 734 -2
1245 737 -2
1245 1444 2
1246 730 -2
1246 731 2
1246 738 -2
1246 739 -2
1246 1444 -2
1247 732 -2
1247 735 -2
1247 740 2
1248 730 2
1248 732 2
1248 733 -2
1249 728 -2
1249 733 2
1249 735 -2
1250 729 -2
1251 741 -4
1251 742 -2
1251 743 -2
1251 744 -2
1251 745 -2
1252 748 -4
1252 755 -4
1253 749 -2
1253 751 2
1253 753 2
1253 756 -2
1254 748 -2
1254 750 -4
1254 754 2
1255 757 -2
1255 1445 2
1256 760 -4
1256 761 2
1256 762 -2
1256 763 2
1256 1446 6
1257 757 -6
1257 765 -4
1257 768 -4
1257 1445 14
1258 758 -6
1258 766 -2
1258 767 -2
1258 769 -2
1259 759 -6
1259 765 -2
1259 766 -2
1259 767 -2
1260 760 -2
1260 770 -4
1260 772 -2
1260 1446 4
1261 761 -2
1261 771 -2
1261 772 2
1261 1446 -2
1262 762 -2
1262 770 -4
1262 1446 2
1263 763 -2
1263 771 -2
1263 772 2
1263 1446 -2
1264 764 -2
1264 771 -2
1265 773 -8
1265 777 -4
1265 778 -2
1265 779 -2
1266 774 -4
1266 781 -4
1267 775 -4
1268 776 -4
1268 781 -2
1269 783 -10
1269 785 -2
1269 1447 4
1270 787 -2
1270 1447 -2
1271 784 -4
1271 785 -4
1271 787 2
1271 1447 10
1272 784 -2
1272 786 -4
1272 788 2
1273 789 -4
1273 796 -4
1274 790 -2
1274 792 2
1274 794 2
1274 797 -2
1275 789 -2
1275 791 -4
1275 795 2
1276 798 -4
1276 801 -2
1276 803 -2
1276 1448 4
1277 799 -2
1277 803 -2
1277 804 -2
1277 1448 2
1278 798 -2
1278 800 -2
1278 801 -2
1278 1448 2
1279 798 -2
1279 799 -2
1279 803 -2
1279 1448 2
1280 800 -2
1280 801 -2
1280 804 -2
1280 1448 2
1281 802 -4
1282 799 -2
1282 800 -2
1283 805 -4
1283 806 2
1283 807 -2
1283 808 2
1283 1450 2
1284 810 -4
1284 813 -4
1284 1449 14
1284 1451 6
1285 811 -2
1285 812 -2
1285 814 -2
1285 1452 6
1286 810 -2
1286 811 -2
1286 812 -2
1286 1453 6
1287 805 -6
1287 815 -4
1287 817 -2
1287 1450 4
1288 806 -6
1288 816 -2
1288 817 2
1288 1450 -2
1289 807 -6
1289 815 -4
1289 1450 2
1290 808 -6
1290 816 -2
1290 817 2
1290 1450 -2
1291 809 -6
1291 816 -2
1292 810 -2
1292 818 -4
1292 1451 4
1292 1453 2
1293 811 -2
1293 818 -2
1293 1452 2
1293 1453 2
1294 812 -2
1294 818 -2
1294 1452 2
1294 1453 2
1295 813 -2
1295 818 -2
1295 1451 4
1296 814 -2
1296 1452 2
1297 822 -4
1297 823 -2
1297 824 -2
1297 1454 4
1298 819 -8
1298 826 -4
1299 820 -8
1300 821 -8
1300 826 -2
1301 822 -4
1301 828 -4
1301 1454 4
1302 823 -4
1302 828 -2
1302 1454 2
1303 824 -4
1303 828 -2
1303 1454 2
1304 825 -4
1305 830 -2
1305 1455 4
1305 1456 2
1306 829 -10
1306 832 -8
1306 833 2
1306 1457 8
1307 833 -4
1307 834 4
1307 1457 -4
1308 830 2
1308 831 -4
1308 1456 -10
1309 835 -2
1310 838 -4
1310 839 2
1310 840 -2
1310 841 2
1311 843 -6
1311 847 -4
1311 848 -2
1311 849 -2
1312 844 -2
1312 851 -4
1313 845 -2
1314 846 -2
1314 851 -2
1315 853 -8
1315 855 -2
1316 854 -4
1316 857 -4
1316 858 2
1317 862 -4
1317 863 -2
1317 864 -2
1317 1458 6
1318 859 -6
1318 866 -4
1319 860 -6
1320 861 -6
1320 866 -2
1321 862 -2
1321 868 -4
1321 1458 4
1322 863 -2
1322 868 -2
1322 1458 2
1323 864 -2
1323 868 -2
1323 1458 2
1324 865 -2
1325 870 -2
1325 1459 4
1326 869 -8
1326 872 -4
1326 873 2
1327 870 -4
1327 874 -4
1327 1459 10
1328 871 -4
1328 874 -2
1329 875 -12
1329 877 -2
1329 1461 4
1330 876 -2
1330 879 -4
1330 880 2
1330 1462 2
1331 876 -6
1331 882 -4
1331 883 2
1331 1462 6
1332 884 -4
1332 1460 10
1333 884 -2
1334 877 -6
1334 887 -4
1334 1461 10
1335 878 -6
1335 887 -2
1336 879 -6
1336 882 -2
1336 888 -10
1336 1462 4
1337 880 -6
1337 883 -2
1337 1462 -2
1338 881 -6
1338 889 -8
1338 890 -4
1339 885 -2
1340 886 -2
1340 891 -8
1341 892 -4
1341 893 -2
1341 894 -2
1341 895 -2
1341 896 -2
1342 899 -4
1342 906 -4
1343 900 -2
1343 902 2
1343 904 2
1343 907 -2
1344 899 -2
1344 901 -4
1344 905 2
1345 908 -2
1346 911 -4
1346 912 2
1346 913 -2
1346 914 2
1347 916 -6
1347 920 -4
1347 921 -2
1347 922 -2
1348 917 -2
1348 924 -4
1349 918 -2
1350 919 -2
1350 924 -2
1351 926 -8
1351 928 -2
1352 927 -4
1352 930 -4
1352 931 2
1353 932 -4
1353 933 2
1353 934 -2
1353 935 2
1354 937 -4
1354 940 -4
1354 1463 14
1355 938 -2
1355 939 -2
1355 941 -2
1356 937 -2
1356 938 -2
1356 939 -2
1357 945 -4
1357 946 -2
1357 947 -2
1357 1464 6
1358 942 -6
1358 949 -4
1359 943 -6
1360 944 -6
1360 949 -2
1361 945 -2
1361 951 -4
1361 1464 4
1362 946 -2
1362 951 -2
1362 1464 2
1363 947 -2
1363 951 -2
1363 1464 2
1364 948 -2
1365 953 -2
1365 1465 4
1366 952 -8
1366 955 -4
1366 956 2
1367 953 -4
1367 957 -4
1367 1465 10
1368 954 -4
1368 957 -2
1369 962 -6
1369 964 -2
1370 963 -2
1370 966 -4
1370 967 2
1371 970 -2
1371 1466 6
1372 969 -6
1372 972 -4
1372 973 2
1373 970 -2
1373 974 -4
1373 1466 10
1374 971 -2
1374 974 -2
1375 980 -4
1376 977 -6
1376 981 -4
1377 978 -6
1377 979 -2
1377 982 -8
1378 986 -4
1378 987 -2
1378 988 -2
1379 991 -2
1379 1467 6
1380 990 -6
1380 993 -4
1380 994 2
1381 991 -2
1381 995 -4
1381 1467 10
1382 992 -2
1382 995 -2
1383 998 -2
1383 1468 2
1384 1000 -4
1384 1001 2
1384 1469 6
1385 998 -6
1385 1002 -4
1385 1468 10
1386 999 -6
1386 1002 -2
1387 1000 -2
1387 1003 -10
1387 1469 4
1388 1001 -2
1388 1469 -2
1389 1004 -8
1389 1005 -4
1390 1006 -2
1390 1008 -4
1390 1470 2
1391 1006 -6
1391 1009 -4
1391 1470 6
1392 1010 -8
1393 1007 -6
1393 1011 -8
1394 1008 -6
1394 1009 -2
1394 1470 4
1395 1016 -2
1395 1018 -4
1396 1019 -6
1396 1020 -2
1397 1021 -6
1398 1022 -6
1399 1023 -2
1400 1026 -4
1400 1027 2
1400 1028 -2
1400 1029 2
1401 1035 -6
1401 1037 -2
1402 1036 -2
1402 1039 -4
1402 1040 2
1403 1045 -4
1403 1046 -2
1403 1047 -2
1404 1050 -2
1404 1471 6
1405 1049 -6
1405 1052 -4
1405 1053 2
1406 1050 -2
1406 1054 -4
1406 1471 10
1407 1051 -2
1407 1054 -2
1408 1061 -2
1408 1063 -4
1409 1064 -6
1409 1065 -2
1410 1067 -2
1411 1069 -2
1411 1071 -4
1412 1072 -6
1412 1074 -4
1413 1073 -2
1413 1075 -8
1414 1076 -6
1415 1077 -6
1416 1084 -6
1416 1085 -2
1417 1095 -2
1418 1097 -2
1418 1099 -4
1419 1106 -6
1419 1107 -2
1420 1117 -4
1420 1124 -4
1420 1130 -4
1420 1135 -4
1420 1472 22
1421 1118 -2
1421 1123 -2
1421 1125 -2
1421 1131 -2
1421 1136 -2
1421 1139 -2
1421 1141 -2
1422 1117 -2
1422 1119 -2
1422 1122 -2
1422 1126 -2
1422 1132 -2
1422 1137 -2
1422 1140 -2
1423 1118 -2
1423 1120 -2
1423 1121 -2
1423 1123 -2
1423 1127 -2
1423 1133 -2
1423 1138 -2
1424 1119 -2
1424 1120 -2
1424 1121 -2
1424 1122 -2
1424 1128 -2
1424 1129 -2
1424 1134 -2
1425 1147 -4
1425 1148 -2
1425 1149 -2
1425 1150 -2
1425 1151 -2
1425 1152 -2
1425 1153 -2
1426 1159 -4
1426 1170 -4
1427 1160 -2
1427 1164 2
1427 1166 2
1427 1171 -2
1427 1174 2
1427 1176 -2
1428 1159 -2
1428 1161 -2
1428 1163 -2
1428 1167 2
1428 1172 -2
1428 1175 2
1429 1160 -2
1429 1164 2
1429 1168 2
1429 1173 -2
1430 1161 -2
1430 1163 -2
1430 1169 2
1431 1179 -2
1432 1183 -4
1432 1184 2
1432 1185 -2
1432 1186 2
1432 1187 -2
1432 1188 2
1433 1193 -6
1433 1197 -4
1433 1198 -2
1433 1199 -2
1433 1200 -2
1433 1201 -2
1434 1194 -2
1434 1204 -4
1434 1211 -4
1435 1195 -2
1435 1205 -2
1435 1207 2
1435 1209 2
1435 1212 -2
1436 1196 -2
1436 1204 -2
1436 1206 -4
1436 1210 2
1437 1213 -8
1437 1215 -2
1438 1214 -4
1438 1218 -4
1438 1219 2
1438 1220 -2
1438 1221 2
1439 1223 -4
1439 1224 2
1439 1231 -4
1439 1232 -2
1439 1233 -2
1440 1225 -2
1440 1235 -4
1441 1226 -2
1442 1227 -2
1442 1235 -2
1443 1237 -2
1444 1241 -4
1444 1242 2
1444 1243 -2
1444 1244 2
1444 1245 -2
1444 1246 2
1445 1255 -6
1445 1257 -2
1446 1256 -2
1446 1260 -4
1446 1261 2
1446 1262 -2
1446 1263 2
1447 1269 -4
1447 1270 2
1447 1271 -2
1448 1276 -4
1448 1277 -2
1448 1278 -2
1448 1279 -2
1448 1280 -2
1449 1284 -2
1449 1473 6
1450 1283 -6
1450 1287 -4
1450 1288 2
1450 1289 -2
1450 1290 2
1451 1284 -2
1451 1292 -4
1451 1295 -4
1451 1473 14
1452 1285 -2
1452 1293 -2
1452 1294 -2
1452 1296 -2
1453 1286 -2
1453 1292 -2
1453 1293 -2
1453 1294 -2
1454 1297 -4
1454 1301 -4
1454 1302 -2
1454 1303 -2
1455 1305 -4
1456 1305 -2
1456 1308 2
1457 1306 -4
1457 1307 2
1458 1317 -2
1458 1321 -4
1458 1322 -2
1458 1323 -2
1459 1325 -4
1459 1327 -2
1460 1332 -2
1461 1329 -6
1461 1334 -2
1462 1330 -6
1462 1331 -2
1462 1336 -4
1462 1337 2
1463 1354 -2
1464 1357 -2
1464 1361 -4
1464 1362 -2
1464 1363 -2
1465 1365 -4
1465 1367 -2
1466 1371 -2
1466 1373 -2
1467 1379 -2
1467 1381 -2
1468 1383 -6
1468 1385 -2
1469 1384 -2
1469 1387 -4
1469 1388 2
1470 1390 -6
1470 1391 -2
1470 1394 -4
1471 1404 -2
1471 1406 -2
1472 1420 -2
1473 1449 -2
1473 1451 -2
1473 1473 0
