1 1 22
2 2 20
3 3 20
4 4 22
5 5 22
6 6 22
7 7 22
8 8 22
9 9 22
10 10 22
11 11 22
12 12 18
13 13 18
14 14 20
15 15 20
16 16 20
17 17 20
18 18 20
19 19 20
20 20 20
21 21 20
22 22 20
23 23 20
24 24 20
25 25 22
26 26 22
27 27 22
28 28 22
29 29 22
30 30 22
31 31 22
32 32 22
33 33 22
34 34 22
35 35 22
36 36 22
37 37 16
38 38 16
39 39 18
40 40 18
41 41 18
42 42 18
43 43 18
44 44 18
45 45 18
46 46 18
47 47 18
48 48 20
49 49 20
50 50 20
51 51 20
52 52 20
53 53 20
54 54 20
55 55 20
56 56 20
57 57 20
58 58 20
59 59 20
60 60 20
61 61 22
62 62 22
63 63 22
64 64 22
65 65 22
66 66 22
67 67 22
68 68 14
69 69 14
70 70 16
71 71 16
72 72 16
73 73 16
74 74 16
75 75 16
76 76 16
77 77 16
78 78 18
79 79 18
80 80 18
81 81 18
82 82 18
83 83 18
84 84 18
85 85 18
86 86 18
87 87 20
88 88 20
89 89 20
90 90 20
91 91 20
92 92 20
93 93 22
94 94 22
95 95 12
96 96 12
97 97 14
98 98 14
99 99 14
100 100 14
101 101 14
102 102 14
103 103 16
104 104 16
105 105 16
106 106 16
107 107 16
108 108 16
109 109 18
110 110 18
111 111 18
112 112 20
113 113 20
114 114 10
115 115 10
116 116 12
117 117 12
118 118 12
119 119 12
120 120 12
121 121 14
122 122 14
123 123 14
124 124 16
125 125 16
126 126 8
127 127 8
128 128 10
129 129 10
130 130 10
131 131 12
132 132 12
133 133 6
134 134 6
135 135 8
136 136 8
137 137 4
138 138 4
140 140 10
140 141 2
140 142 2
141 140 2
141 141 10
141 142 2
141 143 2
141 144 2
142 140 2
142 141 2
142 142 10
142 144 2
142 145 2
143 141 2
143 143 10
143 144 2
143 146 2
143 147 2
144 141 2
144 142 2
144 143 2
144 144 10
144 145 2
144 147 2
144 148 2
145 142 2
145 144 2
145 145 10
145 148 2
145 149 2
146 143 2
146 146 10
146 147 2
146 150 2
146 151 2
147 143 2
147 144 2
147 146 2
147 147 10
147 148 2
147 151 2
147 152 2
148 144 2
148 145 2
148 147 2
148 148 10
148 149 2
148 152 2
148 153 2
149 145 2
149 148 2
149 149 10
149 150 2
149 153 2
150 146 2
150 149 2
150 150 10
150 151 2
150 153 2
151 146 2
151 147 2
151 150 2
151 151 10
151 152 2
151 153 2
151 154 2
152 147 2
152 148 2
152 151 2
152 152 10
152 153 2
152 154 4
153 148 2
153 149 2
153 150 2
153 151 2
153 152 2
153 153 10
153 154 2
154 151 2
154 152 4
154 153 2
154 154 14
155 155 8
155 156 2
155 157 2
156 155 2
156 156 8
156 157 2
156 158 2
156 159 2
157 155 2
157 156 2
157 157 8
157 159 2
157 160 2
158 156 2
158 158 8
158 159 2
158 161 2
158 162 2
159 156 2
159 157 2
159 158 2
159 159 8
159 160 2
159 162 2
159 163 2
160 157 2
160 159 2
160 160 8
160 163 2
160 164 2
161 158 2
161 161 8
161 162 2
161 164 2
161 165 2
162 158 2
162 159 2
162 161 2
162 162 8
162 163 2
162 165 2
162 166 2
163 159 2
163 160 2
163 162 2
163 163 8
163 164 2
163 165 2
163 166 2
164 160 2
164 161 2
164 163 2
164 164 8
164 165 2
165 161 2
165 162 2
165 163 2
165 164 2
165 165 8
165 166 4
166 162 2
166 163 2
166 165 4
166 166 12
167 167 12
167 168 4
168 167 4
168 168 12
168 169 4
169 168 4
169 169 12
169 170 4
170 169 4
170 170 12
171 171 10
171 172 2
171 173 2
172 171 2
172 172 10
172 173 2
172 174 2
172 175 2
173 171 2
173 172 2
173 173 10
173 175 2
173 176 2
174 172 2
174 174 10
174 175 2
174 177 2
174 178 2
175 172 2
175 173 2
175 174 2
175 175 10
175 176 2
175 178 2
175 179 2
176 173 2
176 175 2
176 176 10
176 177 2
176 179 2
177 174 2
177 176 2
177 177 10
177 178 2
177 179 2
178 174 2
178 175 2
178 177 2
178 178 10
178 179 4
178 180 6
179 175 2
179 176 2
179 177 2
179 178 4
179 179 10
179 180 6
180 178 2
180 179 2
180 180 10
181 181 14
181 182 4
182 181 4
182 182 14
182 183 4
183 182 4
183 183 14
183 184 4
184 183 4
184 184 10
185 185 10
185 186 2
185 187 2
186 185 2
186 186 10
186 187 2
186 188 2
186 189 2
187 185 2
187 186 2
187 187 10
187 189 2
187 190 2
188 186 2
188 188 10
188 189 2
188 190 2
188 191 2
189 186 2
189 187 2
189 188 2
189 189 10
189 190 2
189 191 4
190 187 2
190 188 2
190 189 2
190 190 10
190 191 2
191 188 2
191 189 4
191 190 2
191 191 14
192 192 14
192 193 4
193 192 4
193 193 14
193 194 4
194 193 4
194 194 14
195 195 10
196 196 10
197 197 10
197 198 2
197 199 2
198 197 2
198 198 10
198 199 2
198 200 2
198 201 2
199 197 2
199 198 2
199 199 10
199 200 2
199 201 2
200 198 2
200 199 2
200 200 10
200 201 4
201 198 2
201 199 2
201 200 4
201 201 14
202 202 14
202 203 4
203 202 4
203 203 14
203 204 4
204 203 4
204 204 10
205 205 14
206 206 14
207 207 10
207 208 2
207 209 2
208 207 2
208 208 10
208 209 4
208 210 6
209 207 2
209 208 4
209 209 10
209 210 6
210 208 2
210 209 2
210 210 10
211 211 14
211 212 4
212 211 4
212 212 14
213 213 14
213 214 4
214 213 4
214 214 10
215 215 10
215 216 4
216 215 4
216 216 14
217 217 6
217 218 2
217 219 2
218 217 2
218 218 6
218 219 2
218 220 2
218 221 2
219 217 2
219 218 2
219 219 6
219 221 2
219 222 2
220 218 2
220 220 6
220 221 2
220 223 2
220 224 2
221 218 2
221 219 2
221 220 2
221 221 6
221 222 2
221 224 2
221 225 2
222 219 2
222 221 2
222 222 6
222 223 2
222 225 2
223 220 2
223 222 2
223 223 6
223 224 2
223 225 2
224 220 2
224 221 2
224 223 2
224 224 6
224 225 4
224 226 6
225 221 2
225 222 2
225 223 2
225 224 4
225 225 6
225 226 6
226 224 2
226 225 2
226 226 6
227 227 10
227 228 4
228 227 4
228 228 10
228 229 4
229 228 4
229 229 10
229 230 4
230 229 4
230 230 6
231 231 8
231 232 2
231 233 2
232 231 2
232 232 8
232 233 2
232 234 2
232 235 2
233 231 2
233 232 2
233 233 8
233 235 2
233 236 2
234 232 2
234 234 8
234 235 2
234 236 2
234 237 2
235 232 2
235 233 2
235 234 2
235 235 8
235 236 2
235 237 4
236 233 2
236 234 2
236 235 2
236 236 8
236 237 2
237 234 2
237 235 4
237 236 2
237 237 12
238 238 12
238 239 4
239 238 4
239 239 12
239 240 4
240 239 4
240 240 12
241 241 8
241 242 2
241 243 2
242 241 2
242 242 8
242 243 2
242 244 2
242 245 2
243 241 2
243 242 2
243 243 8
243 244 2
243 245 2
244 242 2
244 243 2
244 244 8
244 245 4
245 242 2
245 243 2
245 244 4
245 245 12
246 246 12
246 247 4
247 246 4
247 247 12
247 248 4
248 247 4
248 248 8
249 249 8
250 250 8
251 251 8
251 252 2
251 253 2
252 251 2
252 252 8
252 253 4
252 254 6
253 251 2
253 252 4
253 253 8
253 254 6
254 252 2
254 253 2
254 254 8
255 255 12
255 256 4
256 255 4
256 256 12
257 257 12
258 258 12
259 259 8
259 260 4
260 259 4
260 260 12
261 261 12
261 262 4
262 261 4
262 262 8
263 263 12
263 264 4
264 263 4
264 264 12
264 265 4
265 264 4
265 265 12
266 266 20
267 267 12
267 268 4
268 267 4
268 268 12
268 269 4
269 268 4
269 269 8
270 270 20
271 271 8
272 272 12
272 273 4
273 272 4
273 273 12
274 274 20
275 275 12
276 276 12
276 277 4
277 276 4
277 277 8
278 278 10
278 279 2
278 280 2
279 278 2
279 279 10
279 280 2
279 281 2
279 282 2
280 278 2
280 279 2
280 280 10
280 281 2
280 282 2
281 279 2
281 280 2
281 281 10
281 282 4
282 279 2
282 280 2
282 281 4
282 282 14
283 283 14
283 284 4
284 283 4
284 284 14
284 285 4
285 284 4
285 285 10
286 286 10
286 287 2
286 288 2
287 286 2
287 287 10
287 288 4
287 289 6
288 286 2
288 287 4
288 288 10
288 289 6
289 287 2
289 288 2
289 289 10
290 290 14
290 291 4
291 290 4
291 291 14
292 292 10
293 293 10
294 294 10
294 295 4
295 294 4
295 295 14
296 296 14
296 297 4
297 296 4
297 297 10
298 298 14
299 299 14
300 300 14
300 301 4
301 300 4
301 301 14
302 302 22
303 303 10
304 304 14
304 305 4
305 304 4
305 305 10
306 306 22
307 307 14
308 308 10
308 309 4
309 308 4
309 309 14
310 310 14
310 311 4
311 310 4
311 311 10
312 312 10
313 313 10
314 314 14
315 315 14
316 316 10
317 317 14
318 318 10
319 319 10
320 320 4
320 321 2
320 322 2
321 320 2
321 321 4
321 322 2
321 323 2
321 324 2
322 320 2
322 321 2
322 322 4
322 324 2
322 325 2
323 321 2
323 323 4
323 324 2
323 325 2
323 326 2
324 321 2
324 322 2
324 323 2
324 324 4
324 325 2
324 326 4
325 322 2
325 323 2
325 324 2
325 325 4
325 326 2
326 323 2
326 324 4
326 325 2
326 326 8
327 327 8
327 328 4
328 327 4
328 328 8
328 329 4
329 328 4
329 329 8
330 330 6
330 331 2
330 332 2
331 330 2
331 331 6
331 332 2
331 333 2
331 334 2
332 330 2
332 331 2
332 332 6
332 333 2
332 334 2
333 331 2
333 332 2
333 333 6
333 334 4
334 331 2
334 332 2
334 333 4
334 334 10
335 335 10
335 336 4
336 335 4
336 336 10
336 337 4
337 336 4
337 337 6
338 338 6
338 339 2
338 340 2
339 338 2
339 339 6
339 340 4
339 341 6
340 338 2
340 339 4
340 340 6
340 341 6
341 339 2
341 340 2
341 341 6
342 342 10
342 343 4
343 342 4
343 343 10
344 344 6
345 345 6
346 346 6
346 347 4
347 346 4
347 347 10
348 348 10
348 349 4
349 348 4
349 349 6
350 350 10
351 351 10
352 352 10
352 353 4
353 352 4
353 353 10
353 354 4
354 353 4
354 354 6
355 355 18
356 356 10
356 357 4
357 356 4
357 357 10
358 358 18
359 359 6
360 360 10
360 361 4
361 360 4
361 361 6
362 362 18
363 363 10
364 364 8
364 365 2
364 366 2
365 364 2
365 365 8
365 366 4
365 367 6
366 364 2
366 365 4
366 366 8
366 367 6
367 365 2
367 366 2
367 367 8
368 368 12
368 369 4
369 368 4
369 369 12
370 370 8
370 371 4
371 370 4
371 371 12
372 372 12
372 373 4
373 372 4
373 373 8
374 374 8
375 375 8
376 376 12
377 377 12
378 378 12
378 379 4
379 378 4
379 379 8
380 380 20
381 381 8
382 382 12
383 383 12
384 384 12
385 385 8
386 386 8
387 387 8
388 388 12
388 389 4
389 388 4
389 389 12
390 390 20
391 391 12
391 392 4
392 391 4
392 392 8
393 393 20
394 394 8
395 395 12
396 396 20
397 397 20
398 398 20
399 399 12
400 400 20
401 401 8
402 402 10
402 403 4
403 402 4
403 403 14
404 404 14
404 405 4
405 404 4
405 405 10
406 406 14
407 407 14
408 408 10
409 409 10
410 410 14
411 411 22
412 412 10
413 413 10
414 414 10
415 415 10
416 416 2
416 417 2
416 418 2
417 416 2
417 417 2
417 418 2
417 419 2
417 420 2
418 416 2
418 417 2
418 418 2
418 419 2
418 420 2
419 417 2
419 418 2
419 419 2
419 420 4
420 417 2
420 418 2
420 419 4
420 420 6
421 421 6
421 422 4
422 421 4
422 422 6
422 423 4
423 422 4
423 423 2
424 424 4
424 425 2
424 426 2
425 424 2
425 425 4
425 426 4
425 427 6
426 424 2
426 425 4
426 426 4
426 427 6
427 425 2
427 426 2
427 427 4
428 428 8
428 429 4
429 428 4
429 429 8
430 430 4
430 431 4
431 430 4
431 431 8
432 432 8
432 433 4
433 432 4
433 433 4
434 434 4
435 435 4
436 436 8
437 437 8
438 438 8
438 439 4
439 438 4
439 439 8
440 440 16
441 441 8
441 442 4
442 441 4
442 442 4
443 443 16
444 444 4
445 445 8
446 446 6
446 447 4
447 446 4
447 447 10
448 448 10
448 449 4
449 448 4
449 449 6
450 450 10
451 451 10
452 452 6
453 453 6
454 454 10
455 455 18
456 456 6
457 457 6
458 458 6
459 459 10
459 460 4
460 459 4
460 460 6
461 461 18
462 462 10
463 463 18
464 464 6
465 465 18
466 466 18
467 467 6
468 468 12
469 469 12
470 470 8
471 471 8
472 472 8
473 473 12
474 474 20
475 475 8
476 476 20
477 477 10
478 478 10
479 480 2
479 481 2
480 479 2
480 481 4
480 482 6
481 479 2
481 480 4
481 482 6
482 480 2
482 481 2
483 483 4
483 484 4
484 483 4
484 484 4
485 485 2
485 486 4
486 485 4
486 486 6
487 487 6
487 488 4
488 487 4
488 488 2
489 489 6
490 490 6
491 491 2
492 492 2
493 493 6
493 494 4
494 493 4
494 494 2
495 495 14
496 496 6
497 497 14
498 498 2
499 499 8
500 500 8
501 501 4
502 502 4
503 503 4
504 504 8
505 505 16
506 506 4
507 507 16
508 508 6
509 509 6
510 510 6
511 511 18
512 512 -2
512 513 4
513 512 4
513 513 2
514 514 2
514 515 4
515 514 4
515 515 -2
516 516 4
517 517 4
520 520 4
521 521 12
523 523 2
524 524 2
525 525 2
526 526 14
529 529 -2
530 530 -2
531 531 -2
532 532 10
533 533 -6
534 534 -6
535 535 2
535 536 2
535 539 2
536 535 2
536 536 2
536 537 2
536 540 2
536 543 2
537 536 2
537 537 2
537 538 2
537 541 2
537 546 2
538 537 2
538 538 2
538 539 2
538 542 2
538 548 2
539 535 2
539 538 2
539 539 2
539 543 2
539 549 2
540 536 2
540 540 2
540 541 2
540 550 2
540 553 2
541 537 2
541 540 2
541 541 2
541 542 2
541 544 2
541 551 2
541 556 2
542 538 2
542 541 2
542 542 2
542 543 2
542 545 2
542 552 2
542 558 2
543 536 2
543 539 2
543 542 2
543 543 2
543 546 2
543 553 2
543 559 2
544 541 2
544 544 2
544 545 2
544 554 2
544 562 2
545 542 2
545 544 2
545 545 2
545 546 2
545 547 2
545 555 2
545 564 2
546 537 2
546 543 2
546 545 2
546 546 2
546 548 2
546 556 2
546 565 2
547 545 2
547 547 2
547 548 2
547 557 2
547 566 2
548 538 2
548 546 2
548 547 2
548 548 2
548 549 2
548 558 2
548 567 2
549 539 2
549 548 2
549 549 2
549 550 2
549 559 2
550 540 2
550 549 2
550 550 2
550 551 2
550 567 2
551 541 2
551 550 2
551 551 2
551 552 2
551 554 2
551 559 2
551 570 2
552 542 2
552 551 2
552 552 2
552 553 2
552 555 2
552 565 2
552 572 2
553 540 2
553 543 2
553 552 2
553 553 2
553 556 2
553 567 2
553 568 2
554 544 2
554 551 2
554 554 2
554 555 2
554 560 2
554 568 2
554 574 2
555 545 2
555 552 2
555 554 2
555 555 2
555 556 2
555 557 2
555 561 2
555 569 2
555 576 2
556 541 2
556 546 2
556 553 2
556 555 2
556 556 2
556 558 2
556 562 2
556 569 2
556 570 2
557 547 2
557 555 2
557 557 2
557 558 2
557 563 2
557 571 2
557 573 2
558 542 2
558 548 2
558 556 2
558 557 2
558 558 2
558 559 2
558 564 2
558 570 2
558 572 2
559 543 2
559 549 2
559 551 2
559 558 2
559 559 2
559 565 2
559 568 2
560 554 2
560 560 2
560 561 2
560 563 2
560 566 2
561 555 2
561 560 2
561 561 2
561 562 2
561 563 2
561 573 2
561 575 2
562 544 2
562 556 2
562 561 2
562 562 2
562 564 2
562 571 2
562 574 2
563 557 2
563 560 2
563 561 2
563 563 2
563 564 2
563 574 2
563 575 2
564 545 2
564 558 2
564 562 2
564 563 2
564 564 2
564 565 2
564 566 2
564 572 2
564 576 2
565 546 2
565 552 2
565 559 2
565 564 2
565 565 2
565 567 2
565 569 2
566 547 2
566 560 2
566 564 2
566 566 2
566 567 2
566 568 2
566 573 2
567 548 2
567 550 2
567 553 2
567 565 2
567 566 2
567 567 2
567 570 2
568 553 2
568 554 2
568 559 2
568 566 2
568 568 2
568 569 2
568 572 2
569 555 2
569 556 2
569 565 2
569 568 2
569 569 2
569 570 2
569 571 2
569 573 2
569 576 2
570 551 2
570 556 2
570 558 2
570 567 2
570 569 2
570 570 2
570 572 2
570 573 2
570 574 2
571 557 2
571 562 2
571 569 2
571 571 2
571 572 2
571 575 4
572 552 2
572 558 2
572 564 2
572 568 2
572 570 2
572 571 2
572 572 2
572 574 2
572 576 2
573 557 2
573 561 2
573 566 2
573 569 2
573 570 2
573 573 2
573 574 2
573 575 2
573 576 2
574 554 2
574 562 2
574 563 2
574 570 2
574 572 2
574 573 2
574 574 2
574 575 2
574 576 2
575 561 2
575 563 2
575 571 4
575 573 2
575 574 2
575 575 2
575 576 4
576 555 2
576 564 2
576 569 2
576 572 2
576 573 2
576 574 2
576 575 4
576 576 6
577 578 2
577 581 2
578 577 2
578 579 2
578 582 2
578 585 2
579 578 2
579 580 2
579 583 2
579 588 2
580 579 2
580 581 2
580 584 2
580 590 2
581 577 2
581 580 2
581 585 2
581 591 2
582 578 2
582 583 2
582 591 2
582 594 2
583 579 2
583 582 2
583 584 2
583 586 2
583 592 2
583 597 2
584 580 2
584 583 2
584 585 2
584 587 2
584 593 2
584 599 2
585 578 2
585 581 2
585 584 2
585 588 2
585 592 2
585 594 2
586 583 2
586 587 2
586 595 2
586 600 2
587 584 2
587 586 2
587 588 2
587 589 2
587 596 2
587 601 2
588 579 2
588 585 2
588 587 2
588 590 2
588 593 2
588 597 2
589 587 2
589 590 2
589 595 2
589 598 2
590 580 2
590 588 2
590 589 2
590 591 2
590 594 2
590 599 2
591 581 2
591 582 2
591 590 2
591 592 2
592 583 2
592 585 2
592 591 2
592 593 2
592 595 2
592 599 2
593 584 2
593 588 2
593 592 2
593 594 2
593 596 2
593 601 2
594 582 2
594 585 2
594 590 2
594 593 2
594 595 2
594 597 2
595 586 2
595 589 2
595 592 2
595 594 2
595 596 2
595 601 2
596 587 2
596 593 2
596 595 2
596 597 4
596 598 4
596 602 10
597 583 2
597 588 2
597 594 2
597 596 4
597 599 4
597 600 2
598 589 2
598 596 4
598 599 2
598 600 4
599 584 2
599 590 2
599 592 2
599 597 4
599 598 2
599 601 4
600 586 2
600 597 2
600 598 4
600 601 4
601 587 2
601 593 2
601 595 2
601 599 4
601 600 4
601 602 10
602 596 2
602 601 2
603 603 4
603 604 2
603 606 2
604 603 2
604 604 4
604 605 2
604 607 2
604 609 2
605 604 2
605 605 4
605 606 2
605 608 2
605 611 2
606 603 2
606 605 2
606 606 4
606 609 2
606 612 2
607 604 2
607 607 4
607 608 2
607 613 2
607 615 2
608 605 2
608 607 2
608 608 4
608 609 2
608 610 2
608 614 2
608 617 2
609 604 2
609 606 2
609 608 2
609 609 4
609 611 2
609 615 2
609 618 2
610 608 2
610 610 4
610 611 2
610 616 2
610 620 2
611 605 2
611 609 2
611 610 2
611 611 4
611 612 2
611 617 2
611 621 2
612 606 2
612 611 2
612 612 4
612 613 -2
612 618 2
613 607 2
613 612 -2
613 613 4
613 614 2
613 621 -2
614 608 2
614 613 2
614 614 4
614 615 2
614 616 2
614 618 -2
614 623 2
615 607 2
615 609 2
615 614 2
615 615 4
615 617 2
615 621 -2
615 622 -2
616 610 2
616 614 2
616 616 4
616 617 2
616 619 4
616 622 2
616 624 4
617 608 2
617 611 2
617 615 2
617 616 2
617 617 4
617 618 2
617 620 2
618 609 2
618 612 2
618 614 -2
618 617 2
618 618 4
618 621 2
618 622 -2
619 616 2
619 619 4
619 620 2
620 610 2
620 617 2
620 619 4
620 620 4
620 621 2
620 622 2
620 624 4
621 611 2
621 613 -2
621 615 -2
621 618 2
621 620 2
621 621 4
621 623 -2
622 615 -2
622 616 2
622 618 -2
622 620 2
622 622 4
623 614 2
623 621 -2
623 623 4
624 616 2
624 620 2
624 624 4
625 625 2
625 626 2
625 629 2
626 625 2
626 626 2
626 627 2
626 630 2
626 633 2
627 626 2
627 627 2
627 628 2
627 631 2
627 636 2
628 627 2
628 628 2
628 629 2
628 632 2
628 637 2
629 625 2
629 628 2
629 629 2
629 630 2
629 633 2
630 626 2
630 629 2
630 630 2
630 631 2
630 637 2
631 627 2
631 630 2
631 631 2
631 632 2
631 633 2
631 634 2
631 638 2
632 628 2
632 631 2
632 632 2
632 633 2
632 635 2
632 636 2
632 638 2
633 626 2
633 629 2
633 631 2
633 632 2
633 633 2
633 636 2
633 637 2
634 631 2
634 634 2
634 635 4
634 637 2
635 632 2
635 634 4
635 635 2
635 636 2
635 638 4
636 627 2
636 632 2
636 633 2
636 635 2
636 636 2
636 637 2
636 638 2
637 628 2
637 630 2
637 633 2
637 634 2
637 636 2
637 637 2
637 638 2
638 631 2
638 632 2
638 635 4
638 636 2
638 637 2
638 638 6
639 639 6
639 640 2
639 642 2
640 639 2
640 640 6
640 641 2
640 643 2
640 645 2
641 640 2
641 641 6
641 642 2
641 644 2
641 647 2
642 639 2
642 641 2
642 642 6
642 645 2
642 648 2
643 640 2
643 643 6
643 644 2
643 648 -2
643 650 2
644 641 2
644 643 2
644 644 6
644 645 2
644 646 2
644 649 2
644 652 2
645 640 2
645 642 2
645 644 2
645 645 6
645 647 2
645 649 -2
645 650 2
646 644 2
646 646 6
646 647 2
646 651 4
647 641 2
647 645 2
647 646 2
647 647 6
647 648 2
647 650 -2
647 652 2
648 642 2
648 643 -2
648 647 2
648 648 6
648 649 -2
649 644 2
649 645 -2
649 648 -2
649 649 6
649 650 2
649 651 2
649 652 -2
650 643 2
650 645 2
650 647 -2
650 649 2
650 650 6
650 651 -2
650 652 2
651 646 4
651 649 2
651 650 -2
651 651 6
651 652 4
652 644 2
652 647 2
652 649 -2
652 650 2
652 651 4
652 652 2
653 653 2
653 654 2
653 657 2
654 653 2
654 654 2
654 655 2
654 657 2
654 658 2
655 654 2
655 655 2
655 656 2
655 658 2
655 659 2
656 655 2
656 656 2
656 657 2
656 658 2
656 659 2
657 653 2
657 654 2
657 656 2
657 657 2
657 658 2
658 654 2
658 655 2
658 656 2
658 657 2
658 658 2
658 659 4
659 655 2
659 656 2
659 658 4
659 659 6
660 660 6
660 661 2
660 663 2
661 660 2
661 661 6
661 662 2
661 664 2
661 666 2
662 661 2
662 662 6
662 663 2
662 665 2
662 668 2
663 660 2
663 662 2
663 663 6
663 664 -2
663 666 2
664 661 2
664 663 -2
664 664 6
664 665 2
664 668 -2
665 662 2
665 664 2
665 665 6
665 667 4
666 661 2
666 663 2
666 666 6
667 665 2
667 667 6
667 668 2
668 662 2
668 664 -2
668 667 4
668 668 6
669 669 -2
669 670 2
669 671 2
670 669 2
670 670 -2
670 671 2
670 672 2
670 673 2
671 669 2
671 670 2
671 671 -2
671 673 2
671 674 2
672 670 2
672 672 -2
672 673 2
672 674 2
672 675 2
673 670 2
673 671 2
673 672 2
673 673 -2
673 674 2
673 675 4
674 671 2
674 672 2
674 673 2
674 674 -2
674 675 2
675 672 2
675 673 4
675 674 2
675 675 2
676 676 2
676 677 4
677 676 4
677 677 2
677 678 4
678 677 4
678 678 2
679 679 2
679 680 4
680 679 4
680 680 2
680 681 4
681 680 4
681 681 6
682 682 6
682 683 2
682 685 2
683 682 2
683 683 6
683 684 2
683 685 -2
683 686 -2
684 683 2
684 684 6
684 685 2
684 686 4
685 682 2
685 683 -2
685 684 2
685 685 6
685 686 -2
686 683 -2
686 684 4
686 685 -2
686 686 2
687 687 2
687 688 2
687 689 2
688 687 2
688 688 2
688 689 2
688 690 2
688 691 2
689 687 2
689 688 2
689 689 2
689 690 2
689 691 2
690 688 2
690 689 2
690 690 2
690 691 4
691 688 2
691 689 2
691 690 4
691 691 6
692 692 6
692 693 4
693 692 4
693 693 6
693 694 4
694 693 4
694 694 2
695 695 6
696 696 6
697 697 6
698 698 6
699 699 2
699 700 2
699 701 2
699 703 4
700 699 2
700 700 2
700 701 4
700 702 6
700 704 4
701 699 2
701 700 4
701 701 2
701 702 6
701 705 4
702 700 2
702 701 2
702 702 2
702 706 4
703 699 4
703 703 -2
703 704 2
703 705 2
704 700 4
704 703 2
704 704 -2
704 705 4
704 706 6
705 701 4
705 703 2
705 704 4
705 705 -2
705 706 6
706 702 4
706 704 2
706 705 2
706 706 -2
707 707 2
707 708 4
707 709 4
708 707 4
708 708 2
708 710 4
709 707 4
709 709 6
709 710 4
710 708 4
710 709 4
710 710 6
711 711 2
712 712 2
713 713 -2
713 714 2
713 717 2
714 713 2
714 714 -2
714 715 2
714 718 2
714 721 2
715 714 2
715 715 -2
715 716 2
715 719 2
715 724 2
716 715 2
716 716 -2
716 717 2
716 720 2
716 725 2
717 713 2
717 716 2
717 717 -2
717 718 2
717 721 2
718 714 2
718 717 2
718 718 -2
718 719 2
718 725 2
719 715 2
719 718 2
719 719 -2
719 720 2
719 721 2
719 722 2
719 726 2
720 716 2
720 719 2
720 720 -2
720 721 2
720 723 2
720 724 2
720 726 2
721 714 2
721 717 2
721 719 2
721 720 2
721 721 -2
721 724 2
721 725 2
722 719 2
722 722 -2
722 723 4
722 725 2
723 720 2
723 722 4
723 723 -2
723 724 2
723 726 4
724 715 2
724 720 2
724 721 2
724 723 2
724 724 -2
724 725 2
724 726 2
725 716 2
725 718 2
725 721 2
725 722 2
725 724 2
725 725 -2
725 726 2
726 719 2
726 720 2
726 723 4
726 724 2
726 725 2
726 726 2
727 727 2
727 728 2
727 730 2
728 727 2
728 728 2
728 729 2
728 731 2
728 733 2
729 728 2
729 729 2
729 730 2
729 732 2
729 735 2
730 727 2
730 729 2
730 730 2
730 733 2
730 736 2
731 728 2
731 731 2
731 732 2
731 736 -2
731 738 2
732 729 2
732 731 2
732 732 2
732 733 2
732 734 2
732 737 2
732 740 2
733 728 2
733 730 2
733 732 2
733 733 2
733 735 2
733 737 -2
733 738 2
734 732 2
734 734 2
734 735 2
734 739 4
735 729 2
735 733 2
735 734 2
735 735 2
735 736 2
735 738 -2
735 740 2
736 730 2
736 731 -2
736 735 2
736 736 2
736 737 -2
737 732 2
737 733 -2
737 736 -2
737 737 2
737 738 2
737 739 2
737 740 -2
738 731 2
738 733 2
738 735 -2
738 737 2
738 738 2
738 739 -2
738 740 2
739 734 4
739 737 2
739 738 -2
739 739 2
739 740 4
740 732 2
740 735 2
740 737 -2
740 738 2
740 739 4
740 740 -2
741 742 2
741 745 2
742 741 2
742 743 2
742 745 2
742 746 2
743 742 2
743 744 2
743 746 2
743 747 2
744 743 2
744 745 2
744 746 2
744 747 2
745 741 2
745 742 2
745 744 2
745 746 2
746 742 2
746 743 2
746 744 2
746 745 2
746 747 4
747 743 2
747 744 2
747 746 4
747 747 4
748 748 4
748 749 2
748 751 2
749 748 2
749 749 4
749 750 2
749 752 2
749 754 2
750 749 2
750 750 4
750 751 2
750 753 2
750 756 2
751 748 2
751 750 2
751 751 4
751 752 -2
751 754 2
752 749 2
752 751 -2
752 752 4
752 753 2
752 756 -2
753 750 2
753 752 2
753 753 4
753 755 4
754 749 2
754 751 2
754 754 4
755 753 2
755 755 4
755 756 2
756 750 2
756 752 -2
756 755 4
756 756 4
757 758 4
758 757 4
758 759 4
759 758 4
759 759 4
760 760 4
760 761 2
760 763 2
761 760 2
761 761 4
761 762 2
761 763 -2
761 764 -2
762 761 2
762 762 4
762 763 2
762 764 4
763 760 2
763 761 -2
763 762 2
763 763 4
763 764 -2
764 761 -2
764 762 4
764 763 -2
765 765 -4
765 766 2
765 767 2
766 765 2
766 766 -4
766 767 2
766 768 2
766 769 2
767 765 2
767 766 2
767 767 -4
767 768 2
767 769 2
768 766 2
768 767 2
768 768 -4
768 769 4
769 766 2
769 767 2
769 768 4
770 771 4
771 770 4
771 772 4
772 771 4
772 772 -4
773 773 4
774 774 4
775 775 4
776 776 4
777 778 2
777 779 2
778 777 2
778 779 4
778 780 6
779 777 2
779 778 4
779 780 6
780 778 2
780 779 2
781 781 4
781 782 4
782 781 4
782 782 4
785 786 4
785 787 4
786 785 4
786 786 4
786 788 4
787 785 4
787 787 -4
787 788 4
788 786 4
788 787 4
789 789 4
789 790 2
789 792 2
790 789 2
790 790 4
790 791 2
790 793 2
790 795 2
791 790 2
791 791 4
791 792 2
791 794 2
791 797 2
792 789 2
792 791 2
792 792 4
792 793 -2
792 795 2
793 790 2
793 792 -2
793 793 4
793 794 2
793 797 -2
794 791 2
794 793 2
794 794 4
794 796 4
795 790 2
795 792 2
795 795 4
796 794 2
796 796 4
796 797 2
797 791 2
797 793 -2
797 796 4
797 797 4
798 798 8
798 799 2
798 800 2
799 798 2
799 799 8
799 800 2
799 801 2
799 802 2
800 798 2
800 799 2
800 800 8
800 802 2
800 803 2
801 799 2
801 801 8
801 802 2
801 803 2
801 804 2
802 799 2
802 800 2
802 801 2
802 802 8
802 803 2
802 804 4
803 800 2
803 801 2
803 802 2
803 803 8
803 804 2
804 801 2
804 802 4
804 803 2
804 804 12
805 805 4
805 806 2
805 808 2
806 805 2
806 806 4
806 807 2
806 808 -2
806 809 -2
807 806 2
807 807 4
807 808 2
807 809 4
808 805 2
808 806 -2
808 807 2
808 808 4
808 809 -2
809 806 -2
809 807 4
809 808 -2
810 810 8
810 811 2
810 812 2
811 810 2
811 811 8
811 812 2
811 813 2
811 814 2
812 810 2
812 811 2
812 812 8
812 813 2
812 814 2
813 811 2
813 812 2
813 813 8
813 814 4
814 811 2
814 812 2
814 813 4
814 814 12
815 816 4
816 815 4
816 817 4
817 816 4
817 817 -4
818 818 8
819 819 4
820 820 4
821 821 4
822 822 8
822 823 2
822 824 2
823 822 2
823 823 8
823 824 4
823 825 6
824 822 2
824 823 4
824 824 8
824 825 6
825 823 2
825 824 2
825 825 8
826 826 4
826 827 4
827 826 4
827 827 4
828 828 12
830 830 8
830 831 4
831 830 4
831 831 12
832 832 4
832 833 4
833 832 8
833 834 8
834 833 4
834 834 -4
835 835 2
835 836 4
836 835 4
836 836 2
836 837 4
837 836 4
837 837 6
838 838 6
838 839 2
838 841 2
839 838 2
839 839 6
839 840 2
839 841 -2
839 842 -2
840 839 2
840 840 6
840 841 2
840 842 4
841 838 2
841 839 -2
841 840 2
841 841 6
841 842 -2
842 839 -2
842 840 4
842 841 -2
842 842 2
843 843 6
844 844 6
845 845 6
846 846 6
847 847 -2
847 848 2
847 849 2
848 847 2
848 848 -2
848 849 4
848 850 6
849 847 2
849 848 4
849 849 -2
849 850 6
850 848 2
850 849 2
850 850 -2
851 851 2
851 852 4
852 851 4
852 852 2
853 853 2
854 854 2
855 855 2
855 856 4
856 855 4
856 856 6
857 857 6
857 858 4
858 857 4
858 858 2
859 859 6
860 860 6
861 861 6
862 862 10
862 863 2
862 864 2
863 862 2
863 863 10
863 864 4
863 865 6
864 862 2
864 863 4
864 864 10
864 865 6
865 863 2
865 864 2
865 865 10
866 866 2
866 867 4
867 866 4
867 867 2
868 868 10
869 869 2
870 870 10
870 871 4
871 870 4
871 871 14
872 872 6
872 873 4
873 872 4
873 873 2
874 874 14
875 875 2
876 876 2
877 877 -2
877 878 4
878 877 4
878 878 2
879 879 2
879 880 4
880 879 4
880 880 -2
881 881 6
882 882 2
882 883 4
883 882 4
883 883 -2
884 884 10
885 885 14
886 886 6
887 887 -2
888 888 -2
889 889 2
890 890 2
891 891 2
892 892 -4
892 893 2
892 896 2
893 892 2
893 893 -4
893 894 2
893 896 2
893 897 2
894 893 2
894 894 -4
894 895 2
894 897 2
894 898 2
895 894 2
895 895 -4
895 896 2
895 897 2
895 898 2
896 892 2
896 893 2
896 895 2
896 896 -4
896 897 2
897 893 2
897 894 2
897 895 2
897 896 2
897 897 -4
897 898 4
898 894 2
898 895 2
898 897 4
899 900 2
899 902 2
900 899 2
900 901 2
900 903 2
900 905 2
901 900 2
901 902 2
901 904 2
901 907 2
902 899 2
902 901 2
902 903 -2
902 905 2
903 900 2
903 902 -2
903 904 2
903 907 -2
904 901 2
904 903 2
904 906 4
905 900 2
905 902 2
906 904 2
906 907 2
907 901 2
907 903 -2
907 906 4
908 908 -2
908 909 4
909 908 4
909 909 -2
909 910 4
910 909 4
910 910 2
911 911 2
911 912 2
911 914 2
912 911 2
912 912 2
912 913 2
912 914 -2
912 915 -2
913 912 2
913 913 2
913 914 2
913 915 4
914 911 2
914 912 -2
914 913 2
914 914 2
914 915 -2
915 912 -2
915 913 4
915 914 -2
915 915 -2
916 916 2
917 917 2
918 918 2
919 919 2
920 920 -6
920 921 2
920 922 2
921 920 2
921 921 -6
921 922 4
921 923 6
922 920 2
922 921 4
922 922 -6
922 923 6
923 921 2
923 922 2
923 923 -6
924 924 -2
924 925 4
925 924 4
925 925 -2
926 926 -2
927 927 -2
928 928 -2
928 929 4
929 928 4
929 929 2
930 930 2
930 931 4
931 930 4
931 931 -2
932 932 2
932 933 2
932 935 2
933 932 2
933 933 2
933 934 2
933 935 -2
933 936 -2
934 933 2
934 934 2
934 935 2
934 936 4
935 932 2
935 933 -2
935 934 2
935 935 2
935 936 -2
936 933 -2
936 934 4
936 935 -2
936 936 -2
937 937 6
937 938 2
937 939 2
938 937 2
938 938 6
938 939 2
938 940 2
938 941 2
939 937 2
939 938 2
939 939 6
939 940 2
939 941 2
940 938 2
940 939 2
940 940 6
940 941 4
941 938 2
941 939 2
941 940 4
941 941 10
942 942 2
943 943 2
944 944 2
945 945 6
945 946 2
945 947 2
946 945 2
946 946 6
946 947 4
946 948 6
947 945 2
947 946 4
947 947 6
947 948 6
948 946 2
948 947 2
948 948 6
949 949 -2
949 950 4
950 949 4
950 950 -2
951 951 6
952 952 -2
953 953 6
953 954 4
954 953 4
954 954 10
955 955 2
955 956 4
956 955 4
956 956 -2
957 957 10
958 958 4
959 959 4
960 960 4
961 961 4
964 964 -4
964 965 4
965 964 4
966 967 4
967 966 4
967 967 -4
968 968 4
970 970 8
970 971 4
971 970 4
971 971 12
972 973 4
973 972 4
973 973 -4
974 974 8
975 975 12
976 976 4
980 980 8
981 981 -4
982 982 -4
983 983 4
984 984 4
985 985 4
986 986 8
986 987 2
986 988 2
987 986 2
987 987 8
987 988 4
987 989 6
988 986 2
988 987 4
988 988 8
988 989 6
989 987 2
989 988 2
989 989 8
991 991 8
991 992 4
992 991 4
992 992 12
993 994 4
994 993 4
994 994 -4
995 995 8
996 996 12
997 997 4
998 998 8
998 999 4
999 998 4
999 999 12
1000 1000 12
1000 1001 4
1001 1000 4
1001 1001 8
1002 1002 8
1003 1003 8
1004 1004 12
1005 1005 12
1006 1006 12
1008 1008 8
1009 1009 8
1010 1010 8
1011 1011 -4
1012 1012 2
1013 1013 2
1014 1014 2
1015 1015 2
1016 1016 14
1017 1017 2
1018 1018 10
1019 1019 -2
1020 1020 -2
1021 1021 10
1022 1022 -2
1023 1023 -6
1023 1024 4
1024 1023 4
1024 1024 -6
1024 1025 4
1025 1024 4
1025 1025 -2
1026 1026 -2
1026 1027 2
1026 1029 2
1027 1026 2
1027 1027 -2
1027 1028 2
1027 1029 -2
1027 1030 -2
1028 1027 2
1028 1028 -2
1028 1029 2
1028 1030 4
1029 1026 2
1029 1027 -2
1029 1028 2
1029 1029 -2
1029 1030 -2
1030 1027 -2
1030 1028 4
1030 1029 -2
1030 1030 -6
1035 1035 -4
1036 1036 -4
1037 1037 -8
1037 1038 4
1038 1037 4
1038 1038 -4
1039 1039 -4
1039 1040 4
1040 1039 4
1040 1040 -8
1045 1045 4
1045 1046 2
1045 1047 2
1046 1045 2
1046 1046 4
1046 1047 4
1046 1048 6
1047 1045 2
1047 1046 4
1047 1047 4
1047 1048 6
1048 1046 2
1048 1047 2
1048 1048 4
1049 1049 -4
1050 1050 4
1050 1051 4
1051 1050 4
1051 1051 8
1052 1052 -4
1052 1053 4
1053 1052 4
1053 1053 -8
1054 1054 4
1055 1055 8
1057 1057 -2
1058 1058 -2
1059 1059 -2
1060 1060 -2
1061 1061 10
1062 1062 -2
1063 1063 6
1064 1064 -6
1065 1065 -6
1066 1066 -2
1067 1067 6
1067 1068 4
1068 1067 4
1068 1068 10
1069 1069 10
1070 1070 -2
1071 1071 6
1072 1072 10
1073 1073 10
1074 1074 6
1075 1075 6
1076 1076 6
1077 1077 -6
1078 1078 -4
1079 1079 8
1080 1080 -4
1081 1081 12
1082 1082 8
1083 1083 -4
1084 1084 8
1085 1085 8
1086 1086 -4
1087 1087 -4
1088 1088 -4
1089 1089 -4
1090 1090 -6
1091 1091 -6
1092 1092 -6
1093 1093 -6
1094 1094 -6
1095 1095 2
1095 1096 4
1096 1095 4
1096 1096 6
1097 1097 6
1098 1098 -6
1099 1099 2
1100 1100 -8
1101 1101 4
1102 1102 -8
1103 1103 8
1104 1104 4
1105 1105 -8
1106 1106 4
1107 1107 4
1108 1108 6
1109 1109 -10
1110 1110 -10
1111 1111 -12
1112 1112 4
1114 1114 -12
1115 1115 2
1116 1116 -2
1117 1117 -6
1117 1118 2
1117 1123 2
1118 1117 2
1118 1118 -6
1118 1119 2
1118 1124 2
1118 1129 2
1119 1118 2
1119 1119 -6
1119 1120 2
1119 1125 2
1119 1134 2
1120 1119 2
1120 1120 -6
1120 1121 2
1120 1126 2
1120 1138 2
1121 1120 2
1121 1121 -6
1121 1122 2
1121 1127 2
1121 1140 2
1122 1121 2
1122 1122 -6
1122 1123 2
1122 1128 2
1122 1141 2
1123 1117 2
1123 1122 2
1123 1123 -6
1123 1124 2
1123 1129 2
1124 1118 2
1124 1123 2
1124 1124 -6
1124 1125 2
1124 1141 2
1125 1119 2
1125 1124 2
1125 1125 -6
1125 1126 2
1125 1129 2
1125 1130 2
1125 1142 2
1126 1120 2
1126 1125 2
1126 1126 -6
1126 1127 2
1126 1131 2
1126 1134 2
1126 1143 2
1127 1121 2
1127 1126 2
1127 1127 -6
1127 1128 2
1127 1132 2
1127 1138 2
1127 1144 2
1128 1122 2
1128 1127 2
1128 1128 -6
1128 1129 2
1128 1133 2
1128 1140 2
1128 1142 2
1129 1118 2
1129 1123 2
1129 1125 2
1129 1128 2
1129 1129 -6
1129 1134 2
1129 1141 2
1130 1125 2
1130 1130 -6
1130 1131 2
1130 1139 2
1130 1141 2
1131 1126 2
1131 1130 2
1131 1131 -6
1131 1132 2
1131 1135 2
1131 1142 2
1131 1145 2
1132 1127 2
1132 1131 2
1132 1132 -6
1132 1133 2
1132 1136 2
1132 1143 2
1132 1146 2
1133 1128 2
1133 1132 2
1133 1133 -6
1133 1134 2
1133 1137 2
1133 1143 2
1133 1144 2
1134 1119 2
1134 1126 2
1134 1129 2
1134 1133 2
1134 1134 -6
1134 1138 2
1134 1142 2
1135 1131 2
1135 1135 -6
1135 1136 4
1135 1139 2
1136 1132 2
1136 1135 4
1136 1136 -6
1136 1137 2
1136 1145 4
1137 1133 2
1137 1136 2
1137 1137 -6
1137 1138 2
1137 1139 2
1137 1144 2
1137 1146 2
1138 1120 2
1138 1127 2
1138 1134 2
1138 1137 2
1138 1138 -6
1138 1140 2
1138 1143 2
1139 1130 2
1139 1135 2
1139 1137 2
1139 1139 -6
1139 1140 2
1139 1142 2
1139 1145 2
1140 1121 2
1140 1128 2
1140 1138 2
1140 1139 2
1140 1140 -6
1140 1141 2
1140 1144 2
1141 1122 2
1141 1124 2
1141 1129 2
1141 1130 2
1141 1140 2
1141 1141 -6
1141 1142 2
1142 1125 2
1142 1128 2
1142 1131 2
1142 1134 2
1142 1139 2
1142 1141 2
1142 1142 -6
1142 1143 2
1142 1144 2
1143 1126 2
1143 1132 2
1143 1133 2
1143 1138 2
1143 1142 2
1143 1143 -6
1143 1144 2
1143 1145 2
1143 1146 2
1144 1127 2
1144 1133 2
1144 1137 2
1144 1140 2
1144 1142 2
1144 1143 2
1144 1144 -6
1144 1145 2
1144 1146 2
1145 1131 2
1145 1136 4
1145 1139 2
1145 1143 2
1145 1144 2
1145 1145 -6
1145 1146 4
1146 1132 2
1146 1137 2
1146 1143 2
1146 1144 2
1146 1145 4
1146 1146 -2
1147 1147 -8
1147 1148 2
1147 1153 2
1148 1147 2
1148 1148 -8
1148 1149 2
1148 1153 2
1148 1154 2
1149 1148 2
1149 1149 -8
1149 1150 2
1149 1154 2
1149 1155 2
1150 1149 2
1150 1150 -8
1150 1151 2
1150 1155 2
1150 1156 2
1151 1150 2
1151 1151 -8
1151 1152 2
1151 1156 2
1151 1157 2
1152 1151 2
1152 1152 -8
1152 1153 2
1152 1154 2
1152 1157 2
1153 1147 2
1153 1148 2
1153 1152 2
1153 1153 -8
1153 1154 2
1154 1148 2
1154 1149 2
1154 1152 2
1154 1153 2
1154 1154 -8
1154 1155 2
1154 1157 2
1155 1149 2
1155 1150 2
1155 1154 2
1155 1155 -8
1155 1156 2
1155 1157 2
1155 1158 2
1156 1150 2
1156 1151 2
1156 1155 2
1156 1156 -8
1156 1157 2
1156 1158 4
1157 1151 2
1157 1152 2
1157 1154 2
1157 1155 2
1157 1156 2
1157 1157 -8
1157 1158 2
1158 1155 2
1158 1156 4
1158 1157 2
1158 1158 -4
1159 1159 -4
1159 1160 2
1159 1164 2
1160 1159 2
1160 1160 -4
1160 1161 2
1160 1165 2
1160 1169 2
1161 1160 2
1161 1161 -4
1161 1162 2
1161 1166 2
1161 1173 2
1162 1161 2
1162 1162 -4
1162 1163 2
1162 1167 2
1162 1175 2
1163 1162 2
1163 1163 -4
1163 1164 2
1163 1168 2
1163 1176 2
1164 1159 2
1164 1163 2
1164 1164 -4
1164 1165 -2
1164 1169 2
1165 1160 2
1165 1164 -2
1165 1165 -4
1165 1166 2
1165 1176 -2
1166 1161 2
1166 1165 2
1166 1166 -4
1166 1167 2
1166 1169 -2
1166 1170 2
1166 1177 -2
1167 1162 2
1167 1166 2
1167 1167 -4
1167 1168 2
1167 1171 2
1167 1173 -2
1167 1178 -2
1168 1163 2
1168 1167 2
1168 1168 -4
1168 1169 2
1168 1172 2
1168 1175 -2
1168 1177 2
1169 1160 2
1169 1164 2
1169 1166 -2
1169 1168 2
1169 1169 -4
1169 1173 2
1169 1176 -2
1170 1166 2
1170 1170 -4
1170 1171 2
1170 1174 2
1170 1176 2
1171 1167 2
1171 1170 2
1171 1171 -4
1171 1172 2
1171 1177 2
1172 1168 2
1172 1171 2
1172 1172 -4
1172 1173 2
1172 1174 2
1172 1178 4
1173 1161 2
1173 1167 -2
1173 1169 2
1173 1172 2
1173 1173 -4
1173 1175 2
1173 1177 -2
1174 1170 2
1174 1172 2
1174 1174 -4
1174 1175 2
1174 1177 -2
1175 1162 2
1175 1168 -2
1175 1173 2
1175 1174 2
1175 1175 -4
1175 1176 2
1175 1178 -2
1176 1163 2
1176 1165 -2
1176 1169 -2
1176 1170 2
1176 1175 2
1176 1176 -4
1176 1177 2
1177 1166 -2
1177 1168 2
1177 1171 2
1177 1173 -2
1177 1174 -2
1177 1176 2
1177 1177 -4
1178 1167 -2
1178 1172 4
1178 1175 -2
1178 1178 -4
1179 1179 -6
1179 1180 4
1180 1179 4
1180 1180 -6
1180 1181 4
1181 1180 4
1181 1181 -6
1181 1182 4
1182 1181 4
1182 1182 -2
1183 1183 -2
1183 1184 2
1183 1188 2
1184 1183 2
1184 1184 -2
1184 1185 2
1184 1188 -2
1184 1189 -2
1185 1184 2
1185 1185 -2
1185 1186 2
1185 1189 2
1185 1190 -2
1186 1185 2
1186 1186 -2
1186 1187 2
1186 1190 2
1186 1191 -2
1187 1186 2
1187 1187 -2
1187 1188 2
1187 1189 2
1187 1191 2
1188 1183 2
1188 1184 -2
1188 1187 2
1188 1188 -2
1188 1189 -2
1189 1184 -2
1189 1185 2
1189 1187 2
1189 1188 -2
1189 1189 -2
1189 1190 2
1189 1191 -2
1190 1185 -2
1190 1186 2
1190 1189 2
1190 1190 -2
1190 1191 4
1190 1192 -6
1191 1186 -2
1191 1187 2
1191 1189 -2
1191 1190 4
1191 1191 -2
1191 1192 6
1192 1190 -2
1192 1191 2
1192 1192 -2
1193 1193 -2
1194 1194 -2
1195 1195 -2
1196 1196 -2
1197 1197 -10
1197 1198 2
1197 1201 2
1198 1197 2
1198 1198 -10
1198 1199 2
1198 1201 2
1198 1202 2
1199 1198 2
1199 1199 -10
1199 1200 2
1199 1202 2
1199 1203 2
1200 1199 2
1200 1200 -10
1200 1201 2
1200 1202 2
1200 1203 2
1201 1197 2
1201 1198 2
1201 1200 2
1201 1201 -10
1201 1202 2
1202 1198 2
1202 1199 2
1202 1200 2
1202 1201 2
1202 1202 -10
1202 1203 4
1203 1199 2
1203 1200 2
1203 1202 4
1203 1203 -6
1204 1204 -6
1204 1205 2
1204 1207 2
1205 1204 2
1205 1205 -6
1205 1206 2
1205 1208 2
1205 1210 2
1206 1205 2
1206 1206 -6
1206 1207 2
1206 1209 2
1206 1212 2
1207 1204 2
1207 1206 2
1207 1207 -6
1207 1208 -2
1207 1210 2
1208 1205 2
1208 1207 -2
1208 1208 -6
1208 1209 2
1208 1212 -2
1209 1206 2
1209 1208 2
1209 1209 -6
1209 1211 4
1210 1205 2
1210 1207 2
1210 1210 -6
1211 1209 2
1211 1211 -6
1211 1212 2
1212 1206 2
1212 1208 -2
1212 1211 4
1212 1212 -6
1213 1213 -6
1214 1214 -6
1215 1215 -6
1215 1216 4
1216 1215 4
1216 1216 -6
1216 1217 4
1217 1216 4
1217 1217 -2
1218 1218 -2
1218 1219 2
1218 1221 2
1219 1218 2
1219 1219 -2
1219 1220 2
1219 1221 -2
1219 1222 -2
1220 1219 2
1220 1220 -2
1220 1221 2
1220 1222 4
1221 1218 2
1221 1219 -2
1221 1220 2
1221 1221 -2
1221 1222 -2
1222 1219 -2
1222 1220 4
1222 1221 -2
1222 1222 -6
1223 1223 -2
1223 1224 4
1224 1223 4
1224 1224 -6
1225 1225 -6
1225 1228 4
1226 1226 -6
1226 1229 4
1227 1227 -6
1227 1230 4
1228 1225 4
1228 1228 -2
1229 1226 4
1229 1229 -2
1230 1227 4
1230 1230 -2
1231 1231 -10
1231 1232 2
1231 1233 2
1232 1231 2
1232 1232 -10
1232 1233 4
1232 1234 6
1233 1231 2
1233 1232 4
1233 1233 -10
1233 1234 6
1234 1232 2
1234 1233 2
1234 1234 -10
1235 1235 -6
1235 1236 4
1236 1235 4
1236 1236 -6
1237 1237 -10
1237 1238 4
1238 1237 4
1238 1238 -10
1238 1239 4
1239 1238 4
1239 1239 -10
1239 1240 4
1240 1239 4
1240 1240 -6
1241 1241 -6
1241 1242 2
1241 1246 2
1242 1241 2
1242 1242 -6
1242 1243 2
1242 1246 -2
1242 1247 -2
1243 1242 2
1243 1243 -6
1243 1244 2
1243 1247 2
1243 1248 -2
1244 1243 2
1244 1244 -6
1244 1245 2
1244 1248 2
1244 1249 -2
1245 1244 2
1245 1245 -6
1245 1246 2
1245 1247 2
1245 1249 2
1246 1241 2
1246 1242 -2
1246 1245 2
1246 1246 -6
1246 1247 -2
1247 1242 -2
1247 1243 2
1247 1245 2
1247 1246 -2
1247 1247 -6
1247 1248 2
1247 1249 -2
1248 1243 -2
1248 1244 2
1248 1247 2
1248 1248 -6
1248 1249 4
1248 1250 -6
1249 1244 -2
1249 1245 2
1249 1247 -2
1249 1248 4
1249 1249 -6
1249 1250 6
1250 1248 -2
1250 1249 2
1250 1250 -6
1251 1251 -4
1252 1252 -4
1253 1253 -4
1254 1254 -4
1255 1255 -8
1256 1256 -8
1257 1257 -12
1257 1258 4
1258 1257 4
1258 1258 -12
1258 1259 4
1259 1258 4
1259 1259 -8
1260 1260 -8
1260 1261 2
1260 1263 2
1261 1260 2
1261 1261 -8
1261 1262 2
1261 1263 -2
1261 1264 -2
1262 1261 2
1262 1262 -8
1262 1263 2
1262 1264 4
1263 1260 2
1263 1261 -2
1263 1262 2
1263 1263 -8
1263 1264 -2
1264 1261 -2
1264 1262 4
1264 1263 -2
1264 1264 -12
1265 1265 -4
1266 1266 -4
1267 1267 -4
1268 1268 -4
1269 1269 -8
1269 1270 4
1270 1269 4
1270 1270 -12
1271 1271 -12
1271 1272 4
1272 1271 4
1272 1272 -8
1273 1273 -4
1274 1274 -4
1275 1275 -4
1276 1277 2
1276 1280 2
1277 1276 2
1277 1278 2
1277 1280 2
1277 1281 2
1278 1277 2
1278 1279 2
1278 1281 2
1278 1282 2
1279 1278 2
1279 1280 2
1279 1281 2
1279 1282 2
1280 1276 2
1280 1277 2
1280 1279 2
1280 1281 2
1281 1277 2
1281 1278 2
1281 1279 2
1281 1280 2
1281 1282 4
1282 1278 2
1282 1279 2
1282 1281 4
1282 1282 4
1283 1283 -8
1284 1285 4
1285 1284 4
1285 1286 4
1286 1285 4
1286 1286 4
1287 1287 -8
1287 1288 2
1287 1290 2
1288 1287 2
1288 1288 -8
1288 1289 2
1288 1290 -2
1288 1291 -2
1289 1288 2
1289 1289 -8
1289 1290 2
1289 1291 4
1290 1287 2
1290 1288 -2
1290 1289 2
1290 1290 -8
1290 1291 -2
1291 1288 -2
1291 1289 4
1291 1290 -2
1291 1291 -12
1292 1292 -4
1292 1293 2
1292 1294 2
1293 1292 2
1293 1293 -4
1293 1294 2
1293 1295 2
1293 1296 2
1294 1292 2
1294 1293 2
1294 1294 -4
1294 1295 2
1294 1296 2
1295 1293 2
1295 1294 2
1295 1295 -4
1295 1296 4
1296 1293 2
1296 1294 2
1296 1295 4
1297 1297 4
1298 1298 -4
1299 1299 -4
1300 1300 -4
1301 1302 2
1301 1303 2
1302 1301 2
1302 1303 4
1302 1304 6
1303 1301 2
1303 1302 4
1303 1304 6
1304 1302 2
1304 1303 2
1306 1306 -8
1306 1307 4
1307 1306 4
1307 1307 -12
1309 1309 -6
1310 1310 -6
1311 1311 -6
1312 1312 -6
1313 1313 -6
1314 1314 -6
1315 1315 -6
1316 1316 -6
1317 1317 6
1318 1318 -6
1319 1319 -6
1320 1320 -6
1321 1321 -2
1321 1322 2
1321 1323 2
1322 1321 2
1322 1322 -2
1322 1323 4
1322 1324 6
1323 1321 2
1323 1322 4
1323 1323 -2
1323 1324 6
1324 1322 2
1324 1323 2
1324 1324 -2
1325 1325 2
1326 1326 -6
1327 1327 2
1327 1328 4
1328 1327 4
1328 1328 6
1329 1329 -10
1330 1330 -10
1331 1331 -10
1332 1332 -2
1332 1333 4
1333 1332 4
1333 1333 2
1334 1334 -14
1334 1335 4
1335 1334 4
1335 1335 -10
1336 1336 -10
1336 1337 4
1337 1336 4
1337 1337 -14
1338 1338 -6
1339 1339 2
1340 1340 -6
1341 1341 -8
1342 1342 -8
1343 1343 -8
1344 1344 -8
1345 1345 -10
1346 1346 -10
1347 1347 -10
1348 1348 -10
1349 1349 -10
1350 1350 -10
1351 1351 -10
1352 1352 -10
1353 1353 -10
1354 1354 -2
1354 1355 4
1355 1354 4
1355 1355 -2
1355 1356 4
1356 1355 4
1356 1356 2
1357 1357 2
1358 1358 -10
1359 1359 -10
1360 1360 -10
1361 1361 -6
1361 1362 2
1361 1363 2
1362 1361 2
1362 1362 -6
1362 1363 4
1362 1364 6
1363 1361 2
1363 1362 4
1363 1363 -6
1363 1364 6
1364 1362 2
1364 1363 2
1364 1364 -6
1365 1365 -2
1366 1366 -10
1367 1367 -2
1367 1368 4
1368 1367 4
1368 1368 2
1369 1369 -12
1370 1370 -12
1372 1372 -12
1373 1373 -4
1373 1374 4
1374 1373 4
1376 1376 -12
1377 1377 -12
1378 1378 4
1380 1380 -12
1381 1381 -4
1381 1382 4
1382 1381 4
1385 1385 -4
1385 1386 4
1386 1385 4
1387 1388 4
1388 1387 4
1388 1388 -4
1389 1389 4
1393 1393 -12
1394 1394 -4
1395 1395 2
1396 1396 -14
1397 1397 -2
1398 1398 -14
1399 1399 -14
1400 1400 -14
1401 1401 -16
1402 1402 -16
1404 1404 -4
1405 1405 -16
1406 1406 -8
1406 1407 4
1407 1406 4
1407 1407 -4
1408 1408 -2
1409 1409 -18
1410 1410 -2
1411 1411 -2
1412 1412 -2
1413 1413 -2
1414 1414 -6
1415 1415 -18
1416 1416 -4
1417 1417 -6
1418 1418 -6
1419 1419 -8
1420 1420 -14
1420 1421 4
1421 1420 4
1421 1421 -14
1421 1422 4
1422 1421 4
1422 1422 -14
1422 1423 4
1423 1422 4
1423 1423 -14
1423 1424 4
1424 1423 4
1424 1424 -10
1425 1425 -12
1426 1426 -12
1427 1427 -12
1428 1428 -12
1429 1429 -12
1430 1430 -12
1431 1431 -14
1432 1432 -14
1433 1433 -14
1434 1434 -14
1435 1435 -14
1436 1436 -14
1437 1437 -14
1438 1438 -14
1439 1439 -14
1440 1440 -14
1441 1441 -14
1442 1442 -14
1443 1443 -18
1444 1444 -18
1445 1445 -20
1446 1446 -20
1447 1447 -20
1448 1448 -4
1449 1449 -8
1450 1450 -20
1451 1451 -12
1451 1452 4
1452 1451 4
1452 1452 -12
1452 1453 4
1453 1452 4
1453 1453 -8
1454 1454 -4
1455 1455 -12
1455 1456 4
1456 1455 4
1456 1456 -8
1457 1457 -20
1458 1458 -6
1459 1459 -6
1460 1460 -10
1461 1461 -22
1462 1462 -22
1463 1463 -10
1464 1464 -10
1465 1465 -10
1466 1466 -12
1467 1467 -12
1468 1468 -12
1469 1469 -12
1470 1470 -12
1471 1471 -16
1472 1472 -22
1473 1473 -20
1473 1473 0
