1 2 32
1 3 32
1 4 56
1 5 56
1 6 72
1 7 72
1 8 80
1 9 80
2 1 32
2 10 56
2 11 28
2 12 48
2 13 48
2 14 60
2 15 60
2 16 64
3 1 4
3 11 28
3 17 48
3 18 60
3 19 64
4 1 28
4 10 4
4 12 24
4 17 24
4 20 80
4 21 40
4 22 48
4 23 48
5 1 8
5 11 4
5 13 24
5 21 40
5 24 48
6 1 24
6 12 8
6 14 20
6 18 20
6 22 32
6 24 32
6 25 72
7 1 12
7 13 8
7 15 20
7 17 8
7 23 32
7 25 36
8 1 20
8 14 12
8 16 16
8 19 32
8 20 16
8 23 24
8 24 24
9 1 16
9 15 12
9 16 16
9 18 12
9 21 16
9 22 24
10 2 28
10 4 4
10 26 72
10 27 24
10 28 40
10 29 40
10 30 48
10 31 48
11 2 4
11 3 32
11 5 4
11 27 48
11 32 40
11 33 48
12 2 24
12 4 24
12 6 12
12 26 12
12 28 40
12 32 20
12 34 64
12 35 32
12 36 36
13 2 8
13 5 28
13 7 8
13 27 8
13 29 40
13 35 32
13 37 36
14 2 20
14 6 20
14 8 16
14 28 16
14 30 32
14 33 16
14 36 24
14 37 48
15 2 12
15 7 24
15 9 12
15 29 16
15 31 32
15 32 8
15 36 24
16 2 16
16 8 16
16 9 20
16 30 24
16 31 24
16 33 12
16 34 16
16 35 16
17 3 32
17 4 4
17 7 4
17 27 4
17 32 20
17 38 64
17 39 36
18 3 32
18 6 4
18 9 4
18 32 8
18 33 16
18 39 48
19 3 16
19 8 4
19 33 12
19 38 16
20 4 20
20 8 8
20 28 4
20 34 16
20 38 16
20 40 72
20 41 24
21 4 8
21 5 28
21 9 8
21 29 4
21 32 4
21 35 16
21 41 48
22 4 16
22 6 16
22 9 20
22 30 4
22 34 16
22 36 12
22 39 24
22 41 32
23 4 12
23 7 24
23 8 12
23 31 4
23 35 8
23 36 12
23 38 16
23 40 48
24 5 28
24 6 8
24 8 8
24 33 4
24 35 8
24 37 24
24 41 16
25 6 12
25 7 12
25 36 8
25 37 8
25 39 8
26 10 24
26 12 4
26 42 80
26 43 20
26 44 32
26 45 32
26 46 36
27 10 4
27 11 28
27 13 4
27 17 4
27 43 60
27 47 32
27 48 36
28 10 20
28 12 20
28 14 12
28 20 8
28 42 24
28 44 48
28 47 16
28 49 48
28 50 24
29 10 8
29 13 24
29 15 8
29 21 4
29 43 12
29 45 48
29 50 24
30 10 16
30 14 16
30 16 16
30 22 4
30 44 24
30 46 36
30 48 24
30 50 16
31 10 12
31 15 20
31 16 12
31 23 4
31 45 24
31 46 36
31 47 8
31 49 16
32 11 28
32 12 4
32 15 4
32 17 24
32 18 12
32 21 4
32 43 12
32 47 32
32 51 48
33 11 28
33 14 4
33 16 4
33 18 20
33 19 32
33 24 4
33 47 16
33 48 48
33 51 16
34 12 16
34 16 8
34 20 16
34 22 12
34 44 12
34 49 24
34 51 12
34 52 48
35 12 8
35 13 24
35 16 8
35 21 20
35 23 8
35 24 12
35 45 12
35 47 8
35 50 24
35 52 48
36 12 12
36 14 12
36 15 20
36 22 12
36 23 16
36 25 24
36 46 12
36 49 32
36 50 16
36 51 16
37 13 12
37 14 8
37 24 16
37 25 8
37 48 8
37 50 16
38 17 24
38 19 16
38 20 4
38 23 4
38 47 4
38 51 12
38 53 96
39 17 12
39 18 20
39 22 4
39 25 4
39 48 4
39 51 16
40 20 12
40 23 8
40 49 4
40 52 8
40 53 32
41 20 8
41 21 20
41 22 8
41 24 8
41 50 4
41 51 4
41 52 24
42 26 20
42 28 4
42 54 80
42 55 16
42 56 24
42 57 24
43 26 4
43 27 24
43 29 4
43 32 4
43 55 64
43 58 24
44 26 16
44 28 16
44 30 12
44 34 8
44 54 40
44 56 48
44 58 12
44 59 32
45 26 8
45 29 20
45 31 8
45 35 4
45 55 16
45 57 48
45 59 16
46 26 12
46 30 12
46 31 16
46 36 4
46 56 32
46 57 32
46 58 8
47 27 24
47 28 4
47 31 4
47 32 20
47 33 12
47 35 4
47 38 8
47 55 24
47 58 36
47 60 48
48 27 12
48 30 4
48 33 16
48 37 4
48 39 4
48 58 24
49 28 12
49 31 8
49 34 12
49 36 12
49 40 12
49 56 24
49 59 24
49 60 24
50 28 8
50 29 20
50 30 8
50 35 16
50 36 8
50 37 24
50 41 8
50 57 24
50 58 12
50 59 48
51 32 20
51 33 8
51 34 4
51 36 4
51 38 16
51 39 24
51 41 4
51 58 12
51 60 48
52 34 8
52 35 8
52 40 8
52 41 12
52 59 12
52 60 8
53 38 8
53 40 4
53 60 4
54 42 16
54 44 4
54 61 72
54 62 12
54 63 16
55 42 4
55 43 20
55 45 4
55 47 4
55 62 60
55 64 16
56 42 12
56 44 12
56 46 12
56 49 8
56 61 60
56 63 40
56 64 16
57 42 8
57 45 16
57 46 8
57 50 4
57 62 20
57 63 40
58 43 20
58 44 4
58 46 4
58 47 16
58 48 24
58 50 4
58 51 8
58 62 40
58 64 64
59 44 8
59 45 8
59 49 8
59 50 12
59 52 12
59 63 40
59 64 16
60 47 8
60 49 4
60 51 12
60 52 4
60 53 16
60 64 24
61 54 12
61 56 4
61 65 56
61 66 8
62 54 4
62 55 16
62 57 4
62 58 4
62 66 48
63 54 8
63 56 8
63 57 12
63 59 8
63 65 84
63 66 24
64 55 8
64 56 4
64 58 12
64 59 4
64 60 12
64 66 60
65 61 8
65 63 4
65 67 32
66 61 4
66 62 12
66 63 4
66 64 8
66 67 112
67 65 4
67 66 4
68 78 24
68 85 4
68 88 40
68 93 8
68 96 48
68 100 8
68 102 8
68 103 72
68 104 48
68 106 8
68 108 8
68 109 40
69 78 4
69 79 20
69 85 4
69 89 32
69 93 4
69 94 4
69 97 36
69 100 8
69 101 4
69 102 4
69 105 32
69 106 8
69 107 4
69 108 8
69 109 20
70 78 4
70 80 20
70 85 4
70 90 32
70 93 4
70 94 4
70 98 36
70 100 8
70 101 4
70 102 4
70 105 32
70 106 8
70 107 4
70 108 8
70 109 20
71 79 8
71 81 16
71 85 4
71 88 8
71 91 24
71 93 8
71 94 -4
71 95 4
71 98 24
71 100 8
71 102 8
71 104 16
71 106 12
71 107 -4
71 108 8
72 79 4
72 80 4
72 82 16
72 86 8
72 87 -4
72 92 24
72 94 8
72 99 72
72 100 -4
72 101 16
72 102 -8
72 105 16
72 107 16
73 80 8
73 83 16
73 85 4
73 88 8
73 91 24
73 93 8
73 94 -4
73 95 4
73 97 24
73 100 8
73 102 8
73 104 16
73 106 12
73 107 -4
73 108 8
74 81 12
74 83 12
74 85 4
74 89 16
74 90 16
74 93 8
74 95 -8
74 96 24
74 100 12
74 101 -8
74 102 8
74 106 8
74 108 12
75 81 4
75 82 8
75 84 12
75 86 4
75 87 4
75 90 8
75 92 16
75 94 8
75 97 12
75 101 4
75 102 -4
75 106 -4
75 107 4
75 108 -4
76 82 8
76 83 4
76 84 12
76 86 4
76 87 4
76 89 8
76 92 16
76 94 8
76 98 12
76 101 4
76 102 -4
76 106 -4
76 107 4
76 108 -4
77 84 8
77 87 4
77 91 8
77 95 8
77 107 -8
77 108 -4
78 68 24
78 69 4
78 70 4
78 110 40
78 115 4
78 118 32
78 122 8
78 124 36
78 126 8
78 128 8
78 129 60
78 130 32
78 131 8
79 69 20
79 71 8
79 72 4
79 110 8
79 111 32
79 115 4
79 119 24
79 122 4
79 123 4
79 125 24
79 126 8
79 127 4
79 128 4
79 130 16
79 131 8
80 70 20
80 72 4
80 73 8
80 110 8
80 112 32
80 115 4
80 120 24
80 122 4
80 123 4
80 125 24
80 126 8
80 127 4
80 128 4
80 130 16
80 131 8
81 71 16
81 74 12
81 75 4
81 111 16
81 113 24
81 115 4
81 118 8
81 120 16
81 122 8
81 123 -4
81 124 12
81 126 8
81 127 -4
81 128 8
81 131 8
82 72 16
82 75 8
82 76 8
82 111 8
82 112 8
82 114 24
82 116 8
82 117 -4
82 121 48
82 123 8
82 125 12
82 126 -4
82 127 16
82 128 -8
83 73 16
83 74 12
83 76 4
83 112 16
83 113 24
83 115 4
83 118 8
83 119 16
83 122 8
83 123 -4
83 124 12
83 126 8
83 127 -4
83 128 8
83 131 8
84 75 12
84 76 12
84 77 24
84 113 8
84 114 32
84 116 4
84 117 8
84 119 8
84 120 8
84 123 8
84 127 -4
84 128 -4
84 131 -8
85 68 4
85 69 4
85 70 4
85 71 4
85 73 4
85 74 4
85 115 24
85 132 40
85 135 48
85 138 40
85 139 48
86 72 8
86 75 4
86 76 4
86 115 4
86 116 20
86 133 32
86 136 36
86 138 -20
87 72 -4
87 75 4
87 76 4
87 77 12
87 116 8
87 117 16
87 132 8
87 136 -24
87 139 -16
88 68 20
88 71 4
88 73 4
88 110 4
88 118 16
88 132 4
88 140 48
88 142 8
88 144 24
88 145 8
88 146 8
88 147 48
89 69 16
89 74 8
89 76 4
89 111 4
89 118 4
89 119 12
89 132 4
89 141 32
89 142 4
89 143 4
89 144 12
89 145 8
89 146 4
90 70 16
90 74 8
90 75 4
90 112 4
90 118 4
90 120 12
90 132 4
90 141 32
90 142 4
90 143 4
90 144 12
90 145 8
90 146 4
91 71 12
91 73 12
91 77 12
91 113 4
91 119 8
91 120 8
91 132 4
91 140 32
91 142 8
91 143 -8
91 145 4
91 146 8
92 72 12
92 75 8
92 76 8
92 114 4
92 119 4
92 120 4
92 121 24
92 133 8
92 141 16
92 143 8
92 145 -4
92 146 -8
93 68 8
93 69 4
93 70 4
93 71 8
93 73 8
93 74 8
93 115 4
93 122 20
93 142 32
93 148 36
93 150 32
94 69 4
94 70 4
94 71 -4
94 72 8
94 73 -4
94 75 8
94 76 8
94 116 4
94 122 4
94 123 16
94 143 24
94 150 -16
95 71 4
95 73 4
95 74 -8
95 77 24
95 117 4
95 123 8
95 142 8
95 143 -16
95 148 -12
96 68 16
96 74 8
96 118 8
96 124 12
96 135 4
96 144 16
96 148 8
96 151 72
96 152 8
97 69 12
97 73 8
97 75 4
97 119 8
97 124 4
97 125 8
97 135 4
97 144 8
97 148 4
97 152 4
98 70 12
98 71 8
98 76 4
98 120 8
98 124 4
98 125 8
98 135 4
98 144 8
98 148 4
98 152 4
99 72 8
99 121 8
99 125 4
99 136 4
99 152 -4
100 68 8
100 69 8
100 70 8
100 71 8
100 72 -4
100 73 8
100 74 12
100 122 8
100 126 16
100 132 8
100 145 24
100 152 24
101 69 4
101 70 4
101 72 16
101 74 -8
101 75 4
101 76 4
101 123 8
101 126 4
101 127 12
101 133 8
101 152 -12
102 68 8
102 69 4
102 70 4
102 71 8
102 72 -8
102 73 8
102 74 8
102 75 -4
102 76 -4
102 128 20
102 138 20
102 146 32
102 150 32
102 152 36
103 68 4
103 129 20
103 147 32
103 151 36
104 68 12
104 71 4
104 73 4
104 124 12
104 130 8
104 139 4
104 140 16
104 147 24
104 150 8
105 69 8
105 70 8
105 72 4
105 125 12
105 130 8
105 139 4
105 141 16
106 68 8
106 69 8
106 70 8
106 71 12
106 73 12
106 74 8
106 75 -4
106 76 -4
106 126 12
106 131 12
106 135 12
106 142 16
106 146 16
107 69 4
107 70 4
107 71 -4
107 72 16
107 73 -4
107 75 4
107 76 4
107 77 -24
107 127 12
107 131 4
107 136 12
107 143 16
107 146 -8
108 68 8
108 69 8
108 70 8
108 71 8
108 73 8
108 74 12
108 75 -4
108 76 -4
108 77 -12
108 128 8
108 131 16
108 139 16
108 145 24
108 148 24
109 68 8
109 69 4
109 70 4
109 129 12
109 130 16
109 138 4
109 144 24
110 78 20
110 79 4
110 80 4
110 88 4
110 153 48
110 157 4
110 159 24
110 161 8
110 163 24
110 164 8
110 165 8
110 166 48
111 79 16
111 81 8
111 82 4
111 89 4
111 153 12
111 154 36
111 157 4
111 160 16
111 161 4
111 162 4
111 163 12
111 164 8
111 165 4
112 80 16
112 82 4
112 83 8
112 90 4
112 153 12
112 155 36
112 157 4
112 160 16
112 161 4
112 162 4
112 163 12
112 164 8
112 165 4
113 81 12
113 83 12
113 84 4
113 91 4
113 154 24
113 155 24
113 157 4
113 159 16
113 161 8
113 162 -8
113 164 4
113 165 8
114 82 12
114 84 16
114 92 4
114 154 12
114 155 12
114 156 72
114 158 8
114 160 8
114 162 8
114 164 -4
114 165 -8
115 78 4
115 79 4
115 80 4
115 81 4
115 83 4
115 85 24
115 86 4
115 93 4
115 157 40
115 167 32
115 170 36
115 172 32
116 82 8
116 84 4
116 86 20
116 87 8
116 94 4
116 157 8
116 158 32
116 168 24
116 172 -16
117 82 -4
117 84 8
117 87 16
117 95 4
117 158 16
117 167 8
117 168 -16
117 170 -12
118 78 16
118 81 4
118 83 4
118 88 16
118 89 4
118 90 4
118 96 12
118 153 12
118 159 24
118 167 4
118 173 32
118 174 8
118 175 36
118 176 8
119 79 12
119 83 8
119 84 4
119 89 12
119 91 8
119 92 4
119 97 12
119 154 12
119 159 8
119 160 16
119 167 4
119 173 16
119 174 4
119 176 4
120 80 12
120 81 8
120 84 4
120 90 12
120 91 8
120 92 4
120 98 12
120 155 12
120 159 8
120 160 16
120 167 4
120 173 16
120 174 4
120 176 4
121 82 8
121 92 8
121 99 12
121 156 12
121 160 8
121 168 4
121 176 -4
122 78 8
122 79 4
122 80 4
122 81 8
122 83 8
122 93 20
122 94 4
122 100 8
122 157 8
122 161 32
122 174 24
122 177 24
123 79 4
123 80 4
123 81 -4
123 82 8
123 83 -4
123 84 8
123 94 16
123 95 8
123 101 8
123 158 8
123 161 8
123 162 24
123 177 -12
124 78 12
124 81 4
124 83 4
124 96 12
124 97 4
124 98 4
124 104 16
124 159 16
124 163 16
124 170 4
124 175 24
124 177 8
125 79 8
125 80 8
125 82 4
125 97 8
125 98 8
125 99 12
125 105 16
125 160 16
125 163 16
125 170 4
126 78 8
126 79 8
126 80 8
126 81 8
126 82 -4
126 83 8
126 100 16
126 101 4
126 106 12
126 161 16
126 164 24
126 167 8
126 176 16
127 79 4
127 80 4
127 81 -4
127 82 16
127 83 -4
127 84 -4
127 101 12
127 107 12
127 162 16
127 164 8
127 168 8
127 176 -8
128 78 8
128 79 4
128 80 4
128 81 8
128 82 -8
128 83 8
128 84 -4
128 102 20
128 108 8
128 165 32
128 172 16
128 176 24
128 177 24
129 78 4
129 103 24
129 109 4
129 166 32
129 175 24
130 78 8
130 79 4
130 80 4
130 104 8
130 105 8
130 109 20
130 163 24
130 166 24
130 172 4
130 173 16
131 78 8
131 79 8
131 80 8
131 81 8
131 83 8
131 84 -8
131 106 12
131 107 4
131 108 16
131 164 24
131 165 16
131 170 12
131 174 16
132 85 20
132 87 4
132 88 4
132 89 4
132 90 4
132 91 4
132 100 4
132 157 4
132 167 16
132 178 48
132 180 24
133 86 16
133 92 8
133 101 4
133 158 4
133 167 4
133 168 12
133 180 -12
134 169 20
134 179 32
134 181 36
135 85 16
135 96 4
135 97 4
135 98 4
135 106 4
135 167 8
135 170 12
135 180 16
136 86 12
136 87 -8
136 99 12
136 107 4
136 168 8
136 170 4
136 180 -8
137 169 8
137 171 16
137 181 -24
138 85 8
138 86 -4
138 102 4
138 109 4
138 172 16
138 180 24
139 85 12
139 87 -4
139 104 4
139 105 4
139 108 4
139 170 12
139 172 8
139 178 16
140 88 12
140 91 8
140 104 8
140 159 4
140 173 8
140 178 4
140 182 72
140 183 8
141 89 8
141 90 8
141 92 4
141 105 8
141 160 4
141 173 8
141 178 4
142 88 8
142 89 4
142 90 4
142 91 8
142 93 16
142 95 4
142 106 8
142 161 4
142 167 4
142 174 12
142 183 32
143 89 4
143 90 4
143 91 -8
143 92 8
143 94 12
143 95 -8
143 107 8
143 162 4
143 168 4
143 174 4
143 183 -16
144 88 8
144 89 4
144 90 4
144 96 8
144 97 4
144 98 4
144 109 20
144 163 4
144 173 16
144 175 12
144 180 4
145 88 8
145 89 8
145 90 8
145 91 4
145 92 -4
145 100 12
145 108 12
145 164 4
145 174 8
145 176 8
145 178 16
146 88 8
146 89 4
146 90 4
146 91 8
146 92 -8
146 102 16
146 106 8
146 107 -4
146 165 4
146 176 12
146 180 12
146 183 32
147 88 4
147 103 24
147 104 4
147 166 4
147 175 12
147 182 48
148 93 12
148 95 -4
148 96 8
148 97 4
148 98 4
148 108 8
148 170 4
148 174 8
148 177 8
149 171 4
149 179 -8
149 181 12
150 93 8
150 94 -4
150 102 8
150 104 8
150 172 4
150 177 12
150 183 16
151 96 4
151 103 12
151 175 8
152 96 8
152 97 4
152 98 4
152 99 -12
152 100 8
152 101 -4
152 102 12
152 176 8
152 177 8
152 180 8
153 110 16
153 111 4
153 112 4
153 118 4
153 184 48
153 186 4
153 188 16
153 189 8
153 190 36
153 191 8
154 111 12
154 113 8
154 114 4
154 119 4
154 184 16
154 185 32
154 186 4
154 188 8
154 189 4
154 191 4
155 112 12
155 113 8
155 114 4
155 120 4
155 184 16
155 185 32
155 186 4
155 188 8
155 189 4
155 191 4
156 114 8
156 121 4
156 185 16
156 187 4
156 191 -4
157 110 4
157 111 4
157 112 4
157 113 4
157 115 20
157 116 4
157 122 4
157 132 4
157 186 48
157 192 24
157 194 24
158 114 8
158 116 16
158 117 8
158 123 4
158 133 4
158 186 12
158 187 36
158 194 -12
159 110 12
159 113 8
159 118 12
159 119 4
159 120 4
159 124 12
159 140 8
159 184 24
159 188 24
159 192 4
159 195 48
159 196 8
160 111 8
160 112 8
160 114 4
160 119 8
160 120 8
160 121 12
160 125 12
160 141 8
160 185 24
160 188 24
160 192 4
161 110 8
161 111 4
161 112 4
161 113 8
161 122 16
161 123 4
161 126 8
161 142 4
161 186 12
161 189 36
161 196 16
162 111 4
162 112 4
162 113 -8
162 114 8
162 123 12
162 127 8
162 143 4
162 187 12
162 189 12
162 196 -8
163 110 8
163 111 4
163 112 4
163 124 8
163 125 8
163 130 16
163 144 4
163 188 24
163 190 36
163 194 4
164 110 8
164 111 8
164 112 8
164 113 4
164 114 -4
164 126 12
164 127 4
164 131 12
164 145 4
164 189 24
164 191 24
164 192 8
165 110 8
165 111 4
165 112 4
165 113 8
165 114 -8
165 128 16
165 131 8
165 146 4
165 191 36
165 194 12
165 196 16
166 110 4
166 129 20
166 130 4
166 147 4
166 190 36
166 195 16
167 115 16
167 117 4
167 118 4
167 119 4
167 120 4
167 126 4
167 132 16
167 133 4
167 135 12
167 142 4
167 186 12
167 192 24
167 197 32
168 116 12
168 117 -8
168 121 12
168 127 4
168 133 12
168 136 12
168 143 4
168 187 12
168 192 8
168 197 -16
169 134 20
169 137 8
169 193 32
169 198 24
170 115 12
170 117 -4
170 124 4
170 125 4
170 131 4
170 135 12
170 136 4
170 139 16
170 148 4
170 192 16
170 194 16
171 137 16
171 149 4
171 193 16
171 198 -16
172 115 8
172 116 -4
172 128 4
172 130 4
172 138 20
172 139 8
172 150 4
172 194 24
172 197 16
173 118 8
173 119 4
173 120 4
173 130 8
173 140 8
173 141 8
173 144 12
173 188 12
173 195 24
173 197 4
174 118 8
174 119 4
174 120 4
174 122 12
174 131 8
174 142 12
174 143 4
174 145 8
174 148 12
174 189 12
174 192 8
174 196 16
175 118 4
175 124 4
175 129 20
175 144 4
175 147 16
175 151 24
175 190 12
175 195 32
176 118 8
176 119 4
176 120 4
176 121 -12
176 126 8
176 127 -4
176 128 12
176 145 8
176 146 12
176 152 12
176 191 12
176 196 16
176 197 16
177 122 8
177 123 -4
177 124 8
177 128 8
177 148 8
177 150 16
177 152 8
177 194 8
177 196 16
178 132 12
178 139 8
178 140 4
178 141 4
178 145 4
178 192 4
178 197 8
179 134 16
179 149 -4
179 193 4
179 198 12
180 132 8
180 133 -4
180 135 8
180 136 -4
180 138 20
180 144 4
180 146 4
180 152 4
180 194 4
180 197 16
181 134 12
181 137 -8
181 149 4
181 198 8
182 140 4
182 147 8
182 195 4
183 140 8
183 142 8
183 143 -4
183 146 8
183 150 8
183 196 4
183 197 4
184 153 12
184 154 4
184 155 4
184 159 4
184 199 40
184 200 4
184 201 24
184 202 8
185 154 8
185 155 8
185 156 12
185 160 4
185 199 40
185 200 4
186 153 4
186 154 4
186 155 4
186 157 16
186 158 4
186 161 4
186 167 4
186 200 48
186 203 16
187 156 12
187 158 12
187 162 4
187 168 4
187 200 16
187 203 -8
188 153 8
188 154 4
188 155 4
188 159 8
188 160 8
188 163 12
188 173 8
188 199 40
188 201 48
188 203 4
189 153 8
189 154 4
189 155 4
189 161 12
189 162 4
189 164 8
189 174 4
189 200 16
189 202 32
190 153 4
190 163 4
190 166 16
190 175 4
190 201 32
191 153 8
191 154 4
191 155 4
191 156 -12
191 164 8
191 165 12
191 176 4
191 202 32
191 203 8
192 157 12
192 159 4
192 160 4
192 164 4
192 167 12
192 168 4
192 170 12
192 174 4
192 178 8
192 200 24
192 203 24
193 169 16
193 171 8
193 179 4
193 204 36
194 157 8
194 158 -4
194 163 4
194 165 4
194 170 8
194 172 16
194 177 4
194 180 4
194 203 24
195 159 4
195 166 8
195 173 4
195 175 12
195 182 12
195 201 24
196 159 8
196 161 8
196 162 -4
196 165 8
196 174 8
196 176 8
196 177 12
196 183 8
196 202 24
196 203 12
197 167 8
197 168 -4
197 172 8
197 173 4
197 176 4
197 178 8
197 180 12
197 183 4
197 203 12
198 169 12
198 171 -8
198 179 12
198 181 12
198 204 12
199 184 8
199 185 8
199 188 4
199 205 72
199 206 4
200 184 4
200 185 4
200 186 12
200 187 4
200 189 4
200 192 4
200 206 40
201 184 4
201 188 4
201 190 12
201 195 8
201 205 60
202 184 8
202 189 8
202 191 8
202 196 4
202 206 20
203 186 8
203 187 -4
203 188 4
203 191 4
203 192 8
203 194 12
203 196 4
203 197 8
203 206 40
204 193 12
204 198 4
205 199 4
205 201 4
206 199 4
206 200 8
206 202 4
206 203 4
207 221 16
207 228 4
207 237 24
207 240 8
207 245 24
207 246 8
207 249 8
207 253 12
207 255 80
207 256 8
207 257 8
207 259 8
208 221 4
208 222 12
208 228 4
208 238 16
208 240 4
208 241 4
208 245 12
208 246 8
208 247 4
208 250 4
208 256 4
208 258 4
208 260 4
209 221 4
209 223 12
209 230 4
209 239 16
209 241 4
209 242 4
209 245 12
209 247 4
209 248 8
209 249 8
209 251 4
209 253 12
209 257 8
209 258 4
209 259 8
210 221 4
210 224 12
210 230 4
210 239 16
210 242 4
210 243 4
210 245 12
210 247 -4
210 248 8
210 249 8
210 250 4
210 253 12
210 257 8
210 258 4
210 259 8
211 221 4
211 225 12
211 228 4
211 238 16
211 240 4
211 243 4
211 245 12
211 246 8
211 247 -4
211 251 4
211 256 4
211 258 4
211 260 4
212 222 8
212 225 8
212 228 4
212 237 16
212 240 8
212 241 -4
212 243 -4
212 246 4
212 250 4
212 251 4
212 256 8
212 260 -8
213 222 4
213 223 4
213 226 8
213 229 4
213 232 -4
213 233 4
213 238 8
213 241 4
213 244 4
213 246 -4
213 247 4
213 249 -4
213 252 12
213 254 12
213 256 -4
213 260 4
214 222 4
214 224 4
214 227 8
214 230 4
214 239 8
214 242 4
214 244 -4
214 248 8
214 250 8
214 256 4
214 257 4
214 258 4
214 259 4
215 222 4
215 225 4
215 226 8
215 229 4
215 231 4
215 234 -4
215 239 8
215 241 4
215 243 4
215 256 -8
215 257 -4
216 223 8
216 224 8
216 235 8
216 237 16
216 241 -4
216 242 8
216 243 -4
216 249 8
216 250 4
216 251 4
216 253 12
216 257 12
216 259 8
217 223 4
217 224 4
217 227 8
217 235 8
217 238 8
217 244 8
217 246 4
217 250 4
217 251 4
217 258 12
217 259 8
218 223 4
218 225 4
218 227 8
218 230 4
218 239 8
218 242 4
218 244 -4
218 248 8
218 251 8
218 256 4
218 257 4
218 258 4
218 259 4
219 224 4
219 225 4
219 226 8
219 231 4
219 232 4
219 236 4
219 238 8
219 243 4
219 244 4
219 246 -4
219 247 -4
219 249 -4
219 252 12
219 254 12
219 256 -4
219 260 4
220 226 8
220 227 8
220 233 4
220 234 4
220 236 4
220 248 -8
220 250 -4
220 251 -4
220 258 4
220 260 8
221 207 16
221 208 4
221 209 4
221 210 4
221 211 4
221 261 24
221 264 4
221 269 16
221 270 8
221 273 60
221 274 8
221 275 8
221 277 12
221 279 8
222 208 12
222 212 8
222 213 4
222 214 4
222 215 4
222 261 8
222 262 16
222 264 4
222 269 8
222 270 4
222 271 4
222 274 4
222 276 4
223 209 12
223 213 4
223 216 8
223 217 4
223 218 4
223 261 8
223 263 16
223 266 4
223 269 8
223 271 4
223 272 8
223 275 8
223 276 4
223 277 12
223 279 8
224 210 12
224 214 4
224 216 8
224 217 4
224 219 4
224 261 8
224 263 16
224 266 4
224 269 8
224 271 -4
224 272 8
224 275 8
224 276 4
224 277 12
224 279 8
225 211 12
225 212 8
225 215 4
225 218 4
225 219 4
225 261 8
225 262 16
225 264 4
225 269 8
225 270 4
225 271 -4
225 274 4
225 276 4
226 213 8
226 215 8
226 219 8
226 220 8
226 262 16
226 263 8
226 265 4
226 267 4
226 268 4
226 274 -8
226 275 -4
226 278 12
227 214 8
227 217 8
227 218 8
227 220 8
227 262 8
227 263 16
227 266 4
227 274 4
227 276 4
227 279 8
228 207 4
228 208 4
228 211 4
228 212 4
228 264 16
228 280 24
228 287 24
228 290 8
228 294 8
229 213 4
229 215 4
229 264 4
229 265 12
229 281 16
229 283 4
229 284 -4
229 287 -12
229 288 8
229 289 -4
229 291 4
229 292 -12
229 293 4
230 209 4
230 210 4
230 214 4
230 218 4
230 264 4
230 266 12
230 282 32
230 284 4
230 285 -4
230 287 12
230 290 12
230 294 16
231 215 4
231 219 4
231 264 4
231 267 12
231 281 -16
231 283 -4
231 285 4
231 287 -12
231 288 -8
231 289 4
231 291 4
231 292 12
231 293 -4
232 213 -4
232 219 4
232 265 8
232 267 -8
232 283 8
232 284 -4
232 285 -4
232 288 4
232 292 -12
232 293 8
233 213 4
233 220 4
233 265 4
233 266 4
233 268 8
233 281 -8
233 284 4
233 286 -12
233 288 -4
233 289 4
233 290 -4
233 291 4
233 293 4
234 215 -4
234 220 4
234 265 4
234 267 4
234 268 -8
234 282 -16
234 284 -4
234 285 4
234 294 8
235 216 4
235 217 4
235 266 8
235 280 8
235 284 -4
235 285 4
235 290 8
235 294 8
236 219 4
236 220 4
236 266 4
236 267 4
236 268 8
236 281 8
236 285 -4
236 286 12
236 288 4
236 289 -4
236 290 -4
236 291 4
236 293 -4
237 207 12
237 212 8
237 216 8
237 261 4
237 269 8
237 280 4
237 295 80
237 296 8
237 297 8
237 298 12
238 208 8
238 211 8
238 213 4
238 217 4
238 219 4
238 262 4
238 269 8
238 280 4
239 209 8
239 210 8
239 214 4
239 215 4
239 218 4
239 263 4
239 269 8
239 282 8
239 297 8
239 298 12
240 207 8
240 208 4
240 211 4
240 212 8
240 264 4
240 270 12
240 296 16
240 300 8
241 208 4
241 209 4
241 212 -4
241 213 4
241 215 4
241 216 -4
241 265 4
241 270 4
241 271 8
241 283 -4
241 284 4
241 296 -8
241 299 4
241 301 -12
242 209 4
242 210 4
242 214 4
242 216 8
242 218 4
242 266 4
242 270 4
242 272 16
242 296 8
242 300 12
243 210 4
243 211 4
243 212 -4
243 215 4
243 216 -4
243 219 4
243 267 4
243 270 4
243 271 -8
243 283 4
243 285 -4
243 296 -8
243 299 -4
243 301 12
244 213 4
244 214 -4
244 217 8
244 218 -4
244 219 4
244 268 4
244 272 8
244 284 -4
244 285 4
244 300 -4
245 207 8
245 208 4
245 209 4
245 210 4
245 211 4
245 269 8
245 273 20
245 287 4
245 302 12
246 207 8
246 208 8
246 211 8
246 212 4
246 213 -4
246 217 4
246 219 -4
246 270 8
246 274 8
246 280 8
246 303 8
247 208 4
247 209 4
247 210 -4
247 211 -4
247 213 4
247 219 -4
247 271 8
247 281 8
247 288 -4
247 289 4
248 209 4
248 210 4
248 214 4
248 218 4
248 220 -4
248 272 8
248 274 4
248 282 8
248 303 4
249 207 8
249 209 8
249 210 8
249 213 -4
249 216 8
249 219 -4
249 275 12
249 290 4
249 297 16
249 300 8
249 302 36
249 303 16
250 208 4
250 210 4
250 212 4
250 214 8
250 216 4
250 217 4
250 220 -4
250 275 4
250 276 8
250 290 4
250 297 8
250 300 4
250 303 8
251 209 4
251 211 4
251 212 4
251 216 4
251 217 4
251 218 8
251 220 -4
251 275 4
251 276 8
251 290 4
251 297 8
251 300 4
251 303 8
252 213 4
252 219 4
252 276 4
252 291 4
252 303 -8
253 207 4
253 209 4
253 210 4
253 216 4
253 277 16
253 298 24
253 302 24
254 213 4
254 219 4
254 277 4
254 278 12
254 302 -12
255 207 4
255 273 12
255 295 16
256 207 8
256 208 4
256 211 4
256 212 8
256 213 -4
256 214 4
256 215 -8
256 218 4
256 219 -4
256 274 12
256 287 12
256 296 16
257 207 8
257 209 8
257 210 8
257 214 4
257 215 -4
257 216 12
257 218 4
257 275 8
257 279 8
257 294 8
257 298 24
257 300 8
258 208 4
258 209 4
258 210 4
258 211 4
258 214 4
258 217 12
258 218 4
258 220 4
258 276 8
258 279 8
258 294 8
259 207 8
259 209 8
259 210 8
259 214 4
259 216 8
259 217 8
259 218 4
259 277 12
259 279 12
259 290 4
259 297 16
260 208 4
260 211 4
260 212 -8
260 213 4
260 219 4
260 220 8
260 278 12
260 279 4
260 291 4
260 297 -8
261 221 12
261 222 4
261 223 4
261 224 4
261 225 4
261 237 4
261 304 24
261 305 4
261 308 40
261 309 8
261 310 8
261 311 12
262 222 8
262 225 8
262 226 8
262 227 4
262 238 4
262 304 24
262 305 4
263 223 8
263 224 8
263 226 4
263 227 8
263 239 4
263 304 24
263 307 8
263 310 8
263 311 12
264 221 4
264 222 4
264 225 4
264 228 16
264 229 4
264 230 4
264 231 4
264 240 4
264 305 24
264 312 16
264 316 8
265 226 4
265 229 12
265 232 8
265 233 4
265 234 4
265 241 4
265 305 8
265 306 16
265 312 -8
265 313 4
265 314 -4
265 315 4
265 317 -12
266 223 4
266 224 4
266 227 4
266 230 12
266 233 4
266 235 16
266 236 4
266 242 4
266 305 8
266 307 32
266 312 8
266 316 12
267 226 4
267 231 12
267 232 -8
267 234 4
267 236 4
267 243 4
267 305 8
267 306 -16
267 312 -8
267 313 -4
267 314 4
267 315 -4
267 317 12
268 226 4
268 233 8
268 234 -8
268 236 8
268 244 4
268 307 16
268 316 -4
269 221 8
269 222 4
269 223 4
269 224 4
269 225 4
269 237 8
269 238 8
269 239 8
269 245 12
269 304 12
269 308 40
269 312 4
269 318 12
270 221 8
270 222 4
270 225 4
270 240 12
270 241 4
270 242 4
270 243 4
270 246 8
270 305 8
270 309 16
270 320 8
271 222 4
271 223 4
271 224 -4
271 225 -4
271 241 8
271 243 -8
271 247 8
271 306 8
271 313 -4
271 314 4
271 319 12
272 223 4
272 224 4
272 242 8
272 244 4
272 248 8
272 307 8
272 309 8
272 320 4
273 221 4
273 245 4
273 255 16
273 308 16
274 221 8
274 222 4
274 225 4
274 226 -8
274 227 4
274 246 8
274 248 8
274 256 12
274 309 16
274 312 8
275 221 8
275 223 8
275 224 8
275 226 -4
275 249 12
275 250 4
275 251 4
275 257 8
275 310 16
275 316 4
275 318 24
275 320 16
276 222 4
276 223 4
276 224 4
276 225 4
276 227 4
276 250 8
276 251 8
276 252 12
276 258 8
276 310 16
276 316 4
277 221 4
277 223 4
277 224 4
277 253 16
277 254 4
277 259 4
277 311 24
277 318 16
278 226 4
278 254 12
278 260 4
278 311 8
278 318 -8
279 221 8
279 223 8
279 224 8
279 227 8
279 257 8
279 258 8
279 259 12
279 260 4
279 310 16
279 311 24
279 316 4
280 228 12
280 235 8
280 237 4
280 238 4
280 246 4
280 305 4
280 312 8
280 323 8
281 229 8
281 231 -8
281 233 -4
281 236 4
281 247 4
281 306 4
281 322 12
282 230 8
282 234 -4
282 239 4
282 248 4
282 307 4
282 312 4
282 323 4
283 229 4
283 231 -4
283 232 8
283 241 -4
283 243 4
283 313 12
283 321 16
283 324 36
283 325 8
284 229 -4
284 230 4
284 232 -4
284 233 4
284 234 -4
284 235 -8
284 241 4
284 244 -4
284 313 4
284 314 8
284 321 8
284 325 4
285 230 -4
285 231 4
285 232 -4
285 234 4
285 235 8
285 236 -4
285 243 -4
285 244 4
285 313 4
285 314 8
285 321 8
285 325 4
286 233 -4
286 236 4
286 314 4
286 325 -4
287 228 8
287 229 -4
287 230 4
287 231 -4
287 245 4
287 256 4
287 312 8
288 229 8
288 231 -8
288 232 4
288 233 -4
288 236 4
288 247 -4
288 313 8
288 315 8
288 322 24
288 325 -8
289 229 -4
289 231 4
289 233 4
289 236 -4
289 247 4
289 314 8
289 315 8
290 228 8
290 230 12
290 233 -4
290 235 16
290 236 -4
290 249 4
290 250 4
290 251 4
290 259 4
290 316 12
290 323 32
291 229 4
291 231 4
291 233 4
291 236 4
291 252 12
291 260 4
291 316 4
291 323 -16
292 229 -4
292 231 4
292 232 -4
292 317 16
292 322 -24
292 324 -24
293 229 4
293 231 -4
293 232 8
293 233 4
293 236 -4
293 315 12
293 317 -12
293 321 16
294 228 4
294 230 8
294 234 4
294 235 8
294 257 4
294 258 4
294 316 8
295 237 4
295 255 8
295 308 4
296 237 8
296 240 8
296 241 -4
296 242 4
296 243 -4
296 256 8
296 309 4
296 312 4
297 237 8
297 239 8
297 249 8
297 250 4
297 251 4
297 259 8
297 260 -4
297 310 4
297 318 12
297 323 8
298 237 4
298 239 4
298 253 12
298 257 4
298 311 4
298 318 8
299 241 4
299 243 -4
299 315 4
299 319 12
299 321 -8
299 325 4
300 240 8
300 242 12
300 244 -4
300 249 8
300 250 4
300 251 4
300 257 8
300 316 4
300 320 16
301 241 -4
301 243 4
301 317 4
301 319 -12
301 324 12
302 245 4
302 249 4
302 253 8
302 254 -4
302 318 8
303 246 4
303 248 4
303 249 8
303 250 4
303 251 4
303 252 -12
303 320 8
303 323 8
304 261 8
304 262 8
304 263 8
304 269 4
304 326 80
304 327 4
304 328 12
305 261 4
305 262 4
305 264 12
305 265 4
305 266 4
305 267 4
305 270 4
305 280 4
305 327 24
305 331 8
306 265 8
306 267 -8
306 271 4
306 281 4
306 330 12
307 263 4
307 266 8
307 268 4
307 272 4
307 282 4
307 327 12
307 331 4
308 261 4
308 269 4
308 273 12
308 295 8
308 326 24
309 261 8
309 270 8
309 272 8
309 274 8
309 296 4
309 327 12
310 261 8
310 263 8
310 275 8
310 276 8
310 279 8
310 297 4
310 328 36
310 331 8
311 261 4
311 263 4
311 277 12
311 278 4
311 279 4
311 298 4
311 328 24
312 264 8
312 265 -4
312 266 4
312 267 -4
312 269 4
312 274 4
312 280 8
312 282 8
312 287 12
312 296 4
312 327 12
313 265 4
313 267 -4
313 271 -4
313 283 12
313 284 4
313 285 4
313 288 8
313 329 16
313 332 24
314 265 -4
314 267 4
314 271 4
314 284 8
314 285 8
314 286 12
314 289 8
314 329 16
315 265 4
315 267 -4
315 288 8
315 289 8
315 293 12
315 299 4
315 329 16
315 330 24
316 264 8
316 266 12
316 268 -4
316 275 4
316 276 4
316 279 4
316 290 12
316 291 4
316 294 16
316 300 4
316 331 32
317 265 -4
317 267 4
317 292 16
317 293 -4
317 301 4
317 330 -24
317 332 -16
318 269 4
318 275 4
318 277 8
318 278 -4
318 297 4
318 298 8
318 302 12
318 328 12
319 271 4
319 299 4
319 301 -12
319 330 8
319 332 -8
320 270 4
320 272 4
320 275 8
320 300 8
320 303 8
320 331 8
321 283 8
321 284 4
321 285 4
321 293 8
321 299 -4
321 329 4
321 332 12
322 281 4
322 288 4
322 292 -12
322 330 4
322 332 8
323 280 4
323 282 4
323 290 8
323 291 -4
323 297 4
323 303 4
323 331 4
324 283 4
324 292 -8
324 301 4
324 332 8
325 283 8
325 284 4
325 285 4
325 286 -12
325 288 -8
325 299 4
326 304 4
326 308 4
327 304 4
327 305 8
327 307 8
327 309 4
327 312 4
328 304 4
328 310 4
328 311 8
328 318 4
329 313 8
329 314 8
329 315 8
329 321 4
329 333 36
330 306 4
330 315 4
330 317 -12
330 319 4
330 322 4
330 333 24
331 305 4
331 307 4
331 310 4
331 316 8
331 320 4
331 323 4
332 313 4
332 317 -8
332 319 -4
332 321 4
332 322 8
332 324 12
332 333 12
333 329 4
333 330 8
333 332 4
334 338 8
334 339 4
334 342 56
334 343 8
334 344 8
334 345 12
334 348 20
334 349 8
335 338 8
335 339 4
336 338 8
336 341 4
336 344 8
336 347 24
336 348 20
336 349 8
337 338 8
337 341 4
337 344 8
337 345 12
338 334 8
338 335 8
338 336 8
338 337 8
338 350 56
338 351 4
338 352 20
338 353 12
339 334 4
339 335 4
339 351 8
339 356 8
340 355 20
340 358 -12
341 336 4
341 337 4
341 351 8
341 356 8
342 334 4
342 350 4
343 334 8
343 351 4
344 334 8
344 336 8
344 337 8
344 352 20
344 356 4
344 360 24
345 334 4
345 337 4
345 353 8
345 360 8
346 357 -4
346 358 4
347 336 4
347 353 4
347 360 4
348 334 4
348 336 4
348 352 8
349 334 8
349 336 8
349 353 12
349 356 4
350 338 4
350 342 4
351 338 4
351 339 8
351 341 8
351 343 4
352 338 4
352 344 4
352 348 8
353 338 4
353 345 8
353 347 8
353 349 4
354 361 20
354 363 12
355 340 4
355 361 8
356 339 8
356 341 8
356 344 4
356 349 4
357 346 -4
357 362 8
357 363 -8
358 340 -4
358 346 4
358 362 8
359 362 4
359 363 4
360 344 4
360 345 4
360 347 4
361 354 4
361 355 8
362 357 8
362 358 8
362 359 4
363 354 4
363 357 -8
363 359 4
365 365 0
