1 2 32
1 3 32
1 4 56
1 5 56
1 6 72
1 7 72
1 8 80
1 9 80
2 1 16
2 10 56
2 11 28
2 12 48
2 13 48
2 14 60
2 15 60
2 16 64
3 1 2
3 11 28
3 17 48
3 18 60
3 19 64
4 1 28
4 10 4
4 12 24
4 17 24
4 20 80
4 21 40
4 22 48
4 23 48
5 1 8
5 11 4
5 13 24
5 21 40
5 24 48
6 1 24
6 12 8
6 14 20
6 18 20
6 22 32
6 24 32
6 25 72
7 1 12
7 13 8
7 15 20
7 17 8
7 23 32
7 25 36
8 1 20
8 14 12
8 16 16
8 19 32
8 20 16
8 23 24
8 24 24
9 1 16
9 15 12
9 16 16
9 18 12
9 21 16
9 22 24
10 2 14
10 26 72
10 27 24
10 28 40
10 29 40
10 30 48
10 31 48
11 2 2
11 3 16
11 27 48
11 32 40
11 33 48
12 2 24
12 4 12
12 6 6
12 26 12
12 28 40
12 32 20
12 34 64
12 35 32
12 36 36
13 2 8
13 5 14
13 7 4
13 27 8
13 29 40
13 35 32
13 37 36
14 2 20
14 6 10
14 8 8
14 28 16
14 30 32
14 33 16
14 36 24
14 37 48
15 2 12
15 7 12
15 9 6
15 29 16
15 31 32
15 32 8
15 36 24
16 2 16
16 8 8
16 9 10
16 30 24
16 31 24
16 33 12
16 34 16
16 35 16
17 3 32
17 4 2
17 7 2
17 27 4
17 32 20
17 38 64
17 39 36
18 3 32
18 6 2
18 9 2
18 32 8
18 33 16
18 39 48
19 3 16
19 8 2
19 33 12
19 38 16
20 4 20
20 8 8
20 28 4
20 34 16
20 38 16
20 40 72
20 41 24
21 4 8
21 5 28
21 9 8
21 29 4
21 32 4
21 35 16
21 41 48
22 4 16
22 6 16
22 9 20
22 30 4
22 34 16
22 36 12
22 39 24
22 41 32
23 4 12
23 7 24
23 8 12
23 31 4
23 35 8
23 36 12
23 38 16
23 40 48
24 5 28
24 6 8
24 8 8
24 33 4
24 35 8
24 37 24
24 41 16
25 6 12
25 7 12
25 36 8
25 37 8
25 39 8
26 10 12
26 42 80
26 43 20
26 44 32
26 45 32
26 46 36
27 10 2
27 11 14
27 43 60
27 47 32
27 48 36
28 10 20
28 12 10
28 14 6
28 42 24
28 44 48
28 47 16
28 49 48
28 50 24
29 10 8
29 13 12
29 15 4
29 43 12
29 45 48
29 50 24
30 10 16
30 14 8
30 16 8
30 44 24
30 46 36
30 48 24
30 50 16
31 10 12
31 15 10
31 16 6
31 45 24
31 46 36
31 47 8
31 49 16
32 11 28
32 12 2
32 15 2
32 17 12
32 18 6
32 43 12
32 47 32
32 51 48
33 11 28
33 14 2
33 16 2
33 18 10
33 19 16
33 47 16
33 48 48
33 51 16
34 12 16
34 16 8
34 20 8
34 22 6
34 44 12
34 49 24
34 51 12
34 52 48
35 12 8
35 13 24
35 16 8
35 21 10
35 23 4
35 24 6
35 45 12
35 47 8
35 50 24
35 52 48
36 12 12
36 14 12
36 15 20
36 22 6
36 23 8
36 25 12
36 46 12
36 49 32
36 50 16
36 51 16
37 13 12
37 14 8
37 24 8
37 25 4
37 48 8
37 50 16
38 17 24
38 19 16
38 20 2
38 23 2
38 47 4
38 51 12
38 53 96
39 17 12
39 18 20
39 22 2
39 25 2
39 48 4
39 51 16
40 20 12
40 23 8
40 49 4
40 52 8
40 53 32
41 20 8
41 21 20
41 22 8
41 24 8
41 50 4
41 51 4
41 52 24
42 26 10
42 54 80
42 55 16
42 56 24
42 57 24
43 26 2
43 27 12
43 55 64
43 58 24
44 26 16
44 28 8
44 30 6
44 54 40
44 56 48
44 58 12
44 59 32
45 26 8
45 29 10
45 31 4
45 55 16
45 57 48
45 59 16
46 26 12
46 30 6
46 31 8
46 56 32
46 57 32
46 58 8
47 27 24
47 28 2
47 31 2
47 32 10
47 33 6
47 55 24
47 58 36
47 60 48
48 27 12
48 30 2
48 33 8
48 58 24
49 28 12
49 31 8
49 34 6
49 36 6
49 56 24
49 59 24
49 60 24
50 28 8
50 29 20
50 30 8
50 35 8
50 36 4
50 37 12
50 57 24
50 58 12
50 59 48
51 32 20
51 33 8
51 34 2
51 36 2
51 38 8
51 39 12
51 58 12
51 60 48
52 34 8
52 35 8
52 40 4
52 41 6
52 59 12
52 60 8
53 38 8
53 40 2
53 60 4
54 42 8
54 61 72
54 62 12
54 63 16
55 42 2
55 43 10
55 62 60
55 64 16
56 42 12
56 44 6
56 46 6
56 61 60
56 63 40
56 64 16
57 42 8
57 45 8
57 46 4
57 62 20
57 63 40
58 43 20
58 44 2
58 46 2
58 47 8
58 48 12
58 62 40
58 64 64
59 44 8
59 45 8
59 49 4
59 50 6
59 63 40
59 64 16
60 47 8
60 49 2
60 51 6
60 64 24
61 54 6
61 65 56
61 66 8
62 54 2
62 55 8
62 66 48
63 54 8
63 56 4
63 57 6
63 65 84
63 66 24
64 55 8
64 56 2
64 58 6
64 66 60
65 61 4
65 67 32
66 61 2
66 62 6
66 67 112
68 78 24
68 85 4
68 88 32
68 96 36
68 100 4
68 102 4
68 104 32
68 106 4
68 108 4
68 109 20
69 78 4
69 79 20
69 85 4
69 86 -4
69 88 8
69 89 24
69 93 12
69 96 6
69 97 24
69 100 4
69 101 2
69 102 2
69 103 36
69 104 8
69 105 16
69 106 8
69 107 2
69 108 8
69 109 10
70 78 4
70 80 20
70 85 4
70 86 4
70 88 8
70 90 24
70 93 4
70 96 6
70 98 24
70 100 4
70 101 2
70 102 10
70 103 36
70 104 8
70 105 16
70 106 8
70 107 2
70 108 8
70 109 10
71 79 8
71 81 16
71 85 4
71 87 -4
71 89 8
71 91 16
71 93 8
71 96 6
71 97 6
71 98 12
71 100 14
71 105 8
71 106 6
71 108 4
71 109 10
72 79 4
72 80 4
72 82 16
72 86 8
72 87 -4
72 88 8
72 89 8
72 90 8
72 92 16
72 94 8
72 97 6
72 98 6
72 99 36
72 100 4
72 101 8
72 102 8
72 105 16
72 107 12
72 108 4
72 109 20
73 80 8
73 83 16
73 85 4
73 87 4
73 90 8
73 91 16
73 93 8
73 96 6
73 97 12
73 98 6
73 100 6
73 105 8
73 106 6
73 108 12
73 109 10
74 81 12
74 83 12
74 85 4
74 89 8
74 90 8
74 91 8
74 93 8
74 97 6
74 98 6
74 100 12
74 101 -4
74 102 4
74 104 16
74 106 12
74 107 -4
75 81 4
75 82 8
75 84 12
75 86 4
75 87 4
75 89 8
75 91 8
75 92 16
75 94 8
75 95 -4
75 96 6
75 98 12
75 99 18
75 101 12
75 104 8
75 105 8
75 106 2
75 107 -2
76 82 8
76 83 4
76 84 12
76 86 4
76 87 4
76 90 8
76 91 8
76 92 16
76 94 8
76 95 4
76 96 6
76 97 12
76 99 18
76 101 4
76 104 8
76 105 8
76 106 2
76 107 6
77 84 8
77 87 4
77 92 8
77 95 8
77 97 6
77 98 6
77 102 -4
78 68 8
78 69 -2
78 70 -2
78 71 2
78 73 2
78 110 40
78 115 4
78 118 24
78 124 24
78 126 4
78 128 4
78 130 16
78 131 4
79 68 2
79 69 6
79 72 -2
79 73 2
79 74 2
79 76 2
79 110 8
79 111 32
79 115 4
79 116 -4
79 118 8
79 119 16
79 122 12
79 124 6
79 125 12
79 126 4
79 127 2
79 128 2
79 129 30
79 130 8
79 131 8
80 68 2
80 70 6
80 71 2
80 72 -2
80 74 2
80 75 2
80 110 8
80 112 32
80 115 4
80 116 4
80 118 8
80 120 16
80 122 4
80 124 6
80 125 12
80 126 4
80 127 2
80 128 10
80 129 30
80 130 8
80 131 8
81 69 2
81 71 4
81 73 2
81 74 2
81 75 -2
81 76 2
81 77 6
81 111 16
81 113 24
81 115 4
81 117 -4
81 119 8
81 120 8
81 122 8
81 124 6
81 125 6
81 126 14
81 127 -2
81 130 8
82 69 2
82 70 2
82 72 4
82 74 4
82 75 2
82 76 2
82 111 8
82 112 8
82 114 24
82 116 8
82 117 -4
82 118 8
82 119 8
82 120 8
82 121 24
82 123 8
82 125 12
82 126 4
82 127 8
82 128 8
82 130 16
83 70 2
83 71 2
83 73 4
83 74 2
83 75 2
83 76 -2
83 77 6
83 112 16
83 113 24
83 115 4
83 117 4
83 119 8
83 120 8
83 122 8
83 124 6
83 125 6
83 126 6
83 127 -2
83 130 8
83 131 8
84 71 2
84 72 4
84 73 2
84 75 4
84 76 4
84 113 8
84 114 32
84 116 4
84 117 8
84 119 8
84 120 8
84 121 24
84 123 8
84 124 12
84 125 12
84 127 4
84 128 -4
84 131 4
85 68 2
85 71 2
85 73 2
85 74 2
85 115 24
85 132 32
85 135 36
85 138 20
85 139 32
86 68 4
86 69 -4
86 70 4
86 71 -2
86 72 4
86 73 -2
86 75 2
86 76 2
86 115 4
86 116 20
86 132 16
86 133 24
86 134 4
86 135 12
86 136 24
86 138 20
86 139 16
87 69 2
87 70 2
87 71 -4
87 72 -2
87 73 4
87 74 -4
87 75 2
87 76 2
87 77 6
87 116 8
87 117 16
87 133 16
87 135 12
87 137 4
87 138 -20
88 68 16
88 74 4
88 110 4
88 118 16
88 132 4
88 140 32
88 144 12
88 145 4
88 146 4
89 68 2
89 69 12
89 73 2
89 74 6
89 75 2
89 111 4
89 118 4
89 119 12
89 132 4
89 133 -4
89 140 16
89 141 16
89 142 12
89 144 6
89 145 4
89 146 2
89 147 24
90 68 2
90 70 12
90 71 2
90 74 6
90 76 2
90 112 4
90 118 4
90 120 12
90 132 4
90 133 4
90 140 16
90 141 16
90 142 4
90 144 6
90 145 4
90 146 10
90 147 24
91 69 2
91 70 2
91 71 8
91 73 8
91 75 2
91 76 2
91 113 4
91 119 8
91 120 8
91 132 4
91 141 16
91 142 8
91 144 12
91 145 8
91 146 -4
92 69 2
92 70 2
92 71 2
92 72 12
92 73 2
92 75 4
92 76 4
92 114 4
92 119 4
92 120 4
92 121 24
92 133 8
92 140 16
92 141 32
92 143 8
92 144 12
92 145 4
92 146 4
93 68 4
93 69 10
93 70 2
93 71 6
93 72 -4
93 73 6
93 74 8
93 115 4
93 122 20
93 134 -4
93 142 24
93 148 24
93 150 16
94 68 4
94 69 4
94 70 4
94 71 -2
94 72 8
94 73 -2
94 74 -4
94 75 6
94 76 6
94 116 4
94 122 4
94 123 16
94 142 16
94 143 16
94 148 12
94 150 16
95 69 2
95 70 2
95 72 4
95 74 -4
95 75 -6
95 76 2
95 77 24
95 117 4
95 123 8
95 143 8
95 148 12
95 149 4
95 150 -16
96 68 12
96 71 2
96 73 2
96 118 8
96 124 12
96 135 4
96 144 8
96 152 4
97 68 2
97 69 8
97 70 2
97 71 2
97 72 2
97 73 4
97 119 8
97 124 4
97 125 8
97 135 4
97 136 -4
97 144 8
97 148 12
97 151 36
97 152 -2
98 68 2
98 69 2
98 70 8
98 71 4
98 72 2
98 73 2
98 120 8
98 124 4
98 125 8
98 135 4
98 136 4
98 144 8
98 148 4
98 151 36
98 152 6
99 69 2
99 70 2
99 72 4
99 121 8
99 125 4
99 136 4
99 144 8
99 152 4
100 68 4
100 69 6
100 70 6
100 71 14
100 73 6
100 74 8
100 75 -4
100 76 -4
100 122 8
100 126 16
100 132 8
100 137 -4
100 145 16
100 152 12
101 68 4
101 69 4
101 70 4
101 72 12
101 74 -4
101 75 8
101 77 -12
101 123 8
101 126 4
101 127 12
101 133 8
101 145 16
101 149 -4
101 152 12
102 69 -4
102 70 4
102 128 20
102 134 4
102 138 20
102 146 32
102 150 32
102 152 36
103 129 20
103 147 32
103 151 36
104 68 8
104 69 2
104 70 2
104 124 12
104 130 8
104 139 4
104 140 16
105 68 4
105 69 6
105 70 6
105 125 12
105 130 8
105 139 4
105 141 16
105 147 24
105 150 8
106 68 4
106 69 6
106 70 6
106 71 8
106 73 8
106 74 12
106 75 -4
106 76 -4
106 77 -12
106 126 12
106 131 12
106 135 12
106 142 16
106 146 8
107 68 4
107 69 2
107 70 2
107 72 8
107 74 4
107 75 -4
107 76 4
107 77 -12
107 127 12
107 131 4
107 136 12
107 143 16
107 146 16
107 149 4
108 68 4
108 69 4
108 70 4
108 71 4
108 72 -8
108 73 12
108 74 8
108 75 -4
108 76 -4
108 128 8
108 131 16
108 137 4
108 139 16
108 145 24
108 148 24
109 68 8
109 129 12
109 130 16
109 138 4
109 144 24
110 78 6
110 79 -2
110 80 -2
110 81 2
110 83 2
110 153 48
110 157 4
110 159 16
110 163 12
110 164 4
110 165 4
111 78 2
111 79 4
111 82 -2
111 83 4
111 84 2
111 153 12
111 154 36
111 157 4
111 158 -4
111 159 8
111 160 8
111 161 12
111 163 6
111 164 4
111 165 2
111 166 24
112 78 2
112 80 4
112 81 4
112 82 -2
112 84 2
112 153 12
112 155 36
112 157 4
112 158 4
112 159 8
112 160 8
112 161 4
112 163 6
112 164 4
112 165 10
112 166 24
113 79 2
113 80 2
113 81 2
113 83 2
113 84 2
113 154 24
113 155 24
113 157 4
113 160 8
113 161 8
113 163 12
113 164 8
113 165 -4
114 79 2
114 80 2
114 81 2
114 82 6
114 83 2
114 154 12
114 155 12
114 156 72
114 158 8
114 159 8
114 160 16
114 162 8
114 163 12
114 164 4
114 165 4
115 78 2
115 81 2
115 83 2
115 85 8
115 86 -2
115 87 4
115 157 40
115 167 24
115 170 24
115 172 16
116 78 4
116 79 -4
116 80 4
116 81 -2
116 82 4
116 83 -2
116 84 2
116 85 4
116 86 6
116 157 8
116 158 32
116 167 16
116 168 16
116 169 4
116 170 12
116 172 16
117 79 2
117 80 2
117 81 -6
117 82 -2
117 83 2
117 84 4
117 86 4
117 158 16
117 168 8
117 170 12
117 171 4
117 172 -16
118 78 12
118 81 2
118 83 2
118 88 4
118 89 -2
118 90 -2
118 91 4
118 96 6
118 153 12
118 159 24
118 167 4
118 173 16
118 176 4
119 78 2
119 79 8
119 80 2
119 81 2
119 82 2
119 83 4
119 88 2
119 89 2
119 90 2
119 91 2
119 97 6
119 154 12
119 159 8
119 160 16
119 167 4
119 168 -4
119 173 16
119 174 12
119 175 18
119 176 -2
120 78 2
120 79 2
120 80 8
120 81 4
120 82 2
120 83 2
120 88 2
120 89 2
120 90 2
120 91 2
120 98 6
120 155 12
120 159 8
120 160 16
120 167 4
120 168 4
120 173 16
120 174 4
120 175 18
120 176 6
121 79 2
121 80 2
121 82 4
121 89 2
121 90 2
121 99 6
121 156 12
121 160 8
121 168 4
121 173 16
121 176 4
122 78 4
122 79 10
122 80 2
122 81 6
122 82 -4
122 83 6
122 93 6
122 94 -2
122 95 4
122 100 4
122 157 8
122 161 32
122 169 -4
122 174 16
122 177 12
123 78 4
123 79 4
123 80 4
123 81 -4
123 82 8
123 83 -4
123 84 4
123 93 4
123 94 4
123 95 -4
123 101 4
123 158 8
123 161 8
123 162 24
123 174 16
123 177 12
124 78 8
124 79 2
124 80 2
124 96 2
124 104 8
124 159 16
124 163 16
124 170 4
125 78 4
125 79 6
125 80 6
125 96 4
125 97 2
125 98 2
125 99 -6
125 105 8
125 160 16
125 163 16
125 170 4
125 175 24
125 177 8
126 78 4
126 79 6
126 80 6
126 81 12
126 83 4
126 84 -8
126 100 4
126 101 -2
126 106 6
126 161 16
126 164 24
126 167 8
126 171 -4
126 176 8
127 78 4
127 79 2
127 80 2
127 82 8
127 84 -4
127 100 4
127 101 -2
127 107 6
127 162 16
127 164 8
127 168 8
127 176 16
128 79 -4
128 80 4
128 102 10
128 108 -4
128 165 32
128 169 4
128 172 16
128 176 24
128 177 24
129 103 12
129 109 -2
129 166 32
129 175 24
130 78 8
130 104 4
130 105 -4
130 109 10
130 163 24
130 166 24
130 172 4
130 173 16
131 78 4
131 79 4
131 80 4
131 81 4
131 82 -8
131 83 12
131 84 -4
131 106 2
131 107 -6
131 108 8
131 164 24
131 165 16
131 170 12
131 171 4
131 174 16
132 85 16
132 88 2
132 91 2
132 100 2
132 157 4
132 167 16
132 178 32
132 180 12
133 85 4
133 86 12
133 87 -4
133 88 4
133 89 -4
133 90 4
133 91 -4
133 92 4
133 101 2
133 158 4
133 167 4
133 168 12
133 178 32
133 179 4
133 180 12
134 86 4
134 93 -4
134 102 4
134 169 20
134 179 32
134 181 36
135 85 12
135 87 -4
135 96 2
135 106 2
135 167 8
135 170 12
135 180 8
136 85 4
136 86 4
136 87 -4
136 96 4
136 97 -6
136 98 2
136 99 6
136 107 2
136 168 8
136 170 4
136 180 16
136 181 4
137 87 4
137 100 -4
137 108 4
137 169 8
137 171 16
137 181 -24
138 102 2
138 109 -2
138 172 16
138 180 24
139 85 8
139 86 -4
139 104 2
139 105 -2
139 108 2
139 170 12
139 172 8
139 178 16
140 88 8
140 89 2
140 90 2
140 104 8
140 159 4
140 173 8
140 178 4
141 88 4
141 89 6
141 90 6
141 105 8
141 160 4
141 173 8
141 178 4
141 182 72
141 183 8
142 88 4
142 89 10
142 90 2
142 91 4
142 92 -4
142 93 12
142 95 -4
142 106 8
142 161 4
142 167 4
142 174 12
142 179 -4
142 183 16
143 88 4
143 89 2
143 90 2
143 91 -4
143 92 4
143 93 4
143 94 4
143 95 -4
143 107 8
143 162 4
143 168 4
143 174 4
143 183 32
144 88 8
144 96 8
144 109 20
144 163 4
144 173 16
144 175 12
144 180 4
145 88 4
145 89 4
145 90 4
145 91 8
145 92 -8
145 100 8
145 101 -4
145 108 12
145 164 4
145 174 8
145 176 8
145 178 16
146 89 -4
146 90 4
146 102 16
146 165 4
146 176 12
146 179 4
146 180 12
146 183 32
147 103 24
147 166 4
147 175 12
147 182 48
148 93 8
148 94 -4
148 96 4
148 97 8
148 99 -12
148 108 8
148 170 4
148 174 8
148 177 8
148 181 -4
149 95 4
149 101 -4
149 107 4
149 171 4
149 179 -8
149 181 12
150 102 8
150 172 4
150 177 12
150 183 16
151 103 12
151 175 8
152 97 -4
152 98 4
152 102 12
152 176 8
152 177 8
152 180 8
152 181 4
153 110 4
153 111 -2
153 112 -2
153 113 4
153 184 48
153 186 4
153 188 8
153 191 4
154 110 2
154 111 2
154 112 2
154 113 2
154 184 16
154 185 32
154 186 4
154 187 -4
154 188 8
154 189 12
154 190 18
154 191 -2
155 110 2
155 111 2
155 112 2
155 113 2
155 184 16
155 185 32
155 186 4
155 187 4
155 188 8
155 189 4
155 190 18
155 191 6
156 111 2
156 112 2
156 185 16
156 187 4
156 188 8
156 191 4
157 110 2
157 113 2
157 115 6
157 116 -2
157 117 4
157 186 48
157 192 16
157 194 12
158 110 4
158 111 -4
158 112 4
158 113 -4
158 114 4
158 115 4
158 116 4
158 117 -4
158 186 12
158 187 36
158 192 16
158 193 4
158 194 12
159 110 8
159 111 2
159 112 2
159 118 2
159 124 6
159 184 24
159 188 24
159 192 4
160 110 4
160 111 6
160 112 6
160 118 4
160 119 2
160 120 2
160 121 -6
160 125 6
160 185 24
160 188 24
160 192 4
160 195 48
160 196 8
161 110 4
161 111 10
161 112 2
161 113 4
161 114 -4
161 122 4
161 123 -2
161 126 4
161 186 12
161 189 36
161 193 -4
161 196 8
162 110 4
162 111 2
162 112 2
162 113 -4
162 114 4
162 122 4
162 123 -2
162 127 4
162 187 12
162 189 12
162 196 16
163 110 8
163 124 4
163 125 -4
163 130 8
163 188 24
163 190 36
163 194 4
164 110 4
164 111 4
164 112 4
164 113 8
164 114 -8
164 126 2
164 127 -6
164 131 6
164 189 24
164 191 24
164 192 8
165 111 -4
165 112 4
165 128 8
165 131 -4
165 191 36
165 193 4
165 194 12
165 196 16
166 129 10
166 130 -2
166 190 36
166 195 16
167 115 12
167 117 -4
167 118 2
167 126 2
167 132 4
167 133 -2
167 135 6
167 186 12
167 192 24
167 197 16
168 115 4
168 116 4
168 117 -4
168 118 4
168 119 -6
168 120 2
168 121 6
168 127 2
168 132 4
168 133 -2
168 136 6
168 187 12
168 192 8
168 197 32
168 198 4
169 116 4
169 122 -4
169 128 4
169 134 10
169 137 4
169 193 32
169 198 24
170 115 8
170 116 -4
170 124 2
170 125 -2
170 131 2
170 135 2
170 136 -6
170 139 8
170 192 16
170 194 16
171 117 4
171 126 -4
171 131 4
171 137 8
171 193 16
171 198 -16
172 128 2
172 130 -2
172 138 10
172 139 -4
172 194 24
172 197 16
173 118 8
173 130 8
173 140 4
173 141 -4
173 144 6
173 188 12
173 195 24
173 197 4
174 118 4
174 119 8
174 121 -12
174 122 8
174 123 -4
174 131 8
174 142 2
174 143 -6
174 145 4
174 148 6
174 189 12
174 192 8
174 196 16
174 198 -4
175 129 20
175 144 -2
175 147 8
175 151 12
175 190 12
175 195 32
176 119 -4
176 120 4
176 128 12
176 145 -4
176 146 6
176 152 6
176 191 12
176 196 16
176 197 16
176 198 4
177 128 8
177 148 -4
177 150 8
177 152 4
177 194 8
177 196 16
178 132 8
178 133 -4
178 139 8
178 140 2
178 141 -2
178 145 2
178 192 4
178 197 8
179 133 4
179 134 16
179 142 -4
179 146 4
179 149 -2
179 193 4
179 198 12
180 138 20
180 144 -2
180 146 2
180 152 2
180 194 4
180 197 16
181 134 12
181 136 4
181 137 -8
181 148 -4
181 149 2
181 152 4
181 198 8
182 147 8
182 195 4
183 146 8
183 150 8
183 196 4
183 197 4
184 153 2
184 199 40
184 200 4
185 153 4
185 154 2
185 155 2
185 156 -6
185 199 40
185 200 4
185 201 24
185 202 8
186 153 2
186 157 4
186 158 -2
186 200 48
186 203 8
187 153 4
187 154 -6
187 155 2
187 156 6
187 157 4
187 158 -2
187 200 16
187 203 16
187 204 4
188 153 8
188 159 4
188 160 -4
188 163 6
188 199 40
188 201 48
188 203 4
189 153 4
189 154 8
189 156 -12
189 161 2
189 162 -6
189 164 4
189 200 16
189 202 32
189 204 -4
190 163 -2
190 166 8
190 201 32
191 154 -4
191 155 4
191 164 -4
191 165 6
191 202 32
191 203 8
191 204 4
192 157 8
192 158 -4
192 159 2
192 160 -2
192 164 2
192 167 2
192 168 -6
192 170 6
192 200 24
192 203 24
193 158 4
193 161 -4
193 165 4
193 169 8
193 171 4
193 204 36
194 163 -2
194 165 2
194 170 -4
194 172 8
194 203 24
195 166 8
195 173 -2
195 175 6
195 201 24
196 165 8
196 174 -4
196 176 4
196 177 6
196 202 24
196 203 12
197 172 8
197 173 -2
197 176 2
197 178 -4
197 180 6
197 203 12
198 168 4
198 169 12
198 171 -8
198 174 -4
198 176 4
198 179 6
198 181 6
198 204 12
199 184 4
199 185 -4
199 205 72
199 206 4
200 184 2
200 185 -2
200 186 2
200 187 -6
200 206 40
201 188 -2
201 190 6
201 205 60
202 189 -4
202 191 4
202 206 20
203 188 -2
203 191 2
203 192 -4
203 194 6
203 206 40
204 187 4
204 189 -4
204 191 4
204 193 6
205 199 -2
206 199 -2
206 200 -4
207 221 16
207 228 4
207 237 16
207 245 12
207 246 4
207 249 4
207 256 4
207 259 -4
208 221 4
208 222 12
208 228 4
208 229 -4
208 237 8
208 238 8
208 240 12
208 245 6
208 246 4
208 247 2
208 250 2
208 253 6
208 254 -12
208 255 40
208 259 6
208 260 -2
209 221 4
209 223 12
209 229 4
209 230 4
209 239 8
209 240 -4
209 247 2
209 248 4
209 249 6
209 251 2
209 253 6
209 254 -6
209 256 6
209 257 8
209 258 -4
209 259 6
210 221 4
210 224 12
210 230 4
210 231 -4
210 239 8
210 240 4
210 247 -2
210 248 4
210 249 6
210 250 2
210 253 6
210 254 -6
210 256 -2
210 257 8
210 258 -4
210 259 6
211 221 4
211 225 12
211 228 4
211 231 4
211 237 8
211 238 8
211 240 4
211 245 6
211 246 4
211 247 -2
211 249 8
211 251 2
211 253 6
211 254 12
211 255 40
211 256 8
211 259 -2
211 260 -2
212 222 8
212 225 8
212 228 4
212 232 -4
212 238 8
212 240 8
212 245 12
212 246 8
212 249 -8
212 250 2
212 251 2
212 259 4
212 260 4
213 222 4
213 223 4
213 226 8
213 229 4
213 232 -4
213 233 4
213 237 8
213 239 8
213 245 6
213 246 4
213 247 -2
213 249 4
213 250 -4
213 252 6
213 256 2
213 257 4
213 258 8
213 259 4
213 260 2
214 222 4
214 224 4
214 227 8
214 230 4
214 233 -4
214 234 -4
214 239 8
214 241 4
214 242 12
214 245 6
214 248 -4
214 250 6
214 251 -4
214 253 6
214 254 6
214 256 -4
214 258 12
214 259 4
214 260 -4
215 222 4
215 225 4
215 226 8
215 229 4
215 231 4
215 234 -4
215 238 16
215 241 4
215 243 12
215 245 12
215 247 4
215 249 -4
215 250 8
215 254 12
215 256 4
215 257 4
215 258 8
215 260 -4
216 223 8
216 224 8
216 232 4
216 235 8
216 249 4
216 250 -2
216 251 -2
216 256 -4
216 257 8
216 258 4
216 259 8
216 260 -4
217 223 4
217 224 4
217 227 8
217 233 4
217 235 8
217 236 -4
217 237 8
217 242 8
217 246 -4
217 247 4
217 250 10
217 251 2
217 252 -12
217 253 12
217 256 4
217 257 4
217 258 8
217 259 4
218 223 4
218 225 4
218 227 8
218 230 4
218 234 4
218 236 4
218 239 8
218 242 4
218 243 -4
218 245 6
218 248 12
218 250 -4
218 251 14
218 253 6
218 254 6
218 256 -4
218 258 4
218 259 4
218 260 4
219 224 4
219 225 4
219 226 8
219 231 4
219 232 4
219 236 4
219 237 8
219 239 8
219 245 6
219 246 4
219 247 -6
219 249 4
219 251 4
219 252 6
219 256 2
219 257 4
219 259 4
219 260 10
220 226 8
220 227 8
220 233 4
220 234 4
220 236 4
220 238 16
220 239 8
220 244 8
220 248 8
220 250 4
220 251 4
220 252 24
220 254 12
220 258 4
220 259 4
220 260 12
221 207 4
221 208 -2
221 209 -2
221 210 -2
221 211 -2
221 212 4
221 261 24
221 264 4
221 269 8
221 274 4
221 275 4
221 279 -4
222 207 2
222 208 2
222 211 2
222 214 -2
222 215 -2
222 216 2
222 261 8
222 262 16
222 264 4
222 265 -4
222 269 8
222 270 12
222 273 30
222 274 -2
222 275 -4
222 276 2
222 277 6
222 278 -12
222 279 8
223 209 2
223 212 2
223 213 -2
223 214 2
223 215 2
223 216 2
223 217 -2
223 218 -2
223 261 8
223 263 16
223 265 4
223 266 4
223 270 -4
223 274 4
223 275 6
223 276 -2
223 277 6
223 278 -6
223 279 8
224 210 2
224 212 2
224 214 -2
224 215 2
224 216 2
224 217 -2
224 218 2
224 219 -2
224 261 8
224 263 16
224 266 4
224 267 -4
224 270 4
224 274 -4
224 275 6
224 276 -2
224 277 6
224 278 -6
224 279 8
225 207 2
225 208 2
225 211 2
225 215 -2
225 216 2
225 218 -2
225 261 8
225 262 16
225 264 4
225 267 4
225 269 8
225 270 4
225 273 30
225 274 6
225 275 4
225 276 2
225 277 6
225 278 12
226 208 2
226 209 2
226 210 2
226 211 2
226 217 4
226 220 -4
226 262 16
226 263 8
226 265 4
226 267 4
226 268 4
226 269 16
226 271 -4
226 274 8
226 275 4
226 276 8
226 278 12
226 279 8
227 209 2
227 210 2
227 213 2
227 214 2
227 218 2
227 219 2
227 220 -4
227 262 8
227 263 16
227 266 4
227 269 8
227 271 4
227 272 16
227 274 -4
227 276 12
227 277 12
227 278 12
227 279 4
228 207 2
228 208 2
228 209 -2
228 210 -2
228 211 2
228 212 2
228 264 16
228 280 16
228 287 12
228 290 4
228 292 12
229 207 2
229 208 -4
229 209 4
229 210 2
229 213 2
229 214 -2
229 215 2
229 216 -2
229 264 4
229 265 12
229 280 8
229 281 8
229 283 12
229 287 6
229 288 4
229 289 -2
229 291 2
229 292 6
229 294 12
230 208 -2
230 209 2
230 210 2
230 211 -2
230 214 2
230 217 -4
230 218 2
230 264 4
230 266 12
230 282 16
230 283 -4
230 290 8
230 293 -4
230 294 8
231 207 2
231 209 2
231 210 -4
231 211 4
231 215 2
231 216 -2
231 218 -2
231 219 2
231 264 4
231 267 12
231 280 8
231 281 -8
231 283 -4
231 287 6
231 288 -4
231 289 2
231 290 8
231 291 2
231 292 -6
231 293 -8
231 294 12
232 209 2
232 210 -2
232 212 -4
232 213 -2
232 214 2
232 216 4
232 218 -2
232 219 2
232 265 8
232 267 -8
232 281 8
232 283 8
232 288 8
232 294 -8
233 210 2
233 212 -2
233 213 2
233 214 -6
233 215 -2
233 216 2
233 217 4
233 265 4
233 266 4
233 268 8
233 280 8
233 282 16
233 287 6
233 288 4
233 289 -2
233 290 4
233 291 6
233 292 -6
233 293 -4
233 294 4
234 208 2
234 211 2
234 213 2
234 214 -4
234 215 -2
234 217 -4
234 218 4
234 219 2
234 220 2
234 265 4
234 267 4
234 268 -8
234 284 -4
234 285 12
234 287 -12
234 289 -4
234 290 4
234 291 8
235 214 -2
235 216 2
235 217 2
235 218 -2
235 266 8
235 288 -4
235 290 4
235 291 -4
235 294 8
236 209 2
236 212 -2
236 215 -2
236 216 2
236 217 -4
236 218 2
236 219 2
236 266 4
236 267 4
236 268 8
236 280 8
236 282 16
236 287 6
236 288 -4
236 289 -6
236 290 4
236 291 14
236 292 6
236 293 4
236 294 4
237 207 8
237 208 2
237 211 2
237 261 4
237 269 8
237 280 4
238 207 4
238 208 4
238 209 2
238 210 2
238 211 4
238 262 4
238 269 8
238 280 4
238 281 -4
238 295 80
238 296 8
238 297 8
238 298 12
239 208 2
239 209 6
239 210 6
239 211 2
239 263 4
239 269 8
239 281 4
239 282 8
239 297 8
239 298 12
240 207 4
240 208 10
240 209 -4
240 210 4
240 211 2
240 212 8
240 213 -2
240 216 -4
240 219 -2
240 264 4
240 270 12
240 283 -4
240 296 8
240 300 4
240 301 12
241 207 2
241 208 4
241 209 2
241 210 -2
241 212 -2
241 213 2
241 214 4
241 215 2
241 219 -2
241 220 -2
241 265 4
241 270 4
241 271 8
241 283 -4
241 284 4
241 296 8
241 299 -2
241 300 4
241 301 6
242 209 2
242 210 2
242 212 -4
242 213 -2
242 214 8
242 216 4
242 217 4
242 219 -2
242 220 -4
242 266 4
242 270 4
242 272 16
242 284 -4
242 285 -4
242 299 -4
242 300 8
243 207 2
243 209 -2
243 210 2
243 211 4
243 212 -2
243 213 -2
243 215 10
243 218 -4
243 219 2
243 220 -2
243 267 4
243 270 4
243 271 -8
243 283 4
243 285 -4
243 296 8
243 299 -6
243 300 12
243 301 -6
244 208 -2
244 209 2
244 210 2
244 211 -2
244 215 -4
244 217 4
244 268 4
244 272 8
244 284 -4
244 285 4
244 286 -12
244 296 16
244 300 4
245 207 8
245 269 8
245 273 20
245 287 4
245 302 12
246 207 4
246 208 6
246 209 -2
246 210 -2
246 211 6
246 212 8
246 213 -2
246 215 -4
246 219 -2
246 270 8
246 274 8
246 280 8
246 288 -4
246 303 8
247 208 4
247 209 4
247 210 -4
247 211 -4
247 215 4
247 217 4
247 219 -8
247 271 8
247 281 8
247 288 -4
247 289 4
247 299 -8
247 303 -8
248 208 -2
248 209 2
248 210 2
248 211 -2
248 213 -2
248 215 -4
248 218 8
248 219 -2
248 272 8
248 274 4
248 282 8
248 289 -4
248 299 4
248 303 4
249 207 -4
249 208 -6
249 209 -2
249 210 -2
249 211 2
249 214 2
249 216 4
249 217 -4
249 218 2
249 275 12
249 283 4
249 290 4
249 297 8
249 303 8
250 207 2
250 208 -4
250 209 4
250 210 -2
250 213 -6
250 214 -4
250 215 2
250 216 -2
250 217 6
250 275 4
250 276 8
250 284 4
250 290 4
250 291 -4
250 297 8
250 300 12
250 302 18
250 303 -4
251 207 2
251 209 -2
251 210 4
251 211 -4
251 215 -6
251 216 -2
251 217 -2
251 218 4
251 219 2
251 275 4
251 276 8
251 285 4
251 290 4
251 291 4
251 297 8
251 300 4
251 302 18
251 303 12
252 208 2
252 211 2
252 213 -2
252 214 2
252 215 -4
252 218 2
252 219 -2
252 276 4
252 286 4
252 291 4
252 297 8
252 303 8
253 208 -2
253 211 -2
253 277 16
253 292 -4
253 298 16
253 302 12
254 207 4
254 208 -4
254 211 4
254 212 -4
254 277 4
254 278 12
254 298 16
254 301 -4
254 302 12
255 273 12
255 295 16
256 208 -4
256 209 4
256 210 -4
256 211 4
256 274 12
256 287 12
256 293 -4
256 296 16
256 301 -12
257 208 -2
257 209 6
257 210 6
257 211 -2
257 213 -6
257 216 8
257 219 -6
257 275 8
257 279 8
257 288 4
257 294 8
258 207 4
258 208 2
258 209 2
258 210 2
258 211 2
258 212 -4
258 213 2
258 214 8
258 215 -4
258 216 4
258 217 12
258 219 -6
258 220 -12
258 276 8
258 279 8
258 289 4
258 294 8
258 298 24
258 300 8
259 207 4
259 208 2
259 209 8
259 210 8
259 211 -6
259 212 -4
259 213 -2
259 214 -2
259 215 -4
259 216 8
259 218 -2
259 219 -2
259 277 12
259 279 12
259 290 4
259 293 4
259 297 8
260 207 4
260 208 2
260 209 4
260 210 4
260 211 2
260 212 -4
260 213 2
260 214 -6
260 215 -12
260 218 2
260 219 10
260 278 12
260 279 4
260 291 4
260 297 16
260 299 4
261 221 2
261 223 -2
261 224 -2
261 304 24
261 305 4
262 221 4
262 223 2
262 224 2
262 226 -4
262 227 -2
262 304 24
262 305 4
262 306 -4
262 308 40
262 309 8
262 310 8
262 311 12
263 222 2
263 223 2
263 224 2
263 225 2
263 226 -2
263 227 -4
263 304 24
263 306 4
263 307 8
263 310 8
263 311 12
264 221 2
264 222 2
264 223 -2
264 224 -2
264 225 2
264 228 4
264 229 -2
264 230 -2
264 231 -2
264 305 24
264 312 8
264 316 4
264 317 12
265 221 2
265 222 -4
265 223 4
265 226 2
265 227 -2
265 228 2
265 229 2
265 231 -2
265 233 -4
265 234 -2
265 235 4
265 305 8
265 306 16
265 312 8
265 313 12
265 315 -2
265 316 4
265 317 6
266 222 -2
266 223 2
266 224 2
266 225 -2
266 227 -2
266 230 2
266 233 -2
266 234 -4
266 236 -2
266 305 8
266 307 32
266 313 -4
266 315 -4
266 316 8
267 221 2
267 224 -4
267 225 4
267 226 2
267 227 -2
267 228 2
267 229 -2
267 231 2
267 234 -2
267 235 4
267 236 -4
267 305 8
267 306 -16
267 312 8
267 313 -4
267 315 -6
267 316 12
267 317 -6
268 222 -2
268 223 2
268 224 2
268 225 -2
268 226 -2
268 229 -2
268 230 4
268 231 -2
268 233 -2
268 236 -2
268 307 16
268 312 16
268 314 -4
268 316 4
269 221 8
269 237 4
269 238 -4
269 239 -4
269 245 6
269 304 12
269 308 40
269 312 4
269 318 12
270 221 4
270 222 10
270 223 -6
270 224 2
270 225 2
270 226 -4
270 240 2
270 241 -4
270 242 -2
270 243 -4
270 246 4
270 305 8
270 309 16
270 313 -4
270 319 -12
270 320 8
271 222 4
271 223 4
271 224 -4
271 225 -4
271 226 -4
271 227 4
271 247 4
271 306 8
271 313 -4
271 314 4
271 319 -12
271 320 -8
272 222 -2
272 223 2
272 224 2
272 225 -2
272 226 -4
272 227 4
272 241 -2
272 243 -2
272 244 -2
272 248 4
272 307 8
272 309 8
272 314 -4
272 320 4
273 245 -2
273 255 8
273 308 16
274 222 -4
274 223 4
274 224 -4
274 225 4
274 246 -4
274 248 -4
274 256 6
274 309 16
274 312 8
274 315 -4
274 319 12
275 221 -4
275 222 -6
275 225 2
275 249 2
275 257 -4
275 310 16
275 313 4
275 316 4
276 221 4
276 222 -2
276 225 -2
276 226 -8
276 227 4
276 249 4
276 250 2
276 251 2
276 252 -6
276 258 -4
276 310 16
276 314 4
276 316 4
276 318 24
276 320 16
277 222 -2
277 225 -2
277 253 4
277 254 -2
277 259 -2
277 311 24
277 317 -4
277 318 8
278 221 4
278 222 -6
278 225 2
278 253 4
278 254 -2
278 260 -2
278 311 8
278 318 16
278 319 4
279 221 4
279 223 8
279 224 8
279 225 -8
279 226 -8
279 227 -4
279 257 4
279 258 -4
279 259 2
279 260 -6
279 310 16
279 311 24
279 315 4
279 316 4
280 228 8
280 229 -2
280 231 -2
280 237 2
280 238 2
280 239 -4
280 246 2
280 305 4
280 312 8
280 322 -12
280 323 8
281 229 4
281 231 -4
281 238 -4
281 239 4
281 247 2
281 306 4
281 321 8
281 322 -12
281 323 -8
282 229 -2
282 230 4
282 231 -2
282 238 -4
282 239 2
282 248 2
282 307 4
282 312 4
282 321 -4
282 323 4
283 229 10
283 230 -4
283 231 -2
283 232 8
283 233 -2
283 236 2
283 240 -4
283 241 -2
283 243 2
283 249 4
283 313 12
283 321 8
283 325 4
284 228 2
284 232 -4
284 233 2
284 234 -2
284 235 -4
284 236 2
284 240 -2
284 241 2
284 242 -2
284 243 -2
284 244 -4
284 250 4
284 313 4
284 314 8
284 321 8
284 324 18
284 325 -2
285 228 -2
285 232 -4
285 233 -2
285 234 10
285 235 4
285 236 -2
285 240 2
285 241 2
285 242 -6
285 243 -2
285 244 4
285 251 4
285 313 4
285 314 8
285 321 8
285 324 18
285 325 6
286 229 -2
286 231 2
286 233 -2
286 236 2
286 241 2
286 243 -2
286 244 -4
286 252 4
286 314 4
286 321 8
286 325 4
287 245 -2
287 256 2
287 312 8
287 324 -12
288 229 6
288 231 -6
288 232 8
288 233 2
288 235 -8
288 236 -2
288 246 -4
288 247 -2
288 257 4
288 313 8
288 315 8
289 229 -2
289 231 2
289 232 4
289 233 2
289 234 -4
289 236 -10
289 247 6
289 248 -8
289 258 4
289 314 8
289 315 8
289 322 24
289 325 -8
290 228 -4
290 229 -6
290 231 2
290 233 -2
290 234 4
290 236 -2
290 249 2
290 259 -2
290 316 12
290 323 16
291 228 4
291 229 -6
291 230 4
291 231 -6
291 233 -6
291 234 4
291 236 2
291 249 4
291 250 -6
291 251 2
291 252 6
291 260 -2
291 316 4
291 323 32
291 325 4
292 228 4
292 253 -4
292 317 16
292 322 -24
292 324 -24
293 229 4
293 230 -4
293 231 -12
293 232 8
293 256 -4
293 259 4
293 315 12
293 317 -12
293 321 16
294 229 -2
294 230 4
294 231 -2
294 232 -4
294 233 -6
294 235 8
294 236 -6
294 257 2
294 258 -2
294 316 8
295 255 8
295 308 4
296 256 8
296 309 4
296 312 4
296 321 -4
297 238 -8
297 249 8
297 310 4
297 318 12
297 321 4
297 323 8
298 238 -4
298 253 8
298 254 -4
298 311 4
298 318 8
298 322 4
299 241 4
299 242 -4
299 243 -12
299 247 -8
299 248 8
299 260 4
299 315 4
299 319 12
299 321 -8
299 325 4
300 240 -4
300 241 -8
300 244 -8
300 249 4
300 250 8
300 252 -12
300 316 4
300 320 16
300 325 -4
301 240 4
301 254 -4
301 256 -4
301 317 4
301 319 -12
301 324 12
302 245 -4
302 318 8
302 324 4
303 246 -4
303 247 -4
303 248 -4
303 250 -4
303 251 4
303 320 8
303 323 8
303 325 4
304 261 4
304 262 -4
304 263 -4
304 326 80
304 327 4
304 328 12
305 261 2
305 262 2
305 263 -4
305 264 2
305 265 -4
305 266 -2
305 267 -4
305 327 24
305 330 -12
305 331 8
306 262 -4
306 263 4
306 329 8
306 330 -12
306 331 -8
307 262 -4
307 263 2
307 265 -2
307 267 -2
307 268 -2
307 327 12
307 329 -4
307 331 4
308 269 -2
308 273 6
308 326 24
309 270 -4
309 272 -4
309 274 4
309 327 12
309 329 -4
310 262 -8
310 275 4
310 276 -4
310 279 -4
310 328 36
310 329 4
310 331 8
311 262 -4
311 277 2
311 278 -6
311 279 -2
311 328 24
311 330 4
312 269 -2
312 274 2
312 280 -4
312 282 -4
312 287 6
312 327 12
312 332 -12
313 265 10
313 266 -4
313 267 -2
313 270 -4
313 271 -2
313 275 4
313 283 2
313 288 4
313 329 16
314 265 -2
314 267 2
314 268 -4
314 271 6
314 272 -8
314 276 4
314 283 4
314 284 2
314 285 2
314 286 -6
314 289 4
314 329 16
314 332 24
315 265 4
315 266 -4
315 267 -12
315 274 -4
315 279 4
315 288 4
315 289 -4
315 293 6
315 329 16
315 330 24
316 264 -4
316 265 -8
316 268 -8
316 275 2
316 276 -2
316 279 -2
316 290 2
316 291 -6
316 294 -8
316 331 32
317 264 4
317 277 -4
317 292 8
317 293 2
317 330 -24
317 332 -16
318 269 -4
318 297 -2
318 298 -4
318 302 6
318 328 12
318 332 4
319 270 -4
319 274 4
319 278 4
319 299 -2
319 301 -6
319 330 8
319 332 -8
320 270 -4
320 271 -4
320 272 -4
320 300 -4
320 303 4
320 331 8
321 281 8
321 282 -8
321 283 8
321 293 8
321 296 -4
321 297 4
321 299 -2
321 329 4
321 332 12
322 280 -4
322 292 -12
322 298 4
322 330 4
322 332 8
323 280 -4
323 281 -4
323 282 -4
323 297 -2
323 303 2
323 331 4
324 287 -4
324 292 -8
324 301 2
324 302 4
324 332 8
325 284 -4
325 285 4
325 291 4
325 299 -2
325 300 -4
325 303 8
326 304 -2
327 304 -2
327 305 -4
327 307 -4
327 333 -12
328 304 -4
328 310 -2
328 311 -4
328 333 4
329 306 8
329 307 -8
329 309 -4
329 310 4
329 313 4
329 314 -4
329 315 4
329 333 36
330 305 -4
330 311 4
330 315 -2
330 317 -6
330 333 24
331 305 -4
331 306 -4
331 307 -4
331 310 -2
331 316 -4
332 312 -4
332 317 -8
332 318 4
332 319 -2
332 321 -2
332 322 4
332 324 6
332 333 12
333 327 -4
333 328 4
333 329 -2
333 330 4
334 338 8
334 339 4
335 338 8
335 339 4
335 340 -4
335 342 56
335 343 8
335 344 8
335 345 12
335 346 -12
335 348 20
335 349 8
336 338 8
336 340 4
336 341 4
336 344 8
336 345 12
337 338 8
337 341 4
337 344 8
337 346 12
337 347 24
337 348 20
337 349 8
338 334 4
338 335 -4
338 336 -4
338 337 -4
338 350 56
338 351 4
338 352 20
338 353 12
339 334 2
339 335 2
339 336 -4
339 351 8
339 355 -20
339 356 8
339 357 12
340 335 -4
340 336 4
340 354 8
340 355 -20
340 356 -8
340 357 12
341 335 -4
341 336 2
341 337 -2
341 351 8
341 354 -8
341 356 8
341 358 12
342 350 4
343 351 4
343 354 -4
343 359 12
344 335 -8
344 337 -8
344 352 20
344 354 4
344 356 4
344 360 24
345 337 -4
345 353 8
345 357 -4
345 360 8
346 335 -4
346 337 4
346 357 -4
346 358 4
346 359 -8
346 360 -8
347 335 -4
347 353 4
347 358 -4
347 359 4
347 360 4
348 335 -4
348 352 8
348 355 4
349 335 -8
349 353 12
349 356 4
349 359 -12
350 338 -2
351 338 -2
351 339 -4
351 341 -4
351 361 -20
351 362 12
352 338 -4
352 344 -2
352 348 -4
352 361 4
353 338 -4
353 345 -4
353 347 -4
353 349 -2
353 362 -4
354 340 8
354 341 -8
354 343 -4
354 344 4
354 361 20
354 363 12
355 339 -4
355 348 4
355 361 8
356 339 -8
356 340 -8
356 341 -8
356 344 -2
356 349 -2
356 363 -12
357 339 4
357 345 -4
357 346 -2
357 362 8
358 340 -4
358 341 4
358 346 6
358 347 -8
358 362 8
358 363 -8
359 343 4
359 346 -8
359 347 8
359 349 -4
359 362 4
359 363 4
360 344 -4
360 345 -4
360 346 -4
360 347 -4
360 363 4
361 351 -4
361 352 4
361 354 -2
361 355 4
362 351 4
362 353 -4
362 357 4
362 358 -4
363 354 -4
363 356 -4
363 359 -2
363 360 8
365 365 0
