0
3 2 2
-6.928203	0.000000

5	0.907073
1	0.420974

3	0.656331
2	0.175863

4 4 4
-6.928203	0.000000

9	0.725820
10	0.592712
2	0.336854
3	0.091693

8	0.237800
5	0.127396
6	0.044477
1	0.025236

5 4 7
-12.310734	-0.000000

13	0.737224
21	0.638086
14	0.189970
1	0.115144

16	1.036809
17	0.897871
15	0.427712
4	0.394291
3	0.217667
2	0.198199
18	0.058783

6 4 13
-13.856406	-0.000000

43	0.896410
31	0.416025
30	0.138675
6	0.064359

20	1.869249
40	1.725183
36	0.804809
21	0.487395
44	0.464657
1	0.377662
34	0.340152
23	0.241753
37	0.215648
35	0.215648
9	0.157865
11	0.124504
10	0.033361

7 10 27
-17.525145	0.000000

71	0.780611
89	0.442882
72	0.330101
31	0.185694
34	0.183283
73	0.096460
35	0.050971
32	0.048559
33	0.048559
1	0.029028

81	1.378214
42	1.231110
78	1.120881
75	1.101295
40	0.670796
74	0.615256
47	0.605902
36	0.446983
43	0.307346
80	0.303666
49	0.292456
77	0.251285
41	0.250877
76	0.226297
4	0.185898
48	0.172630
7	0.128704
79	0.125563
2	0.114034
3	0.071530
46	0.064757
37	0.059985
38	0.059985
6	0.033995
39	0.033572
44	0.020292
45	0.016777

8 16 48
-19.238937	0.000000

144	0.590532
177	0.511120
178	0.468462
143	0.217414
146	0.188604
147	0.164037
145	0.152170
71	0.092233
67	0.091356
69	0.087532
142	0.079071
70	0.076130
68	0.023541
72	0.016907
6	0.014269
7	0.007847

161	0.486203
157	0.405461
124	0.319653
156	0.275474
180	0.239613
155	0.200572
127	0.191060
158	0.174242
89	0.163240
179	0.150811
90	0.141977
86	0.127848
81	0.127554
160	0.111205
153	0.110401
154	0.108643
126	0.108520
94	0.102073
162	0.097899
87	0.092944
92	0.075216
129	0.063118
47	0.061734
88	0.060542
123	0.059491
128	0.056795
50	0.050494
46	0.047248
93	0.045435
159	0.044899
83	0.043740
52	0.042365
84	0.038043
163	0.037467
82	0.032868
85	0.031029
174	0.030649
14	0.028098
165	0.027566
91	0.027214
11	0.019922
125	0.016631
16	0.015791
15	0.014633
13	0.014378
49	0.014308
51	0.013523
164	0.012543

9 30 74
-22.685127	-0.000000

334	0.754844
335	0.361393
364	0.322230
207	0.198127
212	0.192258
216	0.192010
336	0.179373
211	0.086078
208	0.086078
217	0.084021
219	0.083774
213	0.083774
337	0.055191
68	0.047326
71	0.046639
73	0.046639
218	0.027749
214	0.027749
209	0.025445
210	0.025445
220	0.021632
215	0.019575
77	0.015256
76	0.013278
75	0.013278
72	0.013095
74	0.012591
69	0.012408
70	0.012408
1	0.007399

237	1.372290
257	1.121930
348	1.020148
345	0.864282
342	0.812294
339	0.745703
238	0.560538
253	0.540098
338	0.472393
228	0.417498
221	0.381229
246	0.379030
344	0.343865
249	0.335820
88	0.315137
91	0.310004
258	0.280149
341	0.253359
104	0.239604
100	0.237682
340	0.232207
349	0.227420
255	0.217499
230	0.210326
347	0.209430
254	0.205838
235	0.205475
85	0.198519
231	0.171182
108	0.169650
233	0.167736
239	0.161089
224	0.153969
223	0.153969
78	0.152093
346	0.144284
256	0.133874
259	0.115159
343	0.105465
86	0.101297
260	0.101294
248	0.093099
101	0.090652
92	0.084068
226	0.082479
90	0.080649
89	0.080649
102	0.079530
229	0.075211
83	0.072103
81	0.072103
236	0.071662
245	0.065735
106	0.063721
87	0.062125
105	0.059934
247	0.058441
96	0.058270
103	0.058041
107	0.056030
4	0.048032
82	0.036601
8	0.036260
2	0.032597
7	0.025556
240	0.024499
241	0.023555
227	0.023234
242	0.021916
243	0.020127
244	0.014479
3	0.014221
6	0.014148
109	0.012408

10 16 113
-24.621468	0.000000

665	0.650097
729	0.562676
435	0.261731
437	0.227638
663	0.226535
664	0.197027
666	0.167519
434	0.101536
436	0.067444
438	0.058658
154	0.040879
155	0.035554
152	0.023462
433	0.020307
153	0.006046
10	0.003665

619	3.540498
724	3.046787
621	2.292083
624	2.211677
337	1.913195
692	1.667184
696	1.443770
625	1.091479
511	0.979008
349	0.926978
353	0.907519
346	0.860197
695	0.847357
338	0.764466
475	0.703087
699	0.689076
678	0.687759
502	0.671214
342	0.646261
510	0.634017
620	0.628196
627	0.625078
693	0.611561
677	0.608540
733	0.596413
503	0.583782
98	0.583179
513	0.581266
341	0.577431
623	0.570288
629	0.565252
339	0.546671
354	0.543382
732	0.529322
514	0.505551
628	0.498724
345	0.494187
622	0.489276
626	0.483634
101	0.400878
103	0.390745
499	0.350008
340	0.320484
474	0.318703
355	0.305636
351	0.292384
517	0.287788
344	0.286215
477	0.276894
356	0.273796
348	0.269349
208	0.255257
512	0.252273
500	0.249866
697	0.249088
358	0.247326
478	0.240826
347	0.232588
343	0.222236
209	0.222008
691	0.216265
476	0.181173
352	0.180953
700	0.177563
106	0.165600
361	0.164752
694	0.157589
182	0.154521
210	0.152908
206	0.148245
196	0.140914
473	0.133742
184	0.128311
509	0.128310
197	0.122559
99	0.115686
185	0.111597
186	0.109813
357	0.108529
521	0.107624
100	0.105276
1	0.102270
102	0.097271
504	0.095518
105	0.095215
698	0.094522
350	0.089668
107	0.085044
518	0.074158
108	0.065208
501	0.064386
199	0.060170
362	0.059551
211	0.052106
216	0.044949
183	0.039817
198	0.039026
207	0.038200
519	0.038055
630	0.035889
360	0.033521
520	0.033098
187	0.024822
17	0.024134
24	0.023154
25	0.022882
651	0.021070
109	0.019226
728	0.013600
359	0.012743
21	0.012632
727	0.011864
18	0.011502

11 94 270
-27.820611	0.000000

1420	0.711763
1421	0.359289
1472	0.244567
1422	0.205201
1117	0.194620
1124	0.187238
1130	0.186515
1135	0.186473
1423	0.109146
1118	0.096530
1123	0.096530
1141	0.091337
1125	0.091337
1136	0.091072
1139	0.091030
1131	0.091030
535	0.051459
549	0.049704
540	0.049704
547	0.049626
544	0.049626
1119	0.048836
1122	0.048836
568	0.048088
571	0.047983
1137	0.047364
1132	0.047364
1126	0.047056
1140	0.047056
1129	0.041454
1145	0.039217
1142	0.038951
1424	0.034477
550	0.023014
539	0.022494
536	0.022494
557	0.022421
562	0.022421
554	0.022344
566	0.022344
553	0.022316
559	0.022316
545	0.021874
548	0.021796
541	0.021796
575	0.021534
569	0.021506
572	0.021506
1133	0.017653
1138	0.016930
1127	0.016930
1121	0.015151
1120	0.015151
140	0.012305
1146	0.012195
145	0.012122
143	0.012122
150	0.012103
152	0.011863
1143	0.011430
1144	0.011430
1128	0.009958
1134	0.009958
570	0.007736
565	0.007585
552	0.007585
563	0.007557
561	0.007557
546	0.007367
542	0.007367
560	0.006886
537	0.006669
538	0.006669
576	0.006014
573	0.005941
574	0.005941
558	0.005752
556	0.005752
555	0.005724
564	0.005724
551	0.005131
567	0.005131
543	0.004914
154	0.003545
151	0.003488
153	0.003488
148	0.003469
147	0.003469
144	0.003412
149	0.003286
146	0.003286
141	0.003229
142	0.003229
1	0.001924

1179	3.083945
1215	2.927520
1437	1.730805
1225	1.643330
1440	1.497728
1180	1.429802
1431	1.364272
1434	1.361093
1426	1.209774
1216	1.195772
707	1.043558
1235	0.947162
1425	0.816970
1204	0.784663
625	0.783916
630	0.759057
634	0.757539
1197	0.732865
1181	0.695739
1147	0.688424
1433	0.685808
687	0.673522
690	0.662029
1231	0.661555
1170	0.656717
1439	0.654103
1159	0.653759
679	0.626857
1194	0.595931
1436	0.505437
1427	0.447837
1206	0.417448
1227	0.413891
1228	0.409704
708	0.401963
1438	0.395507
676	0.380363
1211	0.379860
1442	0.372255
1213	0.369934
1236	0.364276
1428	0.355558
1435	0.352654
660	0.344773
1217	0.343542
1152	0.336938
1149	0.336938
629	0.332065
626	0.332065
635	0.322133
631	0.321560
637	0.321560
1207	0.314094
577	0.305896
1223	0.301851
669	0.301697
1209	0.301173
1164	0.292276
1166	0.290557
603	0.288472
1174	0.288350
699	0.285920
610	0.279085
1224	0.264215
709	0.261008
680	0.256677
1163	0.256474
1161	0.253206
703	0.249999
1199	0.249497
696	0.248084
1200	0.237890
1214	0.235248
1172	0.232883
1196	0.224894
1226	0.217334
1441	0.215477
1182	0.212117
677	0.196867
586	0.191931
589	0.191931
1432	0.189279
1218	0.189128
662	0.184815
171	0.182115
691	0.179360
174	0.178872
176	0.178872
1150	0.174389
1151	0.174389
688	0.172472
689	0.172472
1205	0.168095
192	0.167445
667	0.166518
211	0.157963
1221	0.156438
1212	0.155613
711	0.154863
605	0.153845
1219	0.151647
1154	0.149222
1220	0.146550
197	0.144425
1195	0.143566
200	0.141974
606	0.141870
620	0.137038
663	0.135867
608	0.134344
1156	0.131352
672	0.130506
665	0.130129
1430	0.129355
1193	0.126694
674	0.126094
1429	0.124753
167	0.124503
653	0.124173
1222	0.120110
678	0.118936
1162	0.118421
591	0.118334
582	0.118334
215	0.112662
1168	0.110980
682	0.106793
636	0.104924
632	0.104924
1230	0.103974
205	0.102770
712	0.102161
155	0.102111
710	0.100719
627	0.096999
628	0.096999
604	0.095863
593	0.093823
1198	0.093801
622	0.091911
1173	0.091338
590	0.090863
583	0.090863
580	0.089005
579	0.089005
685	0.088517
611	0.088275
616	0.088060
612	0.088037
607	0.087976
1158	0.086865
193	0.086704
683	0.086589
1178	0.084483
1201	0.084102
684	0.083590
638	0.081512
692	0.080819
619	0.078358
1177	0.078058
1203	0.078037
661	0.076517
633	0.074593
681	0.073850
694	0.073307
1176	0.072823
168	0.072393
668	0.070819
1171	0.070348
1155	0.070347
1157	0.070347
693	0.068681
213	0.068131
686	0.067900
160	0.063621
158	0.063621
698	0.063124
587	0.062204
212	0.060879
195	0.060186
214	0.059639
180	0.058392
169	0.058183
1160	0.055234
595	0.055133
581	0.053671
578	0.053671
194	0.052377
1229	0.051328
185	0.050688
178	0.050001
179	0.050001
175	0.049241
1184	0.048958
1183	0.048690
609	0.048650
1185	0.047882
177	0.047711
621	0.047341
614	0.047315
173	0.046951
172	0.046951
675	0.045375
1186	0.044621
655	0.044235
202	0.044163
656	0.043289
617	0.041951
670	0.040856
1187	0.040833
204	0.040046
1188	0.038893
201	0.038533
203	0.037541
198	0.037035
199	0.037035
671	0.036444
1202	0.034635
1232	0.031686
697	0.030676
695	0.030484
1189	0.030123
216	0.028206
618	0.028191
1190	0.027942
4	0.027898
196	0.027411
207	0.027349
1191	0.027075
585	0.026606
161	0.026097
164	0.026097
159	0.025587
165	0.025459
170	0.024891
596	0.024496
601	0.024496
613	0.024458
1153	0.024257
1148	0.024257
166	0.023761
623	0.023021
1234	0.022518
188	0.022453
673	0.022191
190	0.022088
8	0.022053
615	0.020812
624	0.020756
2	0.020138
598	0.018444
600	0.018444
11	0.017060
1167	0.015152
162	0.012424
163	0.012424
658	0.012122
7	0.012071
1175	0.011617
659	0.011444
594	0.011330
592	0.011330
1169	0.011261
639	0.010919
648	0.010879
654	0.010776
640	0.010595
6	0.010339
157	0.010101
156	0.010101

-1
3 2 2
-6.928203	-0.000000

5	0.907073
1	0.420974

3	0.450968
2	0.165066

4 4 4
-6.928203	0.000000

9	0.818390
10	0.426181
2	0.379816
3	0.065930

8	0.747428
6	0.547155
1	0.200273
5	0.200273

5 4 8
-12.310734	0.000000

13	0.737224
21	0.638086
14	0.189970
1	0.115144

18	1.165392
16	0.949728
17	0.585969
4	0.242720
3	0.199827
15	0.174945
5	0.163576
2	0.048234

6 4 14
-13.856406	0.000000

43	0.896410
31	0.416025
30	0.138675
6	0.064359

21	0.597405
36	0.416320
40	0.416320
23	0.364046
44	0.328341
22	0.259496
20	0.235236
35	0.152384
37	0.152384
34	0.087979
11	0.064405
9	0.040831
1	0.029890
10	0.023574

7 10 27
-17.525145	0.000000

71	0.780611
89	0.442882
72	0.330101
31	0.185694
34	0.183283
73	0.096460
35	0.050971
33	0.048559
32	0.048559
1	0.029028

79	1.356474
80	1.116896
75	0.815078
81	0.678471
42	0.522806
44	0.520337
78	0.515596
40	0.491857
45	0.454948
48	0.421168
47	0.279477
76	0.228241
41	0.184436
77	0.174519
46	0.155774
49	0.146149
74	0.128670
43	0.121896
4	0.074896
7	0.060456
6	0.058185
37	0.055606
38	0.055606
3	0.052518
5	0.044158
39	0.034736
36	0.012821

8 16 50
-19.238937	-0.000000

178	0.577419
144	0.504169
177	0.436371
143	0.267981
146	0.232471
147	0.202189
145	0.129916
69	0.107890
70	0.093836
71	0.078744
67	0.077995
142	0.067507
72	0.020839
68	0.020098
6	0.012182
7	0.009672

128	0.958148
124	0.749388
174	0.748798
165	0.671713
161	0.547408
127	0.409495
163	0.388609
50	0.379248
129	0.355584
126	0.311769
158	0.269918
47	0.250728
179	0.233621
157	0.220596
123	0.215852
52	0.198389
99	0.198197
180	0.178081
98	0.163507
48	0.146105
94	0.115177
46	0.104601
51	0.103332
155	0.100835
125	0.096881
89	0.088813
92	0.084684
160	0.082648
154	0.080744
90	0.077244
162	0.072759
81	0.072324
159	0.069553
153	0.062599
97	0.059043
156	0.051494
91	0.042158
93	0.033767
83	0.032508
84	0.028273
87	0.027801
19	0.024796
86	0.023899
82	0.018637
16	0.017818
1	0.016956
85	0.015599
20	0.014586
88	0.013014
11	0.011296

9 30 86
-22.685127	0.000000

334	0.754844
335	0.361393
364	0.322230
207	0.198127
212	0.192258
216	0.192010
336	0.179373
211	0.086078
208	0.086078
217	0.084021
213	0.083774
219	0.083774
337	0.055191
68	0.047326
71	0.046639
73	0.046639
218	0.027749
214	0.027749
209	0.025445
210	0.025445
220	0.021632
215	0.019575
77	0.015256
76	0.013278
75	0.013278
72	0.013095
74	0.012591
70	0.012408
69	0.012408
1	0.007399

343	1.069597
349	1.013798
344	0.804160
339	0.570199
237	0.564038
345	0.452549
348	0.432151
257	0.430770
240	0.409735
259	0.389193
256	0.384205
342	0.361349
241	0.343916
260	0.341122
243	0.340364
249	0.333902
242	0.330217
228	0.316263
253	0.272295
244	0.257714
340	0.240561
238	0.210655
250	0.188767
246	0.186378
251	0.180764
341	0.179967
235	0.156501
230	0.154180
85	0.149553
346	0.149475
93	0.148410
106	0.146777
231	0.142750
233	0.139823
95	0.134135
107	0.128601
94	0.125701
88	0.120495
91	0.117940
252	0.114904
100	0.112362
245	0.112185
254	0.105908
102	0.101115
258	0.098416
104	0.095167
255	0.094600
338	0.080290
347	0.079595
86	0.076442
108	0.061134
247	0.060543
239	0.057528
226	0.051632
87	0.046821
222	0.046132
225	0.046132
96	0.045555
101	0.043892
229	0.043326
236	0.040292
109	0.032994
248	0.032309
92	0.029859
103	0.029545
221	0.029539
90	0.029079
89	0.029079
97	0.026382
98	0.025734
105	0.021964
82	0.019082
4	0.017495
78	0.016847
224	0.016295
223	0.016295
99	0.016155
227	0.015496
79	0.014832
80	0.014832
84	0.014802
6	0.013851
8	0.013584
9	0.012377
7	0.012221
3	0.010723

10 16 99
-24.621468	-0.000000

665	0.650097
729	0.562676
435	0.261731
437	0.227638
663	0.226535
664	0.197027
666	0.167519
434	0.101536
436	0.067444
438	0.058658
154	0.040879
155	0.035554
152	0.023462
433	0.020307
153	0.006046
10	0.003665

628	0.748018
698	0.622052
622	0.610729
692	0.506937
724	0.482480
625	0.447490
345	0.369354
626	0.317473
696	0.312773
630	0.295539
699	0.288287
354	0.275826
693	0.255857
620	0.253668
519	0.250440
733	0.249520
350	0.239349
338	0.236700
732	0.221451
520	0.217818
502	0.204095
343	0.183887
503	0.177509
623	0.167442
337	0.161663
344	0.159933
341	0.158450
627	0.156885
348	0.152877
629	0.131856
619	0.129797
510	0.129557
353	0.128391
513	0.125923
352	0.124198
517	0.120401
351	0.119904
108	0.118206
621	0.118160
514	0.109521
499	0.106662
500	0.104536
697	0.104210
340	0.099845
678	0.093381
691	0.090478
516	0.087312
360	0.086481
624	0.084521
700	0.074286
475	0.073984
511	0.073081
694	0.065930
104	0.064628
677	0.064035
695	0.063253
106	0.053967
346	0.052859
361	0.052352
208	0.052160
109	0.046942
209	0.045366
521	0.045026
102	0.044919
196	0.042942
99	0.042563
504	0.039961
100	0.038208
477	0.037595
197	0.037349
214	0.035152
478	0.032698
518	0.031025
358	0.031016
215	0.030573
355	0.029817
107	0.028884
342	0.028146
101	0.027639
501	0.026937
474	0.025746
349	0.024920
105	0.024521
98	0.024130
103	0.023400
217	0.022450
357	0.020139
359	0.019935
476	0.019064
512	0.018832
216	0.018805
182	0.018697
199	0.018296
198	0.016327
473	0.016183
186	0.011555
210	0.011414
211	0.011288
184	0.010365

11 94 225
-27.820611	-0.000000

1420	0.711763
1421	0.359289
1472	0.244567
1422	0.205201
1117	0.194620
1124	0.187238
1130	0.186515
1135	0.186473
1423	0.109146
1123	0.096530
1118	0.096530
1125	0.091337
1141	0.091337
1136	0.091072
1139	0.091030
1131	0.091030
535	0.051459
549	0.049704
540	0.049704
544	0.049626
547	0.049626
1122	0.048836
1119	0.048836
568	0.048088
571	0.047983
1137	0.047364
1132	0.047364
1126	0.047056
1140	0.047056
1129	0.041454
1145	0.039217
1142	0.038951
1424	0.034477
550	0.023014
536	0.022494
539	0.022494
557	0.022421
562	0.022421
554	0.022344
566	0.022344
559	0.022316
553	0.022316
545	0.021874
541	0.021796
548	0.021796
575	0.021534
569	0.021506
572	0.021506
1133	0.017653
1138	0.016930
1127	0.016930
1121	0.015151
1120	0.015151
140	0.012305
1146	0.012195
143	0.012122
145	0.012122
150	0.012103
152	0.011863
1143	0.011430
1144	0.011430
1134	0.009958
1128	0.009958
570	0.007736
565	0.007585
552	0.007585
561	0.007557
563	0.007557
542	0.007367
546	0.007367
560	0.006886
538	0.006669
537	0.006669
576	0.006014
574	0.005941
573	0.005941
556	0.005752
558	0.005752
555	0.005724
564	0.005724
551	0.005131
567	0.005131
543	0.004914
154	0.003545
151	0.003488
153	0.003488
148	0.003469
147	0.003469
144	0.003412
149	0.003286
146	0.003286
142	0.003229
141	0.003229
1	0.001924

1432	0.742589
1438	0.741523
1439	0.674832
1433	0.532327
1179	0.496111
1215	0.407238
1426	0.372913
1434	0.293699
1183	0.284795
1218	0.284437
1231	0.282020
1214	0.281418
1437	0.267323
1440	0.266521
1225	0.266465
1223	0.260016
1219	0.239331
1184	0.237832
1221	0.237337
1431	0.235932
1188	0.233643
1220	0.230294
1224	0.228469
1185	0.224611
1197	0.223658
1187	0.221677
1186	0.220208
1180	0.210306
1170	0.202000
1159	0.199746
1427	0.186398
1202	0.184961
1222	0.180630
1189	0.170209
1204	0.162595
1232	0.160033
1235	0.159488
707	0.159352
1200	0.154414
1190	0.153573
1191	0.153213
1233	0.150839
1199	0.149583
1435	0.146781
1216	0.146209
1194	0.120984
625	0.117165
630	0.113188
634	0.112823
1198	0.109591
699	0.107909
682	0.107563
1201	0.105554
692	0.103355
1164	0.102107
1428	0.101625
639	0.101522
1166	0.100736
1174	0.100230
1234	0.097266
1181	0.095766
703	0.095048
694	0.093526
679	0.091131
683	0.090548
1226	0.090458
685	0.089746
1441	0.089685
648	0.089021
643	0.088228
693	0.087803
603	0.087668
684	0.087123
646	0.086363
711	0.085609
610	0.085187
687	0.085144
690	0.083014
1211	0.080577
640	0.080527
1207	0.080228
642	0.079733
669	0.078435
676	0.077060
1209	0.076169
641	0.076078
1163	0.075567
651	0.075255
1193	0.074328
1436	0.074299
1161	0.074207
1206	0.074059
649	0.073759
673	0.073759
650	0.073221
1172	0.068642
686	0.068245
660	0.067086
708	0.064369
647	0.064186
644	0.064185
1236	0.063725
645	0.062388
700	0.061239
1228	0.061159
1195	0.059755
1213	0.059140
701	0.058614
652	0.057459
674	0.054132
704	0.053487
672	0.052295
1429	0.051924
705	0.051477
1425	0.048654
1192	0.046500
626	0.045913
629	0.045913
605	0.045750
606	0.045617
620	0.044273
637	0.044046
631	0.044046
635	0.044017
608	0.043259
677	0.040442
202	0.038954
1217	0.038835
1442	0.038260
696	0.037855
167	0.037689
702	0.037383
709	0.036489
1430	0.036476
181	0.036096
1162	0.035824
204	0.035243
1227	0.034916
1168	0.034092
680	0.033290
667	0.033194
203	0.033082
663	0.033014
183	0.032946
1153	0.032902
1148	0.032902
213	0.032734
706	0.032701
1177	0.032489
192	0.031823
184	0.031761
670	0.031402
665	0.031238
653	0.030454
662	0.030414
182	0.030166
1196	0.030068
671	0.029566
214	0.028778
1154	0.028356
1182	0.028225
622	0.028153
675	0.028108
1147	0.026896
612	0.026700
607	0.026674
604	0.026468
658	0.025928
1173	0.025917
171	0.025473
176	0.024871
174	0.024871
1178	0.024185
678	0.024143
611	0.024085
616	0.023888
619	0.023276
211	0.022655
1156	0.022568
695	0.022093
168	0.021942
195	0.021486
1229	0.021364
656	0.021357
1203	0.021319
655	0.020963
691	0.020282
688	0.020069
689	0.020069
1205	0.019461
197	0.019268
200	0.018803
169	0.017620
215	0.017595
712	0.017510
577	0.017374
1151	0.017132
1150	0.017132
193	0.016748
1212	0.015584
654	0.015448
609	0.015156
657	0.015108
710	0.014926
621	0.013848
614	0.013837
632	0.013649
636	0.013649
581	0.013613
578	0.013613
628	0.012855
627	0.012855
697	0.012768
595	0.012751
617	0.012726
205	0.012191
585	0.012011
618	0.011256
185	0.010596
638	0.010541
189	0.010304
613	0.010180
1176	0.010111
601	0.010013
596	0.010013

1
3 2 2
-6.928203	-0.000000

5	0.907073
1	0.420974

3	1.149432
2	0.728711

4 4 4
-6.928203	0.000000

9	0.689459
10	0.642176
2	0.319979
3	0.099345

8	4.517970
1	2.019151
6	1.041331
5	0.382036

5 4 8
-12.310734	-0.000000

13	0.737224
21	0.638086
14	0.189970
1	0.115144

17	2.887404
16	2.864097
15	2.157142
18	1.751128
4	1.293112
2	0.943083
3	0.600528
5	0.301920

6 4 14
-13.856406	0.000000

43	0.896410
31	0.416025
30	0.138675
6	0.064359

40	4.519694
20	3.810415
36	1.141755
1	0.892434
35	0.723844
34	0.621866
44	0.519889
22	0.390295
9	0.288609
37	0.241281
11	0.176630
21	0.144742
10	0.111979
23	0.035443

7 10 28
-17.525145	0.000000

71	0.780611
89	0.442882
72	0.330101
31	0.185694
34	0.183283
73	0.096460
35	0.050971
32	0.048559
33	0.048559
1	0.029028

81	3.484379
42	3.250495
78	2.893800
80	2.867305
75	2.331779
74	2.270960
79	1.829014
47	1.562997
36	1.473614
40	1.427914
48	1.275604
43	0.825781
44	0.794819
49	0.735772
45	0.698164
77	0.551047
41	0.533240
4	0.497537
46	0.474832
2	0.385923
76	0.378408
7	0.330201
37	0.292801
38	0.292801
6	0.210158
39	0.169868
3	0.152151
5	0.076135

8 16 54
-19.238937	0.000000

144	0.660094
177	0.571328
178	0.338519
145	0.170095
143	0.157107
146	0.136289
147	0.118536
71	0.103098
67	0.102117
142	0.088385
69	0.063252
70	0.055013
68	0.026314
6	0.015949
72	0.012217
7	0.005670

174	4.159024
123	3.759910
125	1.626375
46	1.545856
126	1.432496
163	1.295878
161	0.782835
49	0.725003
51	0.642130
128	0.614998
155	0.589605
98	0.588590
165	0.478631
124	0.399515
157	0.372799
156	0.349272
129	0.328099
1	0.317151
50	0.280206
81	0.263568
87	0.257770
154	0.236345
153	0.228125
158	0.220347
97	0.199699
179	0.190716
180	0.173754
94	0.164140
86	0.162098
52	0.162022
99	0.156567
89	0.150090
47	0.147514
127	0.145359
90	0.130539
92	0.121105
83	0.095153
85	0.091212
19	0.090696
84	0.082759
160	0.080639
88	0.075106
162	0.070991
82	0.067917
48	0.062104
159	0.056780
11	0.041166
13	0.039877
14	0.034857
91	0.034415
93	0.032947
16	0.025393
15	0.013454
20	0.012766

9 30 86
-22.685127	-0.000000

334	0.754844
335	0.361393
364	0.322230
207	0.198127
212	0.192258
216	0.192010
336	0.179373
211	0.086078
208	0.086078
217	0.084021
213	0.083774
219	0.083774
337	0.055191
68	0.047326
71	0.046639
73	0.046639
218	0.027749
214	0.027749
209	0.025445
210	0.025445
220	0.021632
215	0.019575
77	0.015256
75	0.013278
76	0.013278
72	0.013095
74	0.012591
70	0.012408
69	0.012408
1	0.007399

237	1.682908
257	1.398299
348	1.241571
344	1.119804
349	1.096450
345	0.988062
342	0.975866
338	0.781962
249	0.760282
339	0.719790
238	0.701989
343	0.628393
253	0.625207
221	0.561404
256	0.488481
259	0.463533
246	0.442238
260	0.406828
228	0.405187
88	0.393138
91	0.387171
258	0.355914
104	0.296286
100	0.280650
240	0.265048
255	0.262888
347	0.261622
341	0.254716
224	0.247577
223	0.247577
254	0.236699
243	0.220517
78	0.220236
241	0.217895
108	0.214398
242	0.210288
230	0.207924
106	0.205854
239	0.203962
235	0.198788
102	0.196325
85	0.193278
245	0.183395
107	0.180668
340	0.177618
244	0.168132
226	0.164301
231	0.156480
233	0.153369
251	0.132190
250	0.126281
96	0.122779
248	0.118570
346	0.110365
81	0.109530
83	0.109530
92	0.106564
101	0.106275
93	0.104010
89	0.101908
90	0.101908
86	0.098526
95	0.094258
94	0.088355
229	0.083070
236	0.079881
105	0.075471
252	0.073662
82	0.070082
103	0.066979
4	0.060563
87	0.060470
2	0.048617
8	0.045443
247	0.044702
109	0.043343
225	0.039644
222	0.039644
6	0.031871
7	0.030073
227	0.024103
98	0.022273
97	0.021794
9	0.019192
3	0.013838
99	0.012694

10 16 115
-24.621468	0.000000

665	0.650097
729	0.562676
435	0.261731
437	0.227638
663	0.226535
664	0.197027
666	0.167519
434	0.101536
436	0.067444
438	0.058658
154	0.040879
155	0.035554
152	0.023462
433	0.020307
153	0.006046
10	0.003665

724	5.359580
619	5.007492
621	3.181463
624	3.121997
337	2.544128
696	1.582647
692	1.569872
349	1.415196
346	1.365806
511	1.318914
626	1.276587
678	1.182375
695	1.141554
623	1.139543
353	1.115394
698	0.959830
475	0.909187
342	0.906164
625	0.823407
98	0.819956
339	0.817831
677	0.786924
338	0.712333
510	0.708782
343	0.653792
340	0.650548
627	0.647251
351	0.644445
513	0.637179
502	0.632036
629	0.603005
628	0.584635
630	0.575531
341	0.574006
350	0.555748
514	0.554181
503	0.549707
101	0.544101
103	0.536607
474	0.516924
699	0.509624
620	0.480774
477	0.476028
693	0.452296
733	0.441093
356	0.416885
478	0.414021
355	0.399375
732	0.391474
519	0.386431
347	0.360028
622	0.355915
512	0.339861
361	0.336239
520	0.336095
499	0.329162
354	0.316147
358	0.311003
208	0.285358
209	0.248187
476	0.234282
102	0.223286
517	0.212841
184	0.208115
210	0.205997
206	0.202021
182	0.195508
500	0.184795
697	0.184219
185	0.181006
107	0.176854
509	0.174854
473	0.169217
516	0.165489
691	0.159945
1	0.157215
106	0.149546
186	0.142003
344	0.140632
196	0.132522
700	0.131321
348	0.128158
357	0.124930
694	0.116549
197	0.115260
104	0.113667
108	0.112509
109	0.111421
360	0.103296
105	0.097491
362	0.096569
99	0.095875
100	0.088177
521	0.079596
345	0.078046
504	0.070643
214	0.066626
215	0.057948
211	0.057119
199	0.056658
518	0.054845
359	0.054090
207	0.052057
183	0.050379
352	0.048104
501	0.047618
187	0.042673
217	0.034641
216	0.033243
24	0.031553
17	0.030536
198	0.028862
25	0.025580
18	0.018656
21	0.011880

11 94 279
-27.820611	0.000000

1420	0.711763
1421	0.359289
1472	0.244567
1422	0.205201
1117	0.194620
1124	0.187238
1130	0.186515
1135	0.186473
1423	0.109146
1123	0.096530
1118	0.096530
1141	0.091337
1125	0.091337
1136	0.091072
1139	0.091030
1131	0.091030
535	0.051459
540	0.049704
549	0.049704
544	0.049626
547	0.049626
1122	0.048836
1119	0.048836
568	0.048088
571	0.047983
1132	0.047364
1137	0.047364
1126	0.047056
1140	0.047056
1129	0.041454
1145	0.039217
1142	0.038951
1424	0.034477
550	0.023014
536	0.022494
539	0.022494
562	0.022421
557	0.022421
566	0.022344
554	0.022344
553	0.022316
559	0.022316
545	0.021874
548	0.021796
541	0.021796
575	0.021534
569	0.021506
572	0.021506
1133	0.017653
1127	0.016930
1138	0.016930
1120	0.015151
1121	0.015151
140	0.012305
1146	0.012195
145	0.012122
143	0.012122
150	0.012103
152	0.011863
1144	0.011430
1143	0.011430
1134	0.009958
1128	0.009958
570	0.007736
552	0.007585
565	0.007585
563	0.007557
561	0.007557
542	0.007367
546	0.007367
560	0.006886
538	0.006669
537	0.006669
576	0.006014
573	0.005941
574	0.005941
556	0.005752
558	0.005752
564	0.005724
555	0.005724
567	0.005131
551	0.005131
543	0.004914
154	0.003545
153	0.003488
151	0.003488
147	0.003469
148	0.003469
144	0.003412
149	0.003286
146	0.003286
142	0.003229
141	0.003229
1	0.001924

1179	2.009433
1215	1.969323
1439	1.183037
1437	1.138535
1433	1.070382
1225	1.068717
1438	1.038886
1440	0.951066
1180	0.950747
1431	0.872958
1216	0.823920
1434	0.814343
1197	0.808907
1231	0.807936
1425	0.707040
707	0.688231
1426	0.615272
1235	0.610244
1432	0.567612
1147	0.529917
625	0.519459
630	0.503241
634	0.502368
1223	0.496069
1204	0.475986
1181	0.469005
1214	0.463042
687	0.461367
690	0.454150
1224	0.435065
1218	0.428721
679	0.417869
1194	0.363926
1221	0.356621
1219	0.354686
1199	0.346639
1200	0.341952
1220	0.341802
1436	0.336133
699	0.335623
1170	0.334416
1159	0.334214
669	0.319768
1227	0.300406
703	0.294133
1152	0.274956
1149	0.274956
1222	0.272262
1228	0.271563
1206	0.265301
1442	0.263534
708	0.262197
1213	0.241401
1217	0.239785
1183	0.236994
676	0.232438
1236	0.232383
577	0.230202
1211	0.228620
626	0.223649
629	0.223649
635	0.217467
637	0.216976
631	0.216976
660	0.213370
711	0.208138
1202	0.207429
1188	0.195276
1184	0.191211
682	0.190613
1428	0.188570
1187	0.182100
1427	0.180850
1185	0.179253
1186	0.177615
1207	0.175841
709	0.175403
680	0.175009
1193	0.174441
1209	0.169343
692	0.165553
696	0.163639
685	0.158566
683	0.157788
1150	0.157469
1151	0.157469
672	0.156143
674	0.154361
1196	0.152465
684	0.152041
694	0.149949
1154	0.148033
603	0.147929
589	0.147711
586	0.147711
1182	0.143934
610	0.142755
1435	0.142412
1189	0.140813
693	0.140661
1233	0.138599
1164	0.136992
1166	0.136934
1174	0.135642
1163	0.133826
1161	0.132506
653	0.129837
1232	0.129678
1156	0.127984
1191	0.126785
1190	0.126435
691	0.125183
171	0.122372
1172	0.121491
686	0.121053
176	0.120337
174	0.120337
688	0.119827
689	0.119827
677	0.119763
662	0.119759
1205	0.116882
1212	0.110562
211	0.105600
192	0.104363
667	0.102284
197	0.097952
200	0.096424
582	0.094087
591	0.094087
639	0.089681
673	0.089486
1226	0.087766
1441	0.087016
213	0.086786
605	0.079865
583	0.078985
590	0.078985
643	0.078354
663	0.077703
648	0.077585
1230	0.077156
1158	0.076661
155	0.076602
1234	0.076184
593	0.076157
214	0.076090
646	0.075722
665	0.074792
215	0.073921
202	0.073463
580	0.073335
579	0.073335
678	0.072635
632	0.071501
636	0.071501
205	0.071175
642	0.070342
606	0.070324
640	0.069573
195	0.069457
1430	0.069085
620	0.067725
710	0.066865
204	0.066538
608	0.066533
641	0.065983
628	0.065870
627	0.065870
651	0.065852
712	0.065522
650	0.064335
167	0.063988
649	0.063812
203	0.062418
1162	0.060887
701	0.059159
1195	0.057976
644	0.056867
647	0.056866
700	0.056612
1168	0.056557
655	0.056066
656	0.055684
638	0.055606
645	0.055055
193	0.053778
661	0.053736
705	0.051877
604	0.051745
185	0.051220
652	0.050979
681	0.050964
668	0.050841
633	0.050642
1429	0.050379
704	0.049928
1157	0.049822
1155	0.049822
1176	0.049006
1173	0.048625
158	0.048537
160	0.048537
616	0.047946
611	0.047929
1171	0.047607
622	0.046918
698	0.046401
695	0.046056
612	0.045199
607	0.045174
1178	0.044769
587	0.042924
1203	0.042343
1160	0.041267
619	0.040704
212	0.040234
180	0.039309
1192	0.038509
168	0.037180
658	0.034947
1201	0.034487
179	0.034024
178	0.034024
181	0.033836
175	0.033525
702	0.033150
585	0.033142
194	0.032619
177	0.032373
595	0.032157
172	0.031875
173	0.031875
1177	0.031522
183	0.030950
207	0.030898
1198	0.030570
578	0.030140
581	0.030140
169	0.029897
184	0.029826
601	0.029499
596	0.029499
706	0.029175
182	0.028332
201	0.026598
198	0.025455
199	0.025455
188	0.025138
190	0.024990
621	0.024800
614	0.024789
609	0.024588
165	0.023694
159	0.023490
617	0.021535
164	0.021515
161	0.021515
600	0.021460
598	0.021460
1229	0.020728
166	0.019663
4	0.018912
216	0.018847
196	0.016713
594	0.016673
592	0.016673
2	0.015518
8	0.015115
189	0.015022
170	0.012786
697	0.012388
1153	0.012331
1148	0.012331
618	0.011848
11	0.011344
6	0.011190
206	0.010832
624	0.010590

2
3 2 2
-6.928203	0.000000

5	0.907073
1	0.420974

3	0.949543
2	0.828275

4 4 4
-6.928203	-0.000000

10	0.669316
9	0.667358
2	0.309722
3	0.103544

8	5.913371
1	2.609912
6	1.108862
5	0.561477

5 4 8
-12.310734	-0.000000

13	0.737224
21	0.638086
14	0.189970
1	0.115144

17	2.104851
18	1.996525
16	1.913403
15	1.862591
4	0.951977
2	0.800933
3	0.400863
5	0.326545

6 4 14
-13.856406	-0.000000

43	0.896410
31	0.416025
30	0.138675
6	0.064359

40	5.366485
20	4.173978
36	1.044015
1	1.028373
35	0.910682
34	0.651566
22	0.597015
44	0.392449
9	0.302393
23	0.257694
21	0.193131
37	0.182136
11	0.161510
10	0.140883

7 10 28
-17.525145	-0.000000

71	0.780611
89	0.442882
72	0.330101
31	0.185694
34	0.183283
73	0.096460
35	0.050971
32	0.048559
33	0.048559
1	0.029028

80	4.465584
81	3.984847
42	3.795364
78	3.343351
79	3.304651
74	3.001450
75	2.410997
48	1.933021
36	1.879412
47	1.805105
40	1.481577
44	1.387111
45	1.216933
43	0.971938
49	0.839413
46	0.718841
4	0.584569
77	0.582588
41	0.552744
2	0.496520
38	0.414618
37	0.414618
7	0.380348
76	0.323296
6	0.310535
39	0.242293
3	0.157792
5	0.128844

8 16 56
-19.238937	0.000000

144	0.701615
177	0.607266
178	0.215512
145	0.180794
71	0.109583
67	0.108540
143	0.100020
142	0.093944
146	0.086766
147	0.075464
69	0.040268
70	0.035023
68	0.027969
6	0.016953
72	0.007778
7	0.003610

174	7.024355
123	5.908933
125	2.656075
126	2.442954
46	2.421649
163	1.920549
128	1.486995
49	1.167495
51	1.078675
165	1.019260
161	0.976825
155	0.950884
98	0.878624
50	0.649140
156	0.573952
157	0.519632
1	0.517025
154	0.453269
87	0.408890
81	0.375839
129	0.333759
153	0.325298
99	0.324387
97	0.296376
86	0.266372
124	0.262476
158	0.226375
89	0.209205
94	0.204648
180	0.199938
179	0.195933
83	0.182487
90	0.181955
84	0.158717
52	0.156212
92	0.151115
85	0.147102
19	0.135583
88	0.122331
47	0.108447
82	0.096847
160	0.092791
162	0.081689
13	0.063255
11	0.058701
159	0.058333
14	0.056774
93	0.037912
91	0.035357
16	0.031659
20	0.025790
48	0.020700
127	0.018974
15	0.018754
12	0.016359
164	0.010466

9 30 89
-22.685127	0.000000

334	0.754844
335	0.361393
364	0.322230
207	0.198127
212	0.192258
216	0.192010
336	0.179373
211	0.086078
208	0.086078
217	0.084021
219	0.083774
213	0.083774
337	0.055191
68	0.047326
73	0.046639
71	0.046639
218	0.027749
214	0.027749
210	0.025445
209	0.025445
220	0.021632
215	0.019575
77	0.015256
76	0.013278
75	0.013278
72	0.013095
74	0.012591
69	0.012408
70	0.012408
1	0.007399

237	6.108839
349	5.324995
344	5.213265
257	5.112613
348	4.491208
343	3.527564
342	3.508945
345	3.468396
249	3.333008
338	3.171836
238	2.572145
256	2.306667
339	2.292483
259	2.212824
253	2.208357
221	2.192310
260	1.941675
246	1.568137
240	1.447562
88	1.438038
91	1.416918
258	1.312263
228	1.295085
243	1.203839
241	1.196923
242	1.153490
104	1.079523
100	1.000921
223	0.995350
224	0.995350
347	0.957548
106	0.957334
255	0.947943
244	0.916114
102	0.875175
78	0.854911
107	0.839994
245	0.834796
254	0.833322
341	0.832493
108	0.788691
239	0.750915
226	0.700294
251	0.698992
250	0.683407
230	0.672478
235	0.634076
85	0.619041
93	0.555999
96	0.530104
95	0.503519
231	0.480080
94	0.471951
233	0.470625
340	0.468471
248	0.437635
81	0.432311
83	0.432311
252	0.403310
92	0.392522
101	0.377714
90	0.374861
89	0.374861
86	0.315365
82	0.295843
346	0.291088
229	0.286462
105	0.277197
236	0.276798
103	0.236218
4	0.222572
109	0.203603
225	0.201760
222	0.201760
87	0.193647
2	0.190696
8	0.166557
6	0.139577
247	0.117902
98	0.113176
97	0.111913
7	0.107075
9	0.087980
227	0.080269
99	0.065952
3	0.044307
5	0.036207
80	0.029948
79	0.029948

10 16 132
-24.621468	0.000000

665	0.650097
729	0.562676
435	0.261731
437	0.227638
663	0.226535
664	0.197027
666	0.167519
434	0.101536
436	0.067444
438	0.058658
154	0.040879
155	0.035554
152	0.023462
433	0.020307
153	0.006046
10	0.003665

724	13.641974
619	11.918865
621	7.521694
624	7.425868
337	5.919218
626	3.537845
349	3.456200
696	3.379965
346	3.376613
698	3.206018
511	3.083890
692	3.072531
623	2.992908
678	2.990939
695	2.669186
353	2.513174
628	2.478544
342	2.150224
475	2.092234
339	1.984229
98	1.947570
343	1.842208
630	1.812071
677	1.810882
622	1.730164
351	1.728488
340	1.714668
350	1.684220
510	1.528683
338	1.384662
513	1.360785
625	1.352910
627	1.341032
519	1.290754
474	1.286134
101	1.275793
629	1.269733
103	1.263717
502	1.237011
477	1.204162
514	1.183530
341	1.161761
520	1.122621
503	1.075879
478	1.047309
356	1.017249
355	0.922872
361	0.887296
347	0.883121
699	0.821211
620	0.800792
512	0.794664
693	0.728834
733	0.710779
358	0.707554
499	0.643704
732	0.630824
208	0.615453
102	0.603689
476	0.539132
209	0.535285
516	0.524366
184	0.517802
210	0.481662
206	0.474406
107	0.468620
185	0.450353
182	0.445935
108	0.440312
509	0.410611
473	0.385968
1	0.384797
360	0.372855
354	0.371303
104	0.366799
517	0.342973
345	0.337428
109	0.336180
186	0.326779
500	0.297780
697	0.296852
106	0.284606
357	0.273287
196	0.259158
691	0.257736
362	0.240255
197	0.225400
700	0.211612
214	0.211112
105	0.200724
694	0.187808
215	0.183612
99	0.171119
359	0.159134
100	0.158714
521	0.128262
207	0.122246
211	0.121985
217	0.115707
183	0.114909
504	0.113834
344	0.112129
199	0.110889
187	0.107945
651	0.093902
348	0.092029
518	0.088378
501	0.076733
24	0.074096
17	0.069649
352	0.060624
25	0.055171
216	0.053568
727	0.051383
728	0.049932
198	0.046509
18	0.046417
652	0.037822
415	0.024070
650	0.024002
21	0.023232
418	0.022783
654	0.021292
27	0.018925
656	0.016619
657	0.016521
655	0.016294
407	0.015543
653	0.012055
658	0.011952
631	0.010265
410	0.010221

11 94 308
-27.820611	0.000000

1420	0.711763
1421	0.359289
1472	0.244567
1422	0.205201
1117	0.194620
1124	0.187238
1130	0.186515
1135	0.186473
1423	0.109146
1123	0.096530
1118	0.096530
1141	0.091337
1125	0.091337
1136	0.091072
1139	0.091030
1131	0.091030
535	0.051459
540	0.049704
549	0.049704
547	0.049626
544	0.049626
1122	0.048836
1119	0.048836
568	0.048088
571	0.047983
1132	0.047364
1137	0.047364
1126	0.047056
1140	0.047056
1129	0.041454
1145	0.039217
1142	0.038951
1424	0.034477
550	0.023014
536	0.022494
539	0.022494
562	0.022421
557	0.022421
554	0.022344
566	0.022344
559	0.022316
553	0.022316
545	0.021874
541	0.021796
548	0.021796
575	0.021534
572	0.021506
569	0.021506
1133	0.017653
1127	0.016930
1138	0.016930
1120	0.015151
1121	0.015151
140	0.012305
1146	0.012195
145	0.012122
143	0.012122
150	0.012103
152	0.011863
1143	0.011430
1144	0.011430
1128	0.009958
1134	0.009958
570	0.007736
552	0.007585
565	0.007585
563	0.007557
561	0.007557
546	0.007367
542	0.007367
560	0.006886
538	0.006669
537	0.006669
576	0.006014
574	0.005941
573	0.005941
558	0.005752
556	0.005752
564	0.005724
555	0.005724
551	0.005131
567	0.005131
543	0.004914
154	0.003545
153	0.003488
151	0.003488
148	0.003469
147	0.003469
144	0.003412
146	0.003286
149	0.003286
141	0.003229
142	0.003229
1	0.001924

1179	8.046993
1215	7.997519
1439	6.098553
1438	5.565060
1433	5.407688
1437	4.578767
1225	4.276124
1231	3.913183
1180	3.841746
1197	3.835265
1440	3.764011
1432	3.515522
1431	3.467130
1216	3.379997
1425	3.145604
1434	3.130724
707	2.770973
1223	2.524932
1235	2.431369
1214	2.411315
1147	2.268408
1218	2.266198
1224	2.215027
1426	2.152849
625	2.095837
630	2.030849
634	2.027564
1181	1.906369
687	1.888080
1221	1.886112
1219	1.880498
690	1.859670
1204	1.842689
1220	1.811707
1199	1.719158
1200	1.705558
679	1.690344
699	1.612555
669	1.502071
1222	1.439154
1183	1.432280
703	1.413881
1194	1.413562
1436	1.358313
1227	1.258257
1149	1.200739
1152	1.200739
1188	1.178720
1159	1.173391
1170	1.171098
1184	1.166927
1202	1.163091
1187	1.104536
1185	1.096277
1228	1.095790
1442	1.093079
1186	1.082949
708	1.050511
1206	1.050381
711	1.026337
1217	0.988912
682	0.980970
577	0.977416
1213	0.967362
1236	0.921663
629	0.908720
626	0.908720
676	0.903133
635	0.884487
631	0.882309
637	0.882309
1211	0.881565
692	0.865983
1193	0.863806
1189	0.852409
660	0.834186
685	0.816417
1233	0.815509
683	0.814158
1232	0.789626
684	0.784330
694	0.784235
1191	0.767431
1190	0.766416
672	0.753161
674	0.747992
693	0.735756
680	0.714802
709	0.712012
1151	0.709435
1150	0.709435
1154	0.684168
1428	0.677638
696	0.658894
1207	0.652356
589	0.632265
586	0.632265
1209	0.629792
686	0.622894
1196	0.621222
653	0.607933
1156	0.588766
1182	0.586687
639	0.533199
1427	0.524719
603	0.520408
691	0.516264
610	0.501384
171	0.496725
673	0.493273
688	0.493251
689	0.493250
174	0.488715
176	0.488715
1205	0.481292
662	0.478395
1163	0.476065
1161	0.472236
1234	0.468466
643	0.465188
677	0.464301
648	0.462956
1212	0.459243
1166	0.454163
1164	0.452487
646	0.451110
1174	0.449255
1172	0.432128
211	0.427696
213	0.423776
642	0.418365
640	0.416131
1435	0.413196
192	0.409408
582	0.407320
591	0.407320
197	0.399179
667	0.398430
641	0.394247
200	0.393182
651	0.392516
650	0.383052
649	0.381537
202	0.374550
214	0.371657
590	0.351874
583	0.351874
1158	0.343072
701	0.339969
204	0.339186
644	0.337834
647	0.337832
700	0.332578
195	0.332528
593	0.331998
645	0.327418
1230	0.325896
155	0.324868
579	0.321266
580	0.321266
203	0.318214
652	0.302742
1201	0.298661
705	0.298231
215	0.296950
205	0.292604
704	0.292575
636	0.291968
632	0.291968
663	0.291705
1198	0.287297
605	0.283190
678	0.282133
665	0.281535
655	0.273514
656	0.272406
710	0.269996
627	0.268579
628	0.268579
712	0.260514
1226	0.254644
1441	0.252468
1430	0.249324
606	0.241849
185	0.237830
1192	0.233046
620	0.232430
695	0.231540
608	0.228669
638	0.227169
167	0.225438
661	0.222166
1162	0.214563
668	0.212043
193	0.210475
681	0.209205
158	0.207110
160	0.207110
1155	0.206684
1157	0.206684
633	0.206466
1176	0.199050
1168	0.198156
181	0.198064
702	0.196892
698	0.195298
1171	0.193828
658	0.188589
604	0.187944
183	0.181069
587	0.176197
1173	0.175142
616	0.175044
1160	0.174751
611	0.174692
184	0.174510
706	0.173000
1195	0.168213
182	0.165766
622	0.164566
212	0.162139
585	0.161144
1178	0.160797
180	0.159687
612	0.159129
607	0.159057
1203	0.154275
207	0.147252
1429	0.146169
619	0.144386
601	0.142478
596	0.142478
178	0.138848
179	0.138848
175	0.136845
177	0.131954
168	0.130927
172	0.129953
173	0.129953
194	0.127915
595	0.122004
188	0.119562
190	0.119134
578	0.112013
581	0.112013
201	0.109196
165	0.107663
159	0.106328
169	0.105315
198	0.104315
199	0.104315
600	0.102918
598	0.102918
1148	0.099976
1153	0.099976
164	0.094274
161	0.094274
1177	0.091459
621	0.088439
614	0.088409
166	0.086262
609	0.085679
592	0.083477
594	0.083477
189	0.079881
4	0.077059
216	0.076317
617	0.075813
2	0.066456
196	0.064868
8	0.061870
1229	0.060140
206	0.056027
6	0.052818
657	0.050054
654	0.049096
11	0.045836
170	0.045028
10	0.038766
671	0.038356
624	0.037135
697	0.035942
618	0.035723
1210	0.033549
602	0.033238
670	0.033186
209	0.031381
208	0.030944
588	0.030223
584	0.030223
7	0.029408
613	0.028657
623	0.026973
1169	0.024679
9	0.024212
163	0.023520
162	0.023520
659	0.023184
615	0.021694
599	0.019428
597	0.019428
210	0.018296
666	0.016386
1167	0.016355
156	0.015523
157	0.015523
1175	0.012212
3	0.012160

5
3 2 2
-6.928203	0.000000

5	0.907073
1	0.420974

2	1.721704
3	1.366728

4 4 4
-6.928203	-0.000000

10	0.890264
9	0.393781
2	0.182754
3	0.137724

8	12.126545
1	5.281735
6	1.791943
5	1.251573

5 4 8
-12.310734	0.000000

13	0.737224
21	0.638086
14	0.189970
1	0.115144

18	6.048361
15	4.617483
17	4.337433
16	3.474265
4	1.986784
2	1.955230
5	0.958875
3	0.726907

6 4 14
-13.856406	0.000000

43	0.896410
31	0.416025
30	0.138675
6	0.064359

40	9.398277
20	6.750671
1	1.751078
35	1.676622
36	1.330941
22	1.258779
34	1.002520
21	0.920789
23	0.795434
9	0.465271
44	0.328421
10	0.259374
11	0.205897
37	0.152421

7 10 28
-17.525145	0.000000

71	0.780611
89	0.442882
72	0.330101
31	0.185694
34	0.183283
73	0.096460
35	0.050971
32	0.048559
33	0.048559
1	0.029028

80	4.341498
79	3.522810
81	2.894272
42	2.828830
74	2.554196
78	2.459726
48	1.842862
36	1.544726
75	1.514502
44	1.449997
47	1.327381
45	1.271198
40	0.935945
43	0.731435
46	0.684817
49	0.607793
4	0.438992
2	0.411686
77	0.379083
37	0.374963
38	0.374963
41	0.348634
6	0.290509
7	0.278771
39	0.220431
76	0.133507
5	0.132243
3	0.099602

8 16 56
-19.238937	0.000000

144	0.628430
177	0.543922
178	0.404689
143	0.187817
146	0.162929
145	0.161935
147	0.141706
71	0.098152
67	0.097218
142	0.084145
69	0.075616
70	0.065766
68	0.025052
6	0.015184
72	0.014605
7	0.006778

174	14.360205
123	11.291911
125	5.261973
126	5.054055
46	4.616113
128	3.808934
163	3.412671
165	2.530151
49	2.282342
51	2.195793
155	1.931574
50	1.622834
98	1.572854
161	1.453349
156	1.065660
1	1.022812
154	0.974843
87	0.817906
99	0.792532
157	0.773854
81	0.671967
153	0.581606
97	0.527687
86	0.494574
83	0.392474
127	0.386641
84	0.341351
89	0.311555
129	0.309740
94	0.304078
85	0.298815
90	0.270973
19	0.243203
88	0.224895
92	0.224833
158	0.220135
180	0.195459
179	0.190533
82	0.173155
124	0.150698
13	0.126530
52	0.119136
11	0.104952
14	0.104374
48	0.103918
160	0.090713
162	0.079859
20	0.062053
159	0.056725
16	0.047041
93	0.037063
12	0.035182
91	0.034382
15	0.027929
47	0.018589
164	0.010232

9 30 90
-22.685127	0.000000

334	0.754844
335	0.361393
364	0.322230
207	0.198127
212	0.192258
216	0.192010
336	0.179373
211	0.086078
208	0.086078
217	0.084021
213	0.083774
219	0.083774
337	0.055191
68	0.047326
71	0.046639
73	0.046639
218	0.027749
214	0.027749
209	0.025445
210	0.025445
220	0.021632
215	0.019575
77	0.015256
76	0.013278
75	0.013278
72	0.013095
74	0.012591
69	0.012408
70	0.012408
1	0.007399

349	5.104682
344	4.849240
237	4.496128
257	3.795410
343	3.695023
348	3.291790
249	2.958356
338	2.628311
342	2.553178
345	2.448567
256	2.167961
259	2.095996
238	1.914240
260	1.838864
221	1.749673
253	1.571499
240	1.493299
339	1.404953
243	1.241574
241	1.238778
242	1.192865
246	1.121403
88	1.068070
91	1.053004
258	0.983743
244	0.943805
106	0.889782
224	0.817777
223	0.817777
228	0.798306
104	0.798080
102	0.787381
107	0.780576
245	0.763444
100	0.720973
347	0.711701
251	0.707621
250	0.701319
255	0.692118
78	0.678104
226	0.606989
254	0.590517
108	0.589681
93	0.566505
239	0.561971
341	0.531529
95	0.512824
94	0.480653
96	0.464569
230	0.422429
252	0.416640
235	0.389547
85	0.382858
83	0.348785
81	0.348785
248	0.328476
92	0.293924
90	0.280256
89	0.280256
231	0.275837
101	0.270897
233	0.270496
82	0.254275
105	0.206877
222	0.199491
225	0.199491
229	0.197547
86	0.194844
236	0.192121
109	0.190636
340	0.189429
103	0.167766
4	0.166219
2	0.152883
8	0.124000
6	0.123784
87	0.119735
346	0.117703
98	0.111789
97	0.111279
9	0.080896
7	0.076969
99	0.066057
227	0.052713
247	0.047675
5	0.036418
79	0.035898
80	0.035898
3	0.027388
84	0.019425

10 16 127
-24.621468	0.000004

665	0.650097
729	0.562676
435	0.261731
437	0.227638
663	0.226535
664	0.197027
666	0.167519
434	0.101536
436	0.067444
438	0.058658
154	0.040879
155	0.035554
152	0.023462
433	0.020307
153	0.006046
10	0.003665

724	9.814888
619	8.037287
621	5.036796
624	5.003980
337	3.896700
698	2.802882
626	2.733010
628	2.427454
349	2.391657
346	2.364400
623	2.213366
678	2.139840
511	2.041049
696	2.010024
622	1.780882
695	1.766583
692	1.610051
353	1.596176
630	1.529520
342	1.445352
343	1.441233
350	1.387122
339	1.364203
475	1.360957
98	1.310458
351	1.300910
340	1.271881
677	1.177945
519	1.128447
520	0.981457
510	0.920700
474	0.906094
477	0.861505
101	0.846899
103	0.842764
513	0.809241
627	0.765504
478	0.749287
629	0.741084
338	0.717523
514	0.703831
356	0.703349
361	0.658840
502	0.648211
341	0.641182
347	0.613726
355	0.603035
345	0.591455
503	0.563776
512	0.525944
625	0.490140
102	0.457324
358	0.454394
516	0.444353
108	0.416913
208	0.370676
184	0.364796
476	0.350696
107	0.349161
360	0.339757
499	0.336864
209	0.322393
210	0.318783
185	0.317278
206	0.315426
104	0.314288
620	0.301035
182	0.287214
699	0.281264
109	0.276063
509	0.273009
1	0.266846
693	0.249621
473	0.248591
733	0.243441
732	0.216053
186	0.212562
214	0.178898
362	0.169249
357	0.167547
352	0.162688
215	0.155595
106	0.142294
196	0.135622
359	0.128449
197	0.117957
517	0.117468
105	0.113565
500	0.101988
697	0.101672
217	0.101157
691	0.088273
348	0.086102
207	0.081280
344	0.079218
187	0.077228
99	0.075687
183	0.074010
211	0.072543
700	0.072477
100	0.071438
694	0.064323
651	0.059595
199	0.058107
24	0.049265
17	0.044859
521	0.043930
504	0.038987
25	0.033228
727	0.032991
728	0.032956
18	0.032701
518	0.030269
501	0.026280
652	0.024722
216	0.018347
27	0.016037
198	0.015929
650	0.015673
415	0.014793
354	0.014754
418	0.014310
654	0.013557
21	0.012158
657	0.010933
655	0.010900
656	0.010726

11 94 310
-27.820611	0.000001

1420	0.711763
1421	0.359289
1472	0.244567
1422	0.205201
1117	0.194620
1124	0.187238
1130	0.186515
1135	0.186473
1423	0.109146
1118	0.096530
1123	0.096530
1125	0.091337
1141	0.091337
1136	0.091072
1139	0.091030
1131	0.091030
535	0.051459
540	0.049704
549	0.049704
547	0.049626
544	0.049626
1122	0.048836
1119	0.048836
568	0.048088
571	0.047983
1137	0.047364
1132	0.047364
1140	0.047056
1126	0.047056
1129	0.041454
1145	0.039217
1142	0.038951
1424	0.034477
550	0.023014
536	0.022494
539	0.022494
562	0.022421
557	0.022421
566	0.022344
554	0.022344
559	0.022316
553	0.022316
545	0.021874
541	0.021796
548	0.021796
575	0.021534
572	0.021506
569	0.021506
1133	0.017653
1138	0.016930
1127	0.016930
1120	0.015151
1121	0.015151
140	0.012305
1146	0.012195
145	0.012122
143	0.012122
150	0.012103
152	0.011863
1143	0.011430
1144	0.011430
1134	0.009958
1128	0.009958
570	0.007736
552	0.007585
565	0.007585
561	0.007557
563	0.007557
542	0.007367
546	0.007367
560	0.006886
537	0.006669
538	0.006669
576	0.006014
573	0.005941
574	0.005941
556	0.005752
558	0.005752
564	0.005724
555	0.005724
551	0.005131
567	0.005131
543	0.004914
154	0.003545
153	0.003488
151	0.003488
148	0.003469
147	0.003469
144	0.003412
146	0.003286
149	0.003286
142	0.003229
141	0.003229
1	0.001924

1215	7.238101
1179	7.164381
1439	6.871604
1438	6.443005
1433	6.002522
1432	4.446337
1231	4.202024
1437	4.097094
1197	4.045978
1225	3.803220
1180	3.456800
1440	3.303875
1425	3.133470
1216	3.094587
1431	3.056415
1223	2.818400
1214	2.737000
1434	2.649180
1218	2.599666
707	2.482805
1224	2.472979
1147	2.174604
1221	2.164481
1219	2.161745
1235	2.151532
1220	2.082278
625	1.882491
1199	1.881299
1200	1.874669
630	1.824592
634	1.821889
1183	1.787156
1181	1.727140
687	1.723886
699	1.720183
690	1.699111
1222	1.650921
1426	1.587132
1204	1.573354
669	1.572025
679	1.522894
703	1.508844
1188	1.469764
1184	1.464015
1202	1.387726
1187	1.381022
1185	1.376996
1186	1.357960
1436	1.222289
1194	1.212089
1227	1.178784
1149	1.174617
1152	1.174617
711	1.118068
682	1.103965
1189	1.064592
1442	1.013161
1233	1.002038
1232	0.989421
692	0.986087
1228	0.984382
1191	0.958424
1190	0.957929
1193	0.944134
708	0.935834
577	0.929059
1206	0.922410
685	0.919090
683	0.917989
1217	0.910817
694	0.892902
684	0.884208
1159	0.869864
1170	0.864536
1213	0.861945
693	0.837787
629	0.822924
626	0.822924
1236	0.811102
672	0.806031
674	0.803511
635	0.801901
637	0.799738
631	0.799738
676	0.774738
1211	0.748885
660	0.721206
1151	0.715149
1150	0.715149
1154	0.705918
686	0.700917
639	0.659135
680	0.651192
709	0.644082
653	0.634474
589	0.606077
586	0.606077
1156	0.604968
696	0.590421
1234	0.590187
673	0.582115
643	0.574588
648	0.573500
1196	0.564381
646	0.558304
1182	0.533241
1207	0.525903
1428	0.521189
642	0.517283
640	0.516194
1209	0.509475
641	0.488754
651	0.485937
691	0.475484
650	0.473920
649	0.473181
213	0.458064
688	0.453339
689	0.453339
171	0.449311
1205	0.442516
174	0.442329
176	0.442329
1201	0.436014
1198	0.430474
1212	0.426339
662	0.424661
202	0.418609
644	0.417436
647	0.417435
701	0.411872
700	0.408270
645	0.404816
214	0.401825
677	0.397160
582	0.395000
591	0.395000
603	0.387055
211	0.385881
204	0.379039
652	0.373995
610	0.371913
197	0.362727
705	0.361389
1163	0.360430
704	0.358632
1161	0.358563
200	0.357518
203	0.355628
192	0.355471
195	0.353671
583	0.350966
590	0.350966
1158	0.343666
667	0.342886
1172	0.327097
593	0.324209
579	0.315257
580	0.315257
155	0.308420
1230	0.308077
1166	0.304540
1164	0.301024
1174	0.300449
655	0.295420
656	0.294880
1192	0.291009
205	0.268536
636	0.265915
632	0.265915
215	0.265357
695	0.256050
1427	0.255779
185	0.246406
627	0.244203
628	0.244203
702	0.243252
710	0.242742
181	0.242627
678	0.241926
663	0.239086
665	0.231609
712	0.229952
183	0.221737
658	0.219438
184	0.213715
706	0.213533
605	0.213307
638	0.207006
661	0.205188
182	0.203003
1435	0.201416
158	0.197889
160	0.197889
668	0.197734
1430	0.193018
681	0.191679
1155	0.191607
1157	0.191607
633	0.187704
698	0.183920
193	0.182214
1176	0.180183
1171	0.175939
585	0.173584
606	0.173187
167	0.168065
620	0.165848
1160	0.165640
608	0.163573
587	0.161431
1162	0.160024
207	0.156018
601	0.152645
596	0.152645
604	0.146910
1168	0.146404
212	0.145434
180	0.144577
1153	0.142617
1148	0.142617
616	0.137875
611	0.137261
1173	0.135186
188	0.126468
178	0.126370
179	0.126370
190	0.126259
175	0.124581
1226	0.124129
1178	0.123577
1441	0.123068
622	0.121806
1203	0.121151
177	0.119931
612	0.118500
607	0.118465
172	0.118143
173	0.118143
194	0.111011
600	0.109619
598	0.109619
165	0.109392
619	0.108825
159	0.107656
595	0.101447
201	0.100059
168	0.097534
198	0.095395
199	0.095395
164	0.092529
161	0.092529
592	0.092023
594	0.092023
189	0.092016
578	0.090524
581	0.090524
166	0.084767
1195	0.081997
169	0.078495
671	0.077964
670	0.075444
1429	0.071252
4	0.070007
657	0.069530
654	0.069063
216	0.068839
621	0.067219
614	0.067204
2	0.063734
206	0.063283
609	0.062733
8	0.056505
617	0.056449
196	0.055568
6	0.055509
1177	0.044583
1210	0.042047
10	0.041575
11	0.041242
209	0.037497
675	0.037358
208	0.037284
602	0.035695
170	0.033549
588	0.032340
584	0.032340
1229	0.029316
624	0.027472
9	0.026857
7	0.025496
210	0.022198
599	0.021181
597	0.021181
1169	0.020427
666	0.020069
618	0.019381
659	0.018449
163	0.018019
162	0.018019
697	0.017520
1462	0.014216
613	0.013969
623	0.013148
187	0.012555
186	0.012346
5	0.012055
156	0.010264
157	0.010264
1257	0.010218

10
3 2 2
-6.928203	0.000000

5	0.907073
1	0.420974

2	3.290189
3	2.151478

4 4 4
-6.928203	-0.000000

10	0.768992
9	0.569725
2	0.264410
3	0.118963

8	22.942030
1	9.932757
6	2.995600
5	2.446840

5 4 9
-12.310734	0.000000

13	0.737224
21	0.638086
14	0.189970
1	0.115144

18	10.071125
15	7.135146
17	6.121437
16	4.531297
2	3.001301
4	2.823846
5	1.580225
3	0.947200
20	0.011021

6 4 19
-13.856406	0.000001

43	0.896410
31	0.416025
30	0.138675
6	0.064359

40	23.016448
20	15.949301
1	4.236368
35	4.191321
22	3.305133
21	2.862552
36	2.740735
34	2.310685
23	2.306911
9	1.072393
10	0.648399
44	0.430050
11	0.423993
37	0.199587
24	0.046708
42	0.034934
41	0.034014
26	0.017662
27	0.013263

7 10 37
-17.525145	0.000001

71	0.780611
89	0.442882
72	0.330101
31	0.185694
34	0.183283
73	0.096460
35	0.050971
33	0.048559
32	0.048559
1	0.029028

80	23.671973
79	19.818880
81	13.850028
42	13.727269
74	13.209795
78	11.853326
48	9.976403
44	8.105981
36	7.866077
45	7.104749
75	6.623157
47	6.394968
40	4.109151
46	3.706293
43	3.567393
49	2.903516
4	2.138743
2	2.104770
38	1.989068
37	1.989068
77	1.697830
6	1.561551
41	1.528972
7	1.340659
39	1.172097
5	0.734815
3	0.437055
76	0.371639
84	0.049455
57	0.028580
83	0.026023
87	0.024955
50	0.017028
82	0.013014
52	0.012982
62	0.011116
60	0.010141

8 16 71
-19.238937	0.000005

144	0.658034
177	0.569546
178	0.343319
145	0.169564
143	0.159335
146	0.138221
147	0.120217
71	0.102776
67	0.101798
142	0.088109
69	0.064149
70	0.055793
68	0.026232
6	0.015900
72	0.012391
7	0.005750

174	32.225334
123	24.592193
125	11.648342
126	11.399174
46	10.041545
128	9.274481
163	7.167559
165	6.108228
49	5.022368
51	4.918633
155	4.327505
50	3.921035
98	3.316087
161	2.748260
156	2.284343
1	2.262752
154	2.229771
99	1.903365
87	1.820302
157	1.458064
81	1.417970
127	1.271350
153	1.227292
97	1.109443
86	1.060166
124	0.988377
83	0.897711
84	0.780777
85	0.669466
89	0.587020
94	0.574482
19	0.513287
90	0.510556
88	0.479732
92	0.425157
48	0.371452
82	0.365387
129	0.343121
13	0.281601
47	0.269157
158	0.263906
180	0.234182
179	0.228417
14	0.222644
11	0.221467
20	0.148268
160	0.108684
162	0.095680
16	0.088873
130	0.085666
12	0.080473
52	0.077967
159	0.068004
15	0.052622
93	0.044405
176	0.043279
175	0.042152
91	0.041219
131	0.033463
53	0.025805
56	0.021995
133	0.020775
135	0.017285
132	0.015329
136	0.015082
134	0.014841
148	0.013886
138	0.012816
164	0.012259
137	0.012024
58	0.010273

9 30 91
-22.685127	0.000004

334	0.754844
335	0.361393
364	0.322230
207	0.198127
212	0.192258
216	0.192010
336	0.179373
208	0.086078
211	0.086078
217	0.084021
213	0.083774
219	0.083774
337	0.055191
68	0.047326
73	0.046639
71	0.046639
218	0.027749
214	0.027749
210	0.025445
209	0.025445
220	0.021632
215	0.019575
77	0.015256
75	0.013278
76	0.013278
72	0.013095
74	0.012591
70	0.012408
69	0.012408
1	0.007399

349	9.375004
344	8.808296
237	7.363180
343	6.992176
257	6.243460
348	5.379091
249	5.277457
338	4.555898
342	4.156081
256	3.953109
345	3.920715
259	3.832771
260	3.362383
238	3.152997
221	2.981923
240	2.811967
253	2.527456
243	2.337774
241	2.335158
242	2.248021
339	2.059067
246	1.808431
244	1.776474
88	1.757421
91	1.733160
258	1.626391
106	1.615748
107	1.417346
224	1.412189
223	1.412188
102	1.412131
245	1.377886
251	1.324258
250	1.318364
104	1.310026
228	1.174714
347	1.171467
100	1.167252
78	1.152354
255	1.128687
226	1.072452
93	1.062441
108	0.973577
95	0.961643
254	0.947532
239	0.928279
94	0.901302
96	0.824526
341	0.800928
252	0.784910
230	0.629686
83	0.597393
81	0.597393
235	0.571888
85	0.564677
248	0.543389
92	0.485653
90	0.462699
89	0.462699
82	0.447698
101	0.437555
231	0.385353
233	0.377992
222	0.370369
225	0.370368
109	0.347122
105	0.341243
229	0.312131
236	0.304690
86	0.287173
4	0.274269
103	0.269526
2	0.261096
6	0.220744
98	0.207471
97	0.206994
8	0.204279
340	0.177168
87	0.176567
9	0.146304
7	0.124473
99	0.123179
346	0.110085
227	0.080877
79	0.070653
80	0.070653
5	0.068006
247	0.044589
84	0.042392
3	0.040378
234	0.015590

10 16 222
-24.621468	0.000067

665	0.650097
729	0.562676
435	0.261731
437	0.227638
663	0.226535
664	0.197027
666	0.167519
434	0.101536
436	0.067444
438	0.058658
154	0.040879
155	0.035554
152	0.023462
433	0.020307
153	0.006046
10	0.003665

724	53.423367
619	42.508070
621	26.551213
624	26.455828
337	20.375764
698	16.399567
626	15.308451
628	14.697879
349	12.799300
346	12.720100
623	12.186222
678	11.617544
622	10.929876
511	10.699648
696	9.967914
695	9.260770
630	8.845688
353	8.199227
343	8.111814
350	7.954632
342	7.632954
692	7.377894
339	7.279359
351	7.213351
475	7.073897
340	7.011155
98	6.923878
519	6.602575
677	6.122609
520	5.742513
474	4.886778
477	4.677294
510	4.598270
101	4.446149
103	4.434127
478	4.068013
345	4.023220
513	4.013143
356	3.762503
627	3.707019
629	3.636084
361	3.633226
514	3.490383
347	3.290683
338	3.262925
355	3.141971
651	3.091640
341	3.041140
502	2.970384
512	2.757095
503	2.583451
516	2.573210
102	2.542281
108	2.500161
358	2.347148
360	2.014192
184	1.967447
107	1.928266
208	1.851292
104	1.826957
476	1.822802
728	1.716715
727	1.715479
185	1.711160
210	1.671158
206	1.657169
209	1.610139
109	1.581520
625	1.553512
499	1.542245
182	1.485587
509	1.434314
1	1.429466
652	1.289537
473	1.285807
352	1.160078
186	1.104860
214	1.035992
620	1.004279
362	0.912898
215	0.901042
357	0.844899
348	0.819894
699	0.817015
650	0.815062
344	0.799897
415	0.762633
418	0.740744
359	0.731341
354	0.730359
693	0.725157
733	0.707143
654	0.701454
106	0.630497
732	0.627641
196	0.620917
217	0.591881
657	0.569544
655	0.568788
656	0.556110
105	0.547044
197	0.540034
407	0.491849
207	0.427021
658	0.425109
187	0.419291
653	0.395785
183	0.382806
211	0.359754
517	0.341218
410	0.333070
99	0.302618
500	0.296279
697	0.295331
100	0.290268
649	0.272637
420	0.272124
413	0.270792
411	0.270458
631	0.267408
199	0.266277
412	0.264373
24	0.258830
691	0.256436
422	0.235459
17	0.232031
421	0.222284
700	0.210531
419	0.207927
408	0.205769
414	0.202531
417	0.187496
416	0.187161
694	0.186860
18	0.176370
25	0.165957
139	0.129238
521	0.127607
632	0.126543
142	0.125644
134	0.121357
137	0.117903
504	0.113260
141	0.111991
140	0.105746
726	0.102473
725	0.099868
27	0.092870
363	0.089965
633	0.088942
518	0.087926
372	0.077485
501	0.076346
368	0.071883
409	0.063216
21	0.055661
216	0.053294
659	0.049941
635	0.047862
198	0.046275
645	0.044474
637	0.039375
639	0.039287
640	0.034689
375	0.034048
369	0.033978
636	0.033680
638	0.033640
391	0.033632
138	0.033149
660	0.033139
427	0.031359
364	0.030468
367	0.030404
136	0.029905
135	0.029853
373	0.028827
110	0.027627
641	0.026832
642	0.026597
643	0.026000
431	0.025158
377	0.022962
115	0.022033
113	0.021985
710	0.021549
646	0.020548
6	0.019976
384	0.019889
365	0.019569
366	0.019317
648	0.019283
379	0.018770
143	0.018179
634	0.017067
393	0.016082
398	0.015998
394	0.015770
370	0.015459
374	0.015328
380	0.015250
662	0.015196
378	0.014769
400	0.014324
381	0.014179
424	0.014077
386	0.014037
124	0.013747
389	0.013123
396	0.012844
382	0.012609
544	0.012453
385	0.012429
388	0.011711
387	0.011507
120	0.011342
383	0.010894
707	0.010780
706	0.010778
148	0.010686
423	0.010639
432	0.010019

11 94 337
-27.820611	0.000015

1420	0.711763
1421	0.359289
1472	0.244567
1422	0.205201
1117	0.194620
1124	0.187238
1130	0.186515
1135	0.186473
1423	0.109146
1118	0.096530
1123	0.096530
1125	0.091337
1141	0.091337
1136	0.091072
1131	0.091030
1139	0.091030
535	0.051459
549	0.049704
540	0.049704
547	0.049626
544	0.049626
1122	0.048836
1119	0.048836
568	0.048088
571	0.047983
1137	0.047364
1132	0.047364
1126	0.047056
1140	0.047056
1129	0.041454
1145	0.039217
1142	0.038951
1424	0.034477
550	0.023014
536	0.022494
539	0.022494
562	0.022421
557	0.022421
566	0.022344
554	0.022344
559	0.022316
553	0.022316
545	0.021874
541	0.021796
548	0.021796
575	0.021534
569	0.021506
572	0.021506
1133	0.017653
1127	0.016930
1138	0.016930
1120	0.015151
1121	0.015151
140	0.012305
1146	0.012195
143	0.012122
145	0.012122
150	0.012103
152	0.011863
1143	0.011430
1144	0.011430
1134	0.009958
1128	0.009958
570	0.007736
552	0.007585
565	0.007585
561	0.007557
563	0.007557
542	0.007367
546	0.007367
560	0.006886
538	0.006669
537	0.006669
576	0.006014
574	0.005941
573	0.005941
556	0.005752
558	0.005752
564	0.005724
555	0.005724
551	0.005131
567	0.005131
543	0.004914
154	0.003545
151	0.003488
153	0.003488
148	0.003469
147	0.003469
144	0.003412
146	0.003286
149	0.003286
141	0.003229
142	0.003229
1	0.001924

1439	12.943856
1215	12.396407
1438	12.256941
1179	12.167163
1433	11.243526
1432	8.714135
1231	7.770610
1197	7.429034
1437	6.976177
1225	6.455521
1180	5.902811
1425	5.615625
1440	5.569145
1216	5.330866
1223	5.290385
1214	5.169593
1431	5.163778
1218	4.929175
1224	4.642353
1434	4.377007
707	4.230439
1221	4.104599
1219	4.101949
1220	3.950898
1147	3.830046
1235	3.642293
1199	3.504821
1200	3.498403
1183	3.487407
625	3.211614
699	3.172707
1222	3.130276
630	3.113247
634	3.108853
687	2.965548
1181	2.959565
690	2.923930
669	2.877109
1188	2.867420
1184	2.861854
703	2.783351
1187	2.696662
1185	2.692764
1202	2.667920
1186	2.654101
1204	2.612619
679	2.602169
1426	2.404228
1149	2.088114
1152	2.088114
1436	2.087250
711	2.079295
682	2.078566
1189	2.078033
1227	2.053629
1194	2.017457
1233	1.945562
1232	1.933347
1191	1.870774
1190	1.870295
692	1.864681
1193	1.758083
1442	1.755953
685	1.730695
683	1.729629
694	1.688399
1228	1.679518
684	1.665879
577	1.629803
708	1.589797
693	1.584237
1217	1.573660
1206	1.555244
672	1.488564
674	1.486124
1213	1.464434
629	1.409817
626	1.409817
635	1.374602
637	1.370731
631	1.370731
1236	1.369116
1159	1.322828
686	1.319645
1170	1.310875
676	1.289811
1151	1.288323
1150	1.288323
1154	1.284366
639	1.282328
1211	1.240028
660	1.205836
653	1.159878
1234	1.155236
680	1.118977
643	1.117541
648	1.116488
673	1.114886
709	1.102817
1156	1.098776
646	1.086574
589	1.067427
586	1.067427
642	1.006424
696	1.006060
640	1.005369
1196	0.968462
641	0.951741
651	0.945828
650	0.922246
649	0.921531
1182	0.915226
1201	0.890763
1198	0.885399
213	0.849282
1207	0.844632
691	0.821506
1209	0.819967
1428	0.812578
644	0.811987
647	0.811986
701	0.795945
700	0.792457
645	0.787597
202	0.786137
688	0.782435
689	0.782435
171	0.769305
1205	0.763901
174	0.757577
176	0.757577
214	0.745081
1212	0.739479
652	0.727434
662	0.720083
204	0.711794
582	0.699411
591	0.699410
705	0.698438
704	0.695769
203	0.667848
677	0.660166
211	0.659839
195	0.651539
583	0.629338
590	0.629338
197	0.622491
1158	0.617413
200	0.613760
192	0.595714
603	0.589947
593	0.575891
667	0.571858
1192	0.568006
610	0.565818
579	0.561221
580	0.561221
1163	0.556086
1161	0.554279
655	0.547566
656	0.547043
155	0.540736
1230	0.539039
1172	0.504589
695	0.478935
702	0.473148
181	0.470613
205	0.463142
636	0.456876
632	0.456876
215	0.451517
185	0.449090
183	0.430046
1166	0.429019
1174	0.422319
1164	0.421261
627	0.419216
628	0.419216
658	0.418198
706	0.415214
184	0.414495
710	0.414331
678	0.402678
182	0.393717
712	0.388767
663	0.387816
665	0.376511
638	0.355755
661	0.354998
158	0.347997
160	0.347997
668	0.343715
1155	0.332112
1157	0.332112
681	0.330315
605	0.327961
633	0.322206
585	0.321401
698	0.321222
1176	0.308622
193	0.304881
1430	0.302217
1171	0.301774
1160	0.290188
1153	0.289563
1148	0.289563
207	0.286976
601	0.282023
596	0.282023
587	0.278185
606	0.256895
167	0.256583
212	0.247942
180	0.247658
1427	0.247633
620	0.245358
1162	0.244375
608	0.242442
188	0.232466
190	0.232264
604	0.231456
1168	0.222118
616	0.218275
178	0.217043
179	0.217043
611	0.216968
175	0.214000
1173	0.211257
177	0.205842
172	0.202799
173	0.202799
600	0.202058
598	0.202058
165	0.197739
1435	0.195001
159	0.194307
1178	0.192568
1203	0.191434
194	0.185990
622	0.185031
612	0.180772
607	0.180738
189	0.174732
201	0.172439
592	0.171920
594	0.171920
671	0.171116
670	0.168676
619	0.167392
595	0.165948
164	0.164736
161	0.164736
198	0.164234
199	0.164234
166	0.150997
168	0.148826
578	0.145605
581	0.145605
657	0.140139
654	0.139687
1226	0.120175
4	0.120130
169	0.119818
206	0.119313
1441	0.119148
216	0.117696
2	0.112274
621	0.103979
614	0.103965
6	0.101767
675	0.097426
8	0.097216
609	0.094568
196	0.092439
617	0.086106
1210	0.082166
1195	0.079385
10	0.076845
209	0.072124
208	0.071918
11	0.070423
1429	0.068982
602	0.066013
588	0.059721
584	0.059721
1462	0.055993
170	0.051197
9	0.050294
1177	0.043163
210	0.042919
7	0.042693
624	0.041717
599	0.039403
597	0.039403
666	0.038924
1257	0.037818
1334	0.035027
1169	0.033326
1331	0.030268
659	0.029395
1271	0.029322
1229	0.028382
163	0.028020
162	0.028020
1461	0.027972
187	0.027015
186	0.026813
1336	0.025606
5	0.023305
1447	0.022704
618	0.021940
1450	0.019985
1445	0.019762
1446	0.019752
1337	0.019702
697	0.016962
191	0.015616
156	0.014288
157	0.014288
1258	0.013925
785	0.013840
3	0.013830
882	0.013623
613	0.013524
877	0.012816
623	0.012730
1457	0.011499
1256	0.011360
1306	0.011150
1269	0.010883
1237	0.010761
883	0.010674
765	0.010655
1330	0.010388
1329	0.010354
787	0.010309
1338	0.010027

