1
3 2 2
-6.928203	-0.000000

1	0.988244
5	0.152882

2	1.379846
3	1.010118

4 2 5
-9.656854	-0.000000

1	0.923880
8	0.382683

2	1.961617
3	1.058301
4	1.058301
10	0.438362
9	0.283378

5 4 8
-12.310734	0.000000

1	0.881818
13	0.355023
14	0.308778
21	0.031825

2	2.107522
4	0.895587
3	0.882814
15	0.814740
5	0.774604
16	0.664551
18	0.276698
17	0.123394

6 6 16
-14.928203	0.000000

1	0.841225
20	0.335411
21	0.280408
22	0.280408
40	0.130138
23	0.075135

2	6.567312
24	2.489841
4	2.376693
26	2.376693
3	2.230832
25	2.133650
5	1.832333
6	1.448138
29	1.195499
28	0.850388
27	0.597750
31	0.369889
42	0.345111
41	0.211463
30	0.184944
43	0.039083

7 10 25
-17.525145	-0.000000

1	0.794315
31	0.315434
33	0.259868
32	0.259868
34	0.249435
35	0.193869
71	0.117233
73	0.105744
72	0.098580
89	0.007437

2	3.112956
40	1.209742
36	1.178758
4	1.015761
37	0.969332
38	0.969332
3	0.885960
5	0.701388
44	0.656546
41	0.432475
74	0.431285
7	0.397467
6	0.355851
42	0.352443
43	0.296562
39	0.253797
75	0.240713
45	0.156924
47	0.142512
77	0.117944
46	0.092539
79	0.082937
49	0.045738
78	0.027222
80	0.021717

8 16 42
-20.109358	-0.000000

1	0.753417
46	0.298619
47	0.244426
48	0.244426
49	0.230970
51	0.230970
50	0.176777
52	0.163320
123	0.109127
126	0.095671
125	0.095671
127	0.086680
124	0.086680
129	0.082215
128	0.073223
174	0.041478

2	3.255009
58	1.319198
53	1.236034
54	1.002674
55	1.002674
4	0.994036
56	0.958993
3	0.795500
65	0.749543
57	0.727521
5	0.616009
59	0.545744
130	0.435254
132	0.389551
131	0.360305
61	0.344115
133	0.298265
135	0.288836
62	0.276163
63	0.276163
7	0.260808
66	0.254615
74	0.223959
60	0.158235
148	0.134457
139	0.132448
6	0.130321
138	0.112058
71	0.110132
69	0.098526
136	0.079202
137	0.077313
134	0.075425
64	0.070033
144	0.069053
145	0.064568
141	0.062447
73	0.053074
176	0.043794
175	0.026469
72	0.026085
143	0.010115

9 30 81
-22.685127	-0.000000

1	0.715787
68	0.283419
69	0.231234
70	0.231234
71	0.216959
73	0.216959
74	0.213553
72	0.164774
76	0.147092
75	0.147092
207	0.102764
210	0.089132
209	0.089132
216	0.086606
211	0.079712
208	0.079712
212	0.075160
217	0.075047
218	0.073022
214	0.073022
219	0.063601
213	0.063601
215	0.061528
220	0.056863
77	0.044272
334	0.037151
336	0.033890
337	0.032560
335	0.030825
364	0.001826

2	3.440438
85	1.432371
78	1.311048
79	1.058211
80	1.058211
4	1.006896
81	0.995676
83	0.995676
93	0.840772
82	0.744822
3	0.735829
84	0.682823
86	0.641197
5	0.561859
108	0.548594
106	0.482740
221	0.456546
224	0.396721
223	0.396721
8	0.363174
222	0.355910
225	0.355910
88	0.350780
228	0.346793
227	0.337056
230	0.333389
94	0.331503
226	0.296464
89	0.277332
90	0.277332
87	0.269570
91	0.263793
257	0.262358
259	0.254203
258	0.235729
102	0.205598
9	0.205383
104	0.196188
92	0.192875
7	0.184337
105	0.179356
240	0.171788
235	0.166179
338	0.165311
242	0.160504
107	0.145776
109	0.132225
231	0.130615
229	0.126650
236	0.124374
233	0.123301
237	0.109968
256	0.105992
249	0.105608
239	0.096816
95	0.094337
251	0.093675
250	0.093663
238	0.088373
260	0.074116
339	0.069879
341	0.068310
96	0.067214
98	0.067105
97	0.067104
100	0.061941
349	0.052425
344	0.050700
245	0.046718
243	0.045892
6	0.042307
241	0.040833
244	0.039381
252	0.026940
348	0.026710
246	0.022210
343	0.021957
99	0.021682
255	0.021453
248	0.015897
103	0.015260

10 52 154
-25.255006	-0.000000

1	0.677204
98	0.267989
100	0.218259
99	0.218259
103	0.204043
101	0.204043
107	0.199387
104	0.199387
102	0.154312
105	0.135441
106	0.135441
108	0.130785
109	0.116569
337	0.096773
340	0.083528
339	0.083528
349	0.080274
346	0.080274
341	0.074207
338	0.074207
347	0.069818
351	0.068240
342	0.068240
348	0.067105
344	0.067105
360	0.066563
358	0.066563
353	0.063925
350	0.057783
343	0.057783
345	0.054995
355	0.054529
352	0.051816
354	0.051816
361	0.050139
356	0.050139
359	0.047426
357	0.047426
619	0.034257
624	0.030507
621	0.030507
623	0.028784
622	0.028784
630	0.027206
620	0.026612
625	0.026612
629	0.025034
627	0.025034
628	0.023311
626	0.022863
724	0.012901
362	0.007941

2	3.578547
120	1.517339
110	1.368230
111	1.102329
112	1.102329
154	1.031360
113	1.029904
115	1.029904
4	1.018909
116	1.012684
131	0.913123
150	0.823308
114	0.765947
148	0.715514
121	0.713098
3	0.679880
117	0.677029
118	0.677029
8	0.667631
10	0.651367
5	0.514316
363	0.475163
435	0.469337
436	0.418056
366	0.408647
365	0.408647
372	0.396331
132	0.391057
377	0.383176
427	0.368050
379	0.366634
384	0.364928
364	0.361875
367	0.361875
431	0.360254
124	0.358088
122	0.351090
373	0.340258
368	0.339590
370	0.330267
374	0.330267
429	0.316757
428	0.316735
9	0.316425
144	0.314096
152	0.309164
149	0.298092
155	0.290590
375	0.283782
369	0.283782
125	0.281863
126	0.281863
142	0.280310
153	0.277146
371	0.273586
146	0.273057
145	0.273055
127	0.263304
129	0.263304
376	0.252093
398	0.202549
119	0.201783
434	0.195630
424	0.193928
128	0.189766
400	0.188940
6	0.178446
151	0.174977
130	0.171969
380	0.167188
631	0.164010
378	0.163301
133	0.161215
659	0.159162
385	0.156689
389	0.155419
382	0.155236
633	0.148849
432	0.146397
634	0.142421
423	0.141509
7	0.135043
632	0.134143
415	0.133554
437	0.130733
134	0.118264
438	0.116234
417	0.115473
416	0.115454
418	0.111939
391	0.111757
136	0.108505
135	0.108503
123	0.107682
137	0.106378
426	0.102485
394	0.095253
393	0.095253
138	0.093981
660	0.093798
405	0.093590
419	0.092620
430	0.087951
635	0.087827
665	0.087267
637	0.084682
639	0.084636
392	0.083984
395	0.083984
397	0.078947
666	0.077492
147	0.076707
401	0.075951
399	0.070576
396	0.067978
406	0.066239
403	0.064715
407	0.063585
409	0.059642
651	0.058904
408	0.057335
653	0.054244
652	0.051438
386	0.051423
388	0.050042
662	0.049222
387	0.048552
663	0.046233
381	0.046083
412	0.041904
383	0.040015
390	0.039863
646	0.036544
645	0.035519
648	0.034023
139	0.033436
433	0.031340
410	0.030783
644	0.027314
642	0.023814
640	0.023751
638	0.023403
643	0.022992
641	0.022953
636	0.022156
140	0.021045
414	0.018733
420	0.016167
411	0.013136
726	0.012952
664	0.012774
421	0.012048
656	0.011451
650	0.011317

11 94 292
-27.820611	-0.000000

1	0.641635
140	0.253827
141	0.206510
142	0.206510
145	0.192669
143	0.192669
146	0.187568
149	0.187568
150	0.186205
144	0.145353
147	0.126411
148	0.126411
151	0.119947
153	0.119947
152	0.106106
154	0.101005
535	0.091447
538	0.078733
537	0.078733
547	0.075283
544	0.075283
560	0.074456
539	0.069691
536	0.069691
545	0.065597
540	0.063300
549	0.063300
542	0.062657
546	0.062657
563	0.062075
561	0.062075
550	0.061721
562	0.061322
557	0.061322
571	0.058657
552	0.058502
565	0.058502
541	0.053615
548	0.053615
543	0.050586
566	0.049340
554	0.049340
551	0.046430
567	0.046430
564	0.046032
555	0.046032
559	0.045645
553	0.045645
575	0.044664
568	0.042980
558	0.042337
556	0.042337
574	0.041754
573	0.041754
569	0.041091
572	0.041091
570	0.038151
576	0.033386
1117	0.032037
1122	0.028283
1119	0.028283
1130	0.027602
1121	0.026444
1120	0.026444
1135	0.025345
1133	0.024779
1137	0.024362
1132	0.024362
1118	0.024173
1123	0.024173
1124	0.022587
1139	0.022523
1131	0.022523
1134	0.022035
1128	0.022035
1126	0.021603
1140	0.021603
1146	0.020872
1136	0.020265
1138	0.019764
1127	0.019764
1141	0.019763
1125	0.019763
1129	0.018833
1144	0.018114
1143	0.018114
1145	0.017670
1142	0.017168
1420	0.011431
1422	0.010481
1424	0.010160
1423	0.009891
1421	0.009422
1472	0.000459

2	8.010445
167	3.440800
213	3.302061
211	3.221665
155	3.071780
157	2.473427
156	2.473427
160	2.303151
158	2.303151
205	2.284401
10	2.283709
164	2.247635
161	2.247635
4	2.240502
181	2.112279
8	2.002159
202	1.983423
11	1.773254
159	1.708833
168	1.670624
163	1.484745
162	1.484745
707	1.436130
699	1.429867
165	1.429698
3	1.368268
709	1.274439
212	1.271338
166	1.261183
701	1.221305
700	1.221248
577	1.067029
5	1.028426
207	1.008734
687	0.988916
692	0.976916
182	0.953265
203	0.936110
579	0.913797
580	0.913797
214	0.910862
169	0.897102
603	0.893826
197	0.893528
586	0.876213
589	0.876213
209	0.864991
208	0.864986
605	0.852527
610	0.847582
689	0.834773
688	0.834695
9	0.817856
215	0.809297
690	0.805305
581	0.804331
578	0.804331
171	0.794521
696	0.786603
199	0.759352
198	0.759345
587	0.755983
195	0.736403
591	0.735203
582	0.735203
200	0.733536
588	0.724363
584	0.724363
216	0.720758
600	0.718515
598	0.718515
593	0.687795
691	0.646425
173	0.625069
172	0.625069
6	0.620063
583	0.615555
590	0.615555
1223	0.601374
711	0.597615
684	0.596157
201	0.593739
585	0.583156
176	0.579602
174	0.579602
595	0.578254
682	0.574676
177	0.568868
708	0.561913
592	0.546763
594	0.546763
596	0.530159
601	0.530159
597	0.498778
599	0.498778
710	0.497974
639	0.494014
641	0.460850
183	0.460449
646	0.455598
693	0.452100
695	0.431664
206	0.427570
619	0.423519
606	0.422588
175	0.415935
604	0.414517
698	0.406477
170	0.403213
1215	0.401596
611	0.392104
703	0.391987
608	0.388697
620	0.388130
616	0.387193
679	0.372888
1217	0.366341
179	0.362027
178	0.362027
1147	0.361979
1225	0.346058
1216	0.344689
185	0.342245
681	0.341142
669	0.337122
702	0.336037
705	0.334396
704	0.334374
680	0.321651
1149	0.320482
1152	0.320482
1228	0.306463
187	0.303475
186	0.303469
1151	0.300772
1150	0.300772
190	0.292900
188	0.292897
671	0.287382
670	0.287331
204	0.284378
1158	0.283912
1220	0.283358
1148	0.276214
1153	0.276214
1218	0.274777
674	0.274578
672	0.274557
1157	0.259403
1155	0.259403
1231	0.256081
625	0.249344
189	0.247981
1156	0.239781
210	0.239108
191	0.235636
1154	0.234954
7	0.222324
673	0.221944
1159	0.219579
1233	0.218268
1232	0.218253
642	0.213996
627	0.210396
628	0.210396
1161	0.209833
1163	0.209683
1170	0.208968
675	0.208340
634	0.203271
640	0.202426
1172	0.201253
647	0.187587
612	0.185612
686	0.184358
629	0.183010
626	0.183010
644	0.183001
651	0.182121
1227	0.178410
607	0.174134
621	0.173474
622	0.171659
635	0.170802
630	0.170216
614	0.169015
653	0.165163
636	0.165049
632	0.165049
1224	0.163949
683	0.162938
1230	0.157952
609	0.154046
685	0.151578
655	0.150498
656	0.150498
617	0.142389
1197	0.142122
657	0.140964
654	0.140964
184	0.140141
1235	0.139429
631	0.138538
637	0.138538
694	0.136399
659	0.135389
633	0.132758
1425	0.130873
1199	0.127379
1200	0.127372
658	0.125171
638	0.120862
1201	0.117710
1198	0.117704
1203	0.112422
1214	0.106718
1439	0.106695
180	0.106309
1183	0.103440
1202	0.102434
662	0.101801
1185	0.095302
1187	0.095134
706	0.091863
1222	0.086420
1162	0.084292
1164	0.084148
602	0.082584
1173	0.082026
1174	0.081562
1160	0.080464
1171	0.080231
712	0.079910
1168	0.079521
1176	0.079203
660	0.078646
1166	0.078309
1193	0.077382
1219	0.077272
1178	0.077256
1179	0.075949
1221	0.071940
624	0.071194
193	0.070803
648	0.069066
1181	0.067886
1182	0.064449
665	0.061382
1433	0.060905
1180	0.060004
1234	0.059908
668	0.057825
645	0.055336
650	0.055312
1236	0.054211
667	0.053408
643	0.052911
649	0.050578
1438	0.049982
652	0.045924
676	0.045874
194	0.045098
1426	0.044468
661	0.044232
1428	0.043442
1196	0.042345
1194	0.035411
677	0.033287
1440	0.033272
663	0.031890
1192	0.029818
1188	0.028979
1206	0.028024
192	0.027756
1186	0.027431
1437	0.027140
1190	0.025677
1213	0.025666
1204	0.024692
1184	0.024247
1189	0.023669
1191	0.023301
1430	0.021667
1442	0.017123
678	0.016303
666	0.015359
1211	0.014397
1209	0.014123
1212	0.013546
1432	0.013273
615	0.012714
1205	0.011513

2
3 2 2
-6.928203	0.000000

1	0.988244
5	0.152882

2	9.938238
3	5.737844

4 2 5
-9.656854	-0.000000

1	0.923880
8	0.382683

2	16.954837
4	15.875023
3	6.692480
10	2.937337
9	2.538457

5 4 8
-12.310734	-0.000000

1	0.881818
13	0.355023
14	0.308778
21	0.031825

4	8.591132
2	7.454516
5	5.906948
15	2.990204
18	2.628885
3	2.223534
16	1.755152
17	1.299320

6 6 20
-14.928203	-0.000000

1	0.841225
20	0.335411
22	0.280408
21	0.280408
40	0.130138
23	0.075135

4	32.070908
6	27.760962
2	24.963567
5	16.723392
29	13.363645
28	12.994981
31	12.435831
24	9.777428
25	8.438726
26	6.617858
3	5.972697
30	4.211133
43	1.885076
27	1.678797
42	0.998874
41	0.856104
9	0.023150
10	0.015806
12	0.010598
7	0.010164

7 10 27
-17.525145	-0.000001

1	0.794315
31	0.315434
33	0.259868
32	0.259868
34	0.249435
35	0.193869
71	0.117233
73	0.105744
72	0.098580
89	0.007437

4	16.476744
6	16.200056
7	12.290676
2	12.021781
47	9.883472
44	7.735675
48	7.281897
5	6.908504
46	6.586322
42	6.509700
43	5.630593
36	4.681998
38	3.880961
37	3.880961
40	3.386049
80	2.958474
3	2.399035
45	1.965917
49	1.867133
74	1.769389
81	1.500760
41	1.219611
79	1.179522
39	1.027174
75	0.694535
78	0.574418
77	0.344187

8 16 51
-20.109358	-0.000005

1	0.753417
46	0.298619
47	0.244426
48	0.244426
51	0.230970
49	0.230970
50	0.176777
52	0.163320
123	0.109127
126	0.095671
125	0.095671
124	0.086680
127	0.086680
129	0.082215
128	0.073223
174	0.041478

6	17.974781
4	16.902862
8	15.568735
74	12.562794
69	12.353851
2	11.823783
7	10.969228
65	8.433699
71	8.096022
67	7.123876
61	6.631966
73	6.340865
68	6.166518
5	5.921668
63	5.509733
62	5.509733
148	5.114279
53	4.600961
55	3.760331
54	3.760331
56	3.602553
58	3.451335
144	3.206886
70	3.145025
66	3.041913
145	2.775276
57	2.763829
138	2.527308
3	2.022763
143	1.893241
146	1.877703
139	1.743797
130	1.668682
72	1.667776
132	1.499426
64	1.463135
59	1.436920
131	1.391961
141	0.867139
133	0.799761
135	0.782707
142	0.630354
147	0.478030
60	0.417174
178	0.287663
177	0.283638
137	0.213264
136	0.209528
134	0.205715
176	0.121476
175	0.103985

9 30 100
-22.685127	-0.000019

1	0.715787
68	0.283419
70	0.231234
69	0.231234
71	0.216959
73	0.216959
74	0.213553
72	0.164774
76	0.147092
75	0.147092
207	0.102764
209	0.089132
210	0.089132
216	0.086606
208	0.079712
211	0.079712
212	0.075160
217	0.075047
214	0.073022
218	0.073022
219	0.063601
213	0.063601
215	0.061528
220	0.056863
77	0.044272
334	0.037151
336	0.033890
337	0.032560
335	0.030825
364	0.001826

6	24.061130
8	22.665479
4	21.478570
106	20.601846
108	18.327599
9	18.232615
100	17.570345
2	14.591056
7	12.272433
93	11.107769
102	10.851542
96	9.467277
104	8.998489
88	8.411662
259	8.396968
97	7.872065
98	7.872064
105	7.792630
109	7.433690
257	7.273717
90	6.888624
89	6.888624
91	6.602093
5	6.459442
101	6.348638
258	6.297929
78	5.680973
107	5.250871
92	5.082032
94	4.628939
80	4.616530
79	4.616530
85	4.358272
83	4.352483
81	4.352483
249	4.267846
246	3.648995
245	3.619128
250	3.547893
251	3.547878
82	3.290373
256	3.165954
237	3.073762
84	3.026957
239	2.765078
253	2.672188
240	2.590501
238	2.569578
242	2.543696
3	2.183781
260	2.140067
99	2.093050
221	2.030929
86	1.961551
103	1.866884
248	1.817327
223	1.772702
224	1.772702
344	1.630657
222	1.597594
225	1.597594
227	1.514681
95	1.343558
226	1.339822
349	1.289998
228	1.077061
230	1.044860
254	0.965579
252	0.942999
87	0.825494
255	0.797427
338	0.755537
244	0.696396
243	0.675381
241	0.669427
348	0.644413
345	0.554838
235	0.521640
231	0.402061
229	0.397394
343	0.397173
236	0.393505
233	0.392243
347	0.276299
339	0.222665
341	0.220467
342	0.192694
22	0.021976
234	0.020007
14	0.017080
23	0.016636
12	0.016092
16	0.014760
145	0.013277
131	0.011734
126	0.011510
24	0.011387
20	0.011181
15	0.010381
142	0.010344

10 52 170
-25.255006	-0.000055

1	0.677204
98	0.267989
99	0.218259
100	0.218259
103	0.204043
101	0.204043
107	0.199387
104	0.199387
102	0.154312
105	0.135441
106	0.135441
108	0.130785
109	0.116569
337	0.096773
339	0.083528
340	0.083528
349	0.080274
346	0.080274
338	0.074207
341	0.074207
347	0.069818
351	0.068240
342	0.068240
348	0.067105
344	0.067105
360	0.066563
358	0.066563
353	0.063925
343	0.057783
350	0.057783
345	0.054995
355	0.054529
354	0.051816
352	0.051816
361	0.050139
356	0.050139
359	0.047426
357	0.047426
619	0.034257
621	0.030507
624	0.030507
623	0.028784
622	0.028784
630	0.027206
620	0.026612
625	0.026612
629	0.025034
627	0.025034
628	0.023311
626	0.022863
724	0.012901
362	0.007941

6	23.304025
8	23.238262
154	23.060697
148	22.439563
10	20.366973
4	20.055823
150	18.816459
139	17.634049
9	15.625213
2	13.336442
131	10.614515
142	10.519539
7	10.206148
435	9.162978
144	9.158270
431	9.153027
134	9.149742
149	8.118388
152	8.094647
436	7.936285
124	7.852761
145	7.619163
146	7.619161
135	7.499245
136	7.499243
427	7.413582
140	7.361109
137	7.188519
153	7.011902
126	6.392606
125	6.392606
151	6.374991
428	6.166646
429	6.166624
129	6.029326
127	6.029326
155	5.882151
138	5.540748
5	5.282359
110	5.197482
132	4.780077
424	4.672032
128	4.571950
112	4.212989
111	4.212989
130	4.209458
415	4.128738
410	4.128411
412	4.059986
120	4.046992
115	3.944042
113	3.944042
116	3.879985
434	3.549715
423	3.507286
416	3.383282
417	3.383262
407	3.353386
432	3.311395
418	3.242936
409	3.017940
114	2.961558
659	2.838202
391	2.825971
408	2.805720
420	2.682949
398	2.636961
118	2.629306
117	2.629306
400	2.565652
419	2.498739
393	2.469584
394	2.469584
437	2.337101
426	2.328693
392	2.228294
395	2.228294
141	2.137719
397	2.113426
147	2.027338
438	2.024096
133	2.010470
121	1.910802
660	1.905310
396	1.872434
363	1.847747
3	1.773668
430	1.640443
365	1.595872
366	1.595872
143	1.553094
372	1.549157
651	1.512480
364	1.419610
367	1.419610
665	1.410135
653	1.361048
373	1.336203
368	1.335137
374	1.298421
370	1.298421
405	1.281529
652	1.265202
666	1.221231
369	1.122444
375	1.122444
421	1.120042
414	1.114821
371	1.083802
413	1.075094
411	1.069614
645	1.058423
377	1.040084
379	1.002994
376	1.000534
384	1.000023
401	0.980792
399	0.975234
406	0.968374
403	0.966798
662	0.949585
122	0.941418
663	0.812614
119	0.787043
433	0.717994
631	0.654211
650	0.635948
654	0.628030
656	0.617562
633	0.595373
634	0.570724
646	0.548969
648	0.545693
632	0.538858
380	0.450495
378	0.446476
385	0.431137
389	0.430283
382	0.429634
422	0.325287
123	0.288724
635	0.243267
637	0.237407
639	0.237359
649	0.210710
664	0.207261
658	0.169563
657	0.163605
655	0.162677
388	0.140027
387	0.138486
386	0.134941
381	0.129420
729	0.125036
390	0.110310
383	0.104812
728	0.096718
727	0.095008
644	0.077198
642	0.066960
643	0.066110
641	0.065459
638	0.064607
640	0.064344
636	0.062695
404	0.052892
726	0.037039
725	0.031701
24	0.012523
26	0.010834

11 94 416
-27.820611	-0.000149

1	0.641635
140	0.253827
141	0.206510
142	0.206510
143	0.192669
145	0.192669
149	0.187568
146	0.187568
150	0.186205
144	0.145353
148	0.126411
147	0.126411
153	0.119947
151	0.119947
152	0.106106
154	0.101005
535	0.091447
538	0.078733
537	0.078733
547	0.075283
544	0.075283
560	0.074456
536	0.069691
539	0.069691
545	0.065597
549	0.063300
540	0.063300
546	0.062657
542	0.062657
561	0.062075
563	0.062075
550	0.061721
562	0.061322
557	0.061322
571	0.058657
565	0.058502
552	0.058502
541	0.053615
548	0.053615
543	0.050586
566	0.049340
554	0.049340
567	0.046430
551	0.046430
564	0.046032
555	0.046032
559	0.045645
553	0.045645
575	0.044664
568	0.042980
558	0.042337
556	0.042337
574	0.041754
573	0.041754
572	0.041091
569	0.041091
570	0.038151
576	0.033386
1117	0.032037
1122	0.028283
1119	0.028283
1130	0.027602
1121	0.026444
1120	0.026444
1135	0.025345
1133	0.024779
1137	0.024362
1132	0.024362
1123	0.024173
1118	0.024173
1124	0.022587
1131	0.022523
1139	0.022523
1134	0.022035
1128	0.022035
1126	0.021603
1140	0.021603
1146	0.020872
1136	0.020265
1127	0.019764
1138	0.019764
1141	0.019763
1125	0.019763
1129	0.018833
1144	0.018114
1143	0.018114
1145	0.017670
1142	0.017168
1420	0.011431
1422	0.010481
1424	0.010160
1423	0.009891
1421	0.009422
1472	0.000459

211	50.816490
213	47.902286
202	45.458438
8	45.437344
6	43.755658
10	42.249561
205	36.826118
4	36.662179
11	35.315849
192	33.875763
9	26.235269
2	23.988259
707	20.207177
195	19.764246
181	19.713821
203	19.000545
699	18.894169
692	18.551997
212	18.401197
197	17.866213
709	17.505745
185	17.171414
7	16.786320
207	16.667687
700	15.722372
701	15.722324
193	15.279191
198	14.651042
199	14.651035
687	14.477033
171	14.359693
215	14.045888
200	14.045579
186	13.989038
187	13.989033
208	13.871473
209	13.871469
188	13.196568
190	13.196566
214	12.225141
216	12.169448
688	11.870087
689	11.870023
172	11.657617
173	11.657616
690	11.379134
174	10.917042
176	10.917041
201	10.835072
177	10.740250
206	10.708805
682	10.667087
696	10.596934
684	10.498660
189	10.019296
155	9.358168
182	9.310386
191	9.228301
691	8.776062
5	8.588003
660	8.444310
662	8.227097
175	8.219773
693	7.754324
669	7.753884
156	7.576803
157	7.576803
711	7.381557
167	7.362434
708	7.316992
178	7.304312
179	7.304312
1223	7.242357
158	7.068384
160	7.068384
161	6.902272
164	6.902272
679	6.559400
194	6.429658
695	6.390379
710	6.338410
670	6.315771
671	6.315729
653	6.196114
672	5.957675
674	5.957658
681	5.904819
204	5.520620
680	5.491051
656	5.417367
655	5.417367
1215	5.313539
159	5.290373
698	5.284345
676	5.155470
625	5.134892
639	5.088623
641	4.919960
646	4.908067
654	4.890518
657	4.890517
703	4.821762
1217	4.782957
659	4.639038
162	4.617259
163	4.617259
183	4.583070
673	4.521908
165	4.451537
1216	4.447463
628	4.439685
627	4.439685
1218	4.352688
634	4.310509
1220	4.283627
1225	4.213223
702	4.184777
675	4.164503
658	4.112732
667	4.110484
704	4.012041
705	4.012023
629	3.953674
626	3.953674
166	3.944581
635	3.722793
630	3.720104
210	3.692838
1228	3.649674
632	3.618331
636	3.618331
168	3.589089
577	3.319685
663	3.138978
637	3.133010
631	3.133010
661	3.128723
668	3.111584
665	3.108628
633	3.026172
1231	2.911033
686	2.888009
3	2.870173
580	2.854096
579	2.854096
1197	2.796781
638	2.795587
685	2.777185
683	2.767745
589	2.739683
586	2.739683
196	2.555016
581	2.522833
578	2.522833
1200	2.445008
1199	2.445003
1232	2.422124
1233	2.422112
587	2.373303
1193	2.326906
677	2.325506
591	2.312418
582	2.312418
584	2.277238
588	2.277238
598	2.258998
600	2.258998
694	2.253075
1198	2.206948
1201	2.206943
642	2.196751
180	2.188568
640	2.187137
593	2.165631
647	2.116845
651	2.116615
644	2.113034
1227	2.100863
1203	2.093425
590	1.946495
583	1.946495
603	1.942023
169	1.928088
605	1.865026
610	1.857121
1202	1.855619
1224	1.848116
585	1.847840
595	1.832320
1179	1.829443
1230	1.819804
1235	1.793244
1194	1.764791
1196	1.757406
594	1.736369
592	1.736369
601	1.683045
596	1.683045
1181	1.666177
1214	1.647443
1182	1.597936
599	1.587177
597	1.587177
1180	1.509694
184	1.404688
1204	1.284994
1206	1.251836
712	1.246623
1183	1.196561
1222	1.178250
1185	1.172228
1187	1.172088
1147	1.152590
1221	1.133534
1219	1.129104
1439	1.115614
706	1.067765
1433	1.049900
1152	1.023624
1149	1.023624
678	0.978681
1150	0.962952
1151	0.962952
619	0.928237
606	0.912232
1158	0.909891
604	0.905525
1153	0.887118
1148	0.887118
170	0.866380
611	0.860998
608	0.858167
620	0.856919
616	0.856140
1155	0.834102
1157	0.834102
1156	0.773500
1154	0.758356
650	0.690810
649	0.686876
1438	0.672088
648	0.652144
1236	0.649333
1234	0.644600
643	0.638720
1211	0.625446
652	0.542314
645	0.506049
1159	0.485047
1207	0.477788
1205	0.476070
1212	0.473476
1209	0.472996
1161	0.468415
1163	0.468290
1170	0.467492
1172	0.453038
1425	0.426358
1213	0.412703
612	0.394791
607	0.385254
622	0.384113
621	0.383078
1192	0.382147
614	0.379372
1440	0.373853
1437	0.334259
1190	0.330736
1191	0.328762
609	0.328524
1189	0.324722
1186	0.317266
1188	0.314155
617	0.313976
1184	0.310224
1434	0.268509
1436	0.267357
602	0.264281
1442	0.186408
1162	0.185409
1432	0.183847
1164	0.182978
1173	0.182856
1174	0.182522
1171	0.181415
1168	0.180775
1160	0.179916
1176	0.178218
1166	0.177476
1178	0.176399
666	0.175410
624	0.158206
1426	0.100575
1428	0.099559
1431	0.089078
27	0.085312
29	0.080384
35	0.078685
296	0.072397
30	0.064589
298	0.064497
315	0.063193
310	0.062069
290	0.061576
16	0.058495
18	0.058262
261	0.056938
34	0.055356
255	0.055329
20	0.051002
14	0.050321
1430	0.049724
317	0.047828
257	0.046556
33	0.045484
246	0.043409
28	0.043351
300	0.042126
312	0.040797
19	0.039091
283	0.038570
292	0.038217
25	0.037859
304	0.037486
318	0.035288
32	0.033496
286	0.033332
615	0.033290
314	0.031874
294	0.031676
618	0.030363
872	0.030003
36	0.029795
31	0.029685
857	0.029284
890	0.028329
882	0.027796
287	0.027639
288	0.027639
295	0.027371
307	0.026821
1210	0.026647
299	0.026133
249	0.026104
238	0.026011
881	0.025590
17	0.025496
855	0.025407
316	0.024800
241	0.022697
251	0.022683
26	0.022600
785	0.022338
781	0.022284
291	0.022128
856	0.021951
259	0.020017
256	0.019842
231	0.019478
786	0.019280
886	0.019186
866	0.018818
252	0.018788
253	0.018788
242	0.018517
243	0.018517
297	0.018371
777	0.018118
247	0.017941
308	0.017937
244	0.017730
260	0.017279
267	0.016775
12	0.016629
272	0.016183
877	0.016083
284	0.015972
232	0.015783
233	0.015783
311	0.015755
258	0.015750
309	0.015503
301	0.015139
778	0.015004
779	0.015004
847	0.014926
234	0.014864
236	0.014864
278	0.014730
263	0.014692
262	0.014420
889	0.014289
878	0.013898
245	0.013562
276	0.013373
303	0.013267
15	0.013137
826	0.012890
844	0.012708
843	0.012643
848	0.012375
849	0.012375
279	0.012027
280	0.012027
239	0.011586
281	0.011518
1338	0.011467
23	0.011451
774	0.011384
1167	0.011324
235	0.011181
854	0.011064
1169	0.010392
237	0.010265
765	0.010124
760	0.010033

5
3 2 2
-6.928203	-0.000000

1	0.988244
5	0.152882

2	12.156093
3	6.391472

4 2 7
-9.656854	-0.000001

1	0.923880
8	0.382683

4	41.831899
2	39.824451
3	14.061774
10	6.324244
9	6.022667
6	0.026382
5	0.025363

5 4 11
-12.310734	-0.000013

1	0.881818
13	0.355023
14	0.308778
21	0.031825

4	38.838303
2	28.747157
5	26.112519
18	11.874653
15	11.645321
3	7.628466
16	6.141795
17	5.918768
8	0.036968
6	0.017876
7	0.012483

6 6 23
-14.928203	-0.000093

1	0.841225
20	0.335411
22	0.280408
21	0.280408
40	0.130138
23	0.075135

4	49.443554
6	43.599181
2	32.291099
5	25.003665
29	20.333308
28	20.182243
31	19.896898
24	12.755581
25	11.029210
26	7.725667
3	6.859766
30	6.659284
43	3.038365
27	1.966608
42	1.183966
41	1.125466
9	0.059087
10	0.039639
12	0.030694
7	0.022046
11	0.020701
35	0.017850
8	0.011579

7 10 27
-17.525145	-0.000475

1	0.794315
31	0.315434
32	0.259868
33	0.259868
34	0.249435
35	0.193869
71	0.117233
73	0.105744
72	0.098580
89	0.007437

6	53.094288
4	52.236273
7	39.938036
47	32.593425
2	31.718502
48	24.270934
44	24.040460
46	21.726721
5	21.159611
42	20.769560
43	17.987111
36	12.443763
38	10.335745
37	10.335745
80	9.929898
40	8.036676
45	6.136357
49	6.106654
3	5.616214
81	4.982904
74	4.740937
79	3.711941
41	2.903530
39	2.743020
78	1.843171
75	1.668479
77	0.830461

8 16 92
-20.109358	-0.001949

1	0.753417
46	0.298619
47	0.244426
48	0.244426
51	0.230970
49	0.230970
50	0.176777
52	0.163320
123	0.109127
126	0.095671
125	0.095671
127	0.086680
124	0.086680
129	0.082215
128	0.073223
174	0.041478

6	103.039261
4	93.094813
8	89.766905
74	73.388940
69	70.778224
7	62.089206
2	53.951740
71	47.146651
65	45.342746
67	41.063148
73	36.780169
61	36.726633
68	35.584582
5	31.445726
62	30.554235
63	30.554235
148	30.065254
53	21.127459
144	18.786002
70	18.091745
54	17.300080
55	17.300080
56	16.581187
66	16.423029
145	16.278582
58	14.137394
138	14.078958
57	12.756556
143	10.956856
146	10.827602
72	9.499322
139	9.473609
3	8.188221
64	8.128195
130	7.719347
132	6.943143
131	6.451288
59	5.901075
141	4.725853
142	3.651240
133	3.308382
135	3.251227
147	2.767628
60	1.714126
178	1.676012
177	1.670212
137	0.891902
136	0.862126
134	0.856631
176	0.509094
175	0.483888
19	0.347276
13	0.258212
11	0.254405
18	0.198906
17	0.197051
14	0.194065
96	0.161053
98	0.157811
86	0.156726
87	0.116969
20	0.116594
83	0.115455
99	0.105916
85	0.104581
12	0.102744
81	0.100138
82	0.086453
95	0.080043
9	0.077108
16	0.068091
89	0.060279
92	0.054910
15	0.053688
97	0.052806
155	0.047363
79	0.038325
94	0.030787
75	0.029974
88	0.029416
84	0.029282
10	0.027071
161	0.024820
76	0.024801
77	0.024801
165	0.024049
163	0.023992
156	0.023751
154	0.017695
90	0.015294
80	0.013734
149	0.011303

9 30 144
-22.685127	-0.006753

1	0.715787
68	0.283419
70	0.231234
69	0.231234
73	0.216959
71	0.216959
74	0.213553
72	0.164774
76	0.147092
75	0.147092
207	0.102764
209	0.089132
210	0.089132
216	0.086606
208	0.079712
211	0.079712
212	0.075160
217	0.075047
214	0.073022
218	0.073022
213	0.063601
219	0.063601
215	0.061528
220	0.056863
77	0.044272
334	0.037151
336	0.033890
337	0.032560
335	0.030825
364	0.001826

6	83.888059
8	80.024357
106	73.208313
4	71.661809
108	65.492762
9	64.106747
100	60.973979
7	42.154564
2	40.207223
102	38.406810
93	36.077847
96	33.163014
104	31.930840
259	30.015273
88	28.199148
105	27.681088
97	27.609838
98	27.609838
109	26.286439
257	26.129702
90	23.124151
89	23.124150
258	22.650770
91	22.168566
101	22.119166
5	20.755633
107	18.728948
92	17.096154
78	15.742267
249	15.181391
94	15.093137
80	12.814927
79	12.814926
246	12.770938
245	12.742260
250	12.638555
251	12.638542
83	12.088249
81	12.088249
256	11.347988
85	10.766718
237	10.360616
253	9.331580
239	9.326658
82	9.162934
238	8.672213
240	8.488687
84	8.436805
242	8.360438
260	7.678494
99	7.352886
103	6.451868
248	6.375236
344	5.832382
221	5.665294
3	5.339024
223	4.950461
224	4.950461
86	4.856729
349	4.652271
222	4.466511
225	4.466511
95	4.386677
227	4.235852
226	3.752096
254	3.385199
252	3.365546
255	2.842161
228	2.682937
230	2.612041
348	2.325624
244	2.302921
243	2.209763
241	2.204581
338	2.121547
87	2.044792
345	1.954363
343	1.314946
235	1.304857
231	0.997990
229	0.993929
236	0.987389
233	0.986290
347	0.975589
342	0.652344
339	0.560237
341	0.557408
22	0.158767
23	0.119356
14	0.102820
145	0.096929
12	0.092910
16	0.089495
24	0.080155
20	0.077932
131	0.072444
146	0.072260
142	0.071239
25	0.069843
126	0.069797
148	0.065065
144	0.064639
152	0.063602
21	0.063004
15	0.061882
234	0.054902
128	0.046648
122	0.044631
124	0.040585
150	0.036457
118	0.036318
130	0.036316
125	0.035067
13	0.031290
140	0.030841
119	0.030103
120	0.030103
300	0.029589
297	0.029415
279	0.029390
10	0.026815
141	0.026664
135	0.024466
132	0.023308
18	0.021718
139	0.019083
275	0.018409
147	0.018170
143	0.018122
127	0.017734
17	0.016352
123	0.016044
276	0.015905
298	0.014754
303	0.014478
115	0.013795
269	0.013779
19	0.011806
290	0.011077
296	0.010969
274	0.010727
151	0.010638
277	0.010591
110	0.010412

10 52 244
-25.255006	-0.020478

1	0.677204
98	0.267989
100	0.218259
99	0.218259
101	0.204043
103	0.204043
104	0.199387
107	0.199387
102	0.154312
106	0.135441
105	0.135441
108	0.130785
109	0.116569
337	0.096773
340	0.083528
339	0.083528
349	0.080274
346	0.080274
338	0.074207
341	0.074207
347	0.069818
342	0.068240
351	0.068240
344	0.067105
348	0.067105
358	0.066563
360	0.066563
353	0.063925
343	0.057783
350	0.057783
345	0.054995
355	0.054529
354	0.051816
352	0.051816
356	0.050139
361	0.050139
359	0.047426
357	0.047426
619	0.034257
624	0.030507
621	0.030507
623	0.028784
622	0.028784
630	0.027206
625	0.026612
620	0.026612
627	0.025034
629	0.025034
628	0.023311
626	0.022863
724	0.012901
362	0.007941

154	92.997690
8	92.579316
6	91.332847
148	89.613692
10	81.348679
150	75.818715
4	75.034912
139	68.604491
9	61.849230
142	41.832005
2	41.122988
7	39.355763
131	38.584695
435	37.132390
431	36.760341
144	36.640513
134	36.005926
149	32.540653
152	32.483698
436	32.196445
145	30.518721
146	30.518719
427	30.004673
135	29.546409
136	29.546408
124	29.503671
140	28.745008
137	28.329523
153	28.167081
151	25.373092
428	24.990327
429	24.990306
126	24.047396
125	24.047394
155	23.804695
129	22.688796
127	22.688795
138	21.872651
5	19.020131
424	18.794190
132	17.437940
128	17.235214
415	16.489794
410	16.178459
110	16.106620
412	15.945439
130	15.877377
434	14.426657
423	14.096423
416	13.530921
417	13.530902
432	13.348107
407	13.257754
112	13.076454
111	13.076452
418	12.973563
115	12.248119
113	12.248118
116	12.050759
409	11.938920
659	11.542359
120	11.176968
408	11.105209
391	10.669584
420	10.502204
419	10.015913
398	9.659334
437	9.504419
400	9.422646
426	9.385247
393	9.331405
394	9.331405
114	9.219899
392	8.425803
395	8.425803
141	8.359656
438	8.240663
118	8.194933
117	8.194933
147	8.132944
397	7.993521
660	7.709056
133	7.344502
396	7.088172
430	6.659185
651	6.071040
143	6.025001
363	5.760304
665	5.759994
653	5.466965
121	5.287710
652	5.085098
666	4.994202
365	4.980434
366	4.980434
3	4.853327
372	4.835741
405	4.708929
364	4.435451
367	4.435451
421	4.400513
414	4.400370
413	4.212630
411	4.207292
373	4.175854
368	4.173868
374	4.058940
370	4.058940
645	4.015405
662	3.849585
401	3.590977
399	3.585565
406	3.571942
403	3.570407
369	3.514197
375	3.514197
371	3.394557
663	3.307038
376	3.135132
433	2.893169
377	2.893134
379	2.798625
384	2.792207
122	2.606093
650	2.512053
654	2.476553
119	2.455781
656	2.440816
631	2.052356
646	2.027926
648	2.022783
633	1.869013
634	1.792462
632	1.693389
422	1.279806
380	1.249501
378	1.245589
389	1.206322
385	1.205809
382	1.204346
664	0.846456
649	0.836108
123	0.799281
635	0.682120
658	0.673573
637	0.668794
639	0.668748
657	0.644909
655	0.644005
729	0.512968
388	0.394214
387	0.392714
728	0.384511
727	0.382844
386	0.370231
381	0.364857
390	0.309208
383	0.287334
644	0.218142
404	0.207060
642	0.188852
643	0.188024
641	0.185605
638	0.180927
640	0.178855
636	0.177249
726	0.105125
725	0.099928
24	0.097828
26	0.085246
30	0.074825
213	0.069345
208	0.066792
220	0.060896
25	0.058899
15	0.058345
17	0.055613
184	0.050343
13	0.049812
29	0.049762
221	0.045376
186	0.045090
214	0.044841
210	0.044570
18	0.044532
22	0.043964
204	0.042520
178	0.041908
27	0.039557
206	0.038798
218	0.034994
212	0.034753
223	0.034108
207	0.033565
23	0.029638
16	0.029279
515	0.028266
526	0.027755
180	0.026501
171	0.024742
174	0.022864
182	0.021990
28	0.021522
477	0.020453
519	0.020411
219	0.020299
166	0.019437
183	0.019011
175	0.018969
176	0.018969
524	0.018508
187	0.018095
217	0.018009
475	0.017826
511	0.017674
200	0.017268
209	0.017015
167	0.015880
168	0.015880
476	0.015409
205	0.015335
512	0.015290
169	0.015210
179	0.015095
192	0.014695
14	0.014386
201	0.014335
202	0.014335
523	0.014222
11	0.013904
196	0.013268
188	0.012923
185	0.012806
21	0.011752
170	0.011657
215	0.011423
222	0.011408
502	0.010738
467	0.010383
528	0.010343
510	0.010306
20	0.010277
172	0.010267
513	0.010175

11 94 597
-27.820611	-0.055728

1	0.641635
140	0.253827
142	0.206510
141	0.206510
143	0.192669
145	0.192669
149	0.187568
146	0.187568
150	0.186205
144	0.145353
148	0.126411
147	0.126411
151	0.119947
153	0.119947
152	0.106106
154	0.101005
535	0.091447
538	0.078733
537	0.078733
547	0.075283
544	0.075283
560	0.074456
539	0.069691
536	0.069691
545	0.065597
540	0.063300
549	0.063300
546	0.062657
542	0.062657
563	0.062075
561	0.062075
550	0.061721
562	0.061322
557	0.061322
571	0.058657
552	0.058502
565	0.058502
548	0.053615
541	0.053615
543	0.050586
566	0.049340
554	0.049340
567	0.046430
551	0.046430
564	0.046032
555	0.046032
559	0.045645
553	0.045645
575	0.044664
568	0.042980
558	0.042337
556	0.042337
573	0.041754
574	0.041754
572	0.041091
569	0.041091
570	0.038151
576	0.033386
1117	0.032037
1122	0.028283
1119	0.028283
1130	0.027602
1121	0.026444
1120	0.026444
1135	0.025345
1133	0.024779
1137	0.024362
1132	0.024362
1118	0.024173
1123	0.024173
1124	0.022587
1139	0.022523
1131	0.022523
1134	0.022035
1128	0.022035
1140	0.021603
1126	0.021603
1146	0.020872
1136	0.020265
1138	0.019764
1127	0.019764
1125	0.019763
1141	0.019763
1129	0.018833
1144	0.018114
1143	0.018114
1145	0.017670
1142	0.017168
1420	0.011431
1422	0.010481
1424	0.010160
1423	0.009891
1421	0.009422
1472	0.000459

211	233.540280
213	220.878945
202	206.479344
8	206.443949
6	195.263999
10	193.085449
205	169.139991
11	161.023697
4	156.057471
192	149.768202
9	118.267461
707	93.293023
195	89.456978
699	87.471233
203	86.595454
212	84.854010
692	84.726437
2	84.083693
197	81.466229
181	81.407616
709	80.903903
185	76.900197
207	76.469008
7	73.641780
700	72.873000
701	72.872947
193	67.777036
198	66.878013
199	66.878004
687	66.741268
215	64.328317
200	64.129239
208	63.709840
209	63.709834
186	62.715011
187	62.715003
171	61.351467
188	59.179864
190	59.179860
214	56.557437
216	55.788026
688	54.787759
689	54.787686
690	52.535564
172	49.860703
173	49.860699
201	49.546198
696	49.016429
682	48.751565
206	48.532501
684	48.066031
174	46.708336
176	46.708332
177	45.955398
189	45.000345
191	41.466836
691	40.586350
182	38.566372
660	37.567812
662	36.670977
693	35.533130
669	35.227831
175	35.222912
5	35.167027
711	34.280853
708	33.895897
1223	33.674905
155	32.948174
178	31.319730
179	31.319730
679	30.032247
695	29.441328
710	29.393310
670	28.728666
671	28.728617
194	28.562345
653	27.862475
672	27.109196
674	27.109176
681	27.050179
156	26.713197
157	26.713194
204	25.193932
680	25.166612
158	24.932051
160	24.932048
1215	24.601990
698	24.482063
656	24.377208
655	24.377207
161	24.349708
164	24.349707
167	23.095691
676	22.930758
703	22.396824
1217	22.158617
625	22.033642
654	22.020113
657	22.020113
639	21.153582
659	20.892567
1216	20.615277
673	20.612635
641	20.498883
646	20.460753
1218	20.003737
1220	19.722022
1225	19.579873
702	19.426310
628	19.064586
627	19.064584
183	19.007427
675	18.993933
159	18.700799
704	18.658127
705	18.658107
658	18.535996
634	18.512564
667	18.328845
629	16.989102
626	16.989102
210	16.984759
1228	16.979245
162	16.338888
163	16.338887
635	16.001416
630	15.990658
165	15.756980
632	15.554916
636	15.554916
166	13.977463
663	13.971831
661	13.960491
668	13.922143
665	13.918875
1231	13.575176
637	13.480081
631	13.480080
686	13.277981
633	13.023139
1197	12.762604
685	12.697690
683	12.687253
638	12.035902
577	11.749791
1232	11.309369
1233	11.309355
168	11.276321
196	11.275541
1200	11.165871
1199	11.165865
1193	10.505575
677	10.377682
694	10.338055
580	10.111569
579	10.111567
1198	10.086037
1201	10.086032
1227	9.779339
589	9.708757
586	9.708756
1203	9.569424
180	9.389851
642	9.129463
640	9.118829
581	8.947017
578	8.947017
3	8.929923
651	8.862842
647	8.848795
644	8.844580
1224	8.621992
1202	8.489835
1230	8.480370
587	8.418740
1235	8.312014
582	8.206177
591	8.206177
584	8.080642
588	8.080641
598	8.016092
600	8.016092
1194	7.903528
1196	7.889976
1179	7.885249
593	7.687456
1214	7.578703
1181	7.185074
590	6.916584
583	6.916583
1182	6.892520
585	6.569164
1180	6.514267
595	6.514043
594	6.176097
592	6.176097
603	6.129667
169	6.058179
601	5.986203
596	5.986203
605	5.902866
610	5.881533
184	5.828168
1204	5.751823
712	5.731572
599	5.648317
597	5.648317
1206	5.614363
1222	5.447958
1439	5.225970
1221	5.210369
1219	5.205471
1183	5.009095
706	4.973503
1185	4.923881
1187	4.923726
1433	4.811709
678	4.373553
1147	4.102681
1152	3.646350
1149	3.646350
1150	3.432108
1151	3.432107
1158	3.243825
1153	3.164159
1148	3.164159
1438	3.109513
1236	3.019969
1234	3.014736
1155	2.975940
1157	2.975940
619	2.940083
650	2.903837
649	2.899486
606	2.871553
604	2.864131
1211	2.806156
1156	2.761763
611	2.728934
608	2.725801
620	2.721846
170	2.721750
616	2.720984
1154	2.708078
648	2.694882
643	2.680035
652	2.272813
1207	2.139307
1205	2.137406
1212	2.131537
1209	2.131007
645	2.086447
1213	1.895614
1440	1.744434
1192	1.608641
1437	1.552787
1159	1.541017
1425	1.525922
27	1.506636
1161	1.494301
1163	1.494163
1170	1.492604
35	1.459459
1172	1.449923
29	1.438759
1190	1.392530
1191	1.390347
1189	1.371462
1186	1.328107
1188	1.310080
296	1.308852
1184	1.305732
612	1.235144
622	1.226371
607	1.224590
621	1.216786
614	1.212686
1434	1.210013
1436	1.207906
315	1.189472
298	1.171661
30	1.152233
310	1.146590
290	1.088157
609	1.028983
34	1.008896
617	0.996761
602	0.941783
317	0.894165
1442	0.871263
18	0.863033
261	0.858057
16	0.852190
33	0.837756
255	0.826538
666	0.818081
1432	0.776847
312	0.764559
20	0.757805
28	0.756358
300	0.730602
257	0.700575
14	0.699546
292	0.686919
318	0.666063
304	0.660602
25	0.638949
283	0.638671
246	0.632699
314	0.596022
286	0.592920
1162	0.588038
1173	0.582991
1174	0.582788
32	0.581864
1171	0.581564
1168	0.580688
1164	0.577679
19	0.576190
1160	0.574291
294	0.571323
1176	0.570256
1166	0.569434
1178	0.567574
36	0.548665
890	0.542783
872	0.537533
857	0.534002
882	0.522983
31	0.508000
624	0.503768
295	0.494469
287	0.492595
288	0.492595
881	0.485711
307	0.473527
299	0.470154
855	0.465210
316	0.460231
856	0.402611
291	0.393068
249	0.387419
1431	0.385277
26	0.369362
17	0.366681
886	0.364264
238	0.355060
785	0.339660
251	0.338730
781	0.336153
297	0.333719
241	0.333258
308	0.332864
866	0.332806
1426	0.322454
1428	0.320788
877	0.303748
259	0.300022
256	0.298118
786	0.293736
311	0.292432
309	0.288132
252	0.281202
253	0.281202
777	0.274928
231	0.272926
242	0.272517
243	0.272517
889	0.271978
847	0.270301
284	0.265868
301	0.263905
247	0.263066
878	0.262918
244	0.261074
260	0.259475
278	0.250383
258	0.234374
303	0.231435
778	0.228218
779	0.228218
844	0.226979
843	0.226654
848	0.224554
849	0.224554
267	0.221910
232	0.221671
233	0.221671
1338	0.221615
262	0.218462
272	0.217915
234	0.208909
236	0.208909
279	0.204864
280	0.204864
854	0.202199
245	0.200383
281	0.196279
12	0.190658
263	0.185477
276	0.181133
876	0.177189
15	0.176834
826	0.176590
879	0.174912
887	0.174418
774	0.171973
305	0.168423
851	0.165860
1430	0.160299
239	0.159116
235	0.157700
313	0.153919
859	0.152362
23	0.152082
765	0.151483
282	0.150793
838	0.149597
760	0.147894
840	0.147393
762	0.145755
237	0.144952
873	0.137034
891	0.136434
858	0.136148
883	0.133375
784	0.132238
289	0.130775
773	0.129107
22	0.128720
1210	0.125228
766	0.123865
767	0.123865
275	0.123267
757	0.121514
782	0.121234
867	0.120205
768	0.118663
293	0.115295
846	0.113322
615	0.112224
759	0.109250
618	0.108986
1265	0.104771
1311	0.103315
832	0.102390
869	0.102002
227	0.101913
758	0.101426
815	0.100694
741	0.097742
770	0.096170
21	0.092420
268	0.092317
835	0.091508
769	0.091068
748	0.088055
787	0.086470
750	0.085905
776	0.085866
744	0.085306
743	0.085306
319	0.083724
264	0.083173
1326	0.082992
1316	0.082489
837	0.082301
1331	0.080813
24	0.080091
1336	0.079772
273	0.078628
285	0.077067
745	0.076817
742	0.076817
836	0.076428
248	0.076221
861	0.076043
788	0.074775
254	0.074570
217	0.074129
747	0.072875
888	0.070206
1266	0.069932
1318	0.069397
1334	0.069286
240	0.066689
746	0.064391
827	0.063708
780	0.060513
218	0.059973
219	0.059973
1335	0.059970
852	0.059912
850	0.059611
271	0.058420
220	0.056103
222	0.056103
250	0.055742
1340	0.055575
1257	0.055225
223	0.055181
1271	0.052341
833	0.052140
805	0.051859
807	0.051030
853	0.050657
1259	0.049649
228	0.047770
277	0.046125
1258	0.046092
789	0.046005
819	0.045306
1272	0.045262
791	0.044830
13	0.044703
880	0.044610
755	0.042932
221	0.041962
816	0.041885
1315	0.041245
842	0.040493
764	0.040030
771	0.039985
841	0.038811
839	0.038745
763	0.038317
761	0.038277
224	0.037175
225	0.037175
1167	0.037129
1298	0.036708
1251	0.036440
1169	0.036192
1175	0.034945
1268	0.034917
265	0.034877
1320	0.034635
1312	0.034595
751	0.032525
749	0.032484
756	0.032360
753	0.032349
1306	0.031508
1269	0.030034
875	0.029528
829	0.027874
1330	0.027028
1329	0.026943
269	0.026759
783	0.026532
713	0.026264
727	0.026124
729	0.025282
734	0.025226
1287	0.023528
229	0.023401
1289	0.023151
1310	0.023120
1256	0.022827
716	0.022658
715	0.022658
821	0.022586
1260	0.022478
796	0.022399
1262	0.022152
722	0.021988
1337	0.020344
717	0.020117
714	0.020117
723	0.018942
718	0.018902
720	0.018398
724	0.018398
1252	0.018353
1254	0.018307
1300	0.018299
1314	0.017271
792	0.017027
790	0.016975
797	0.016883
794	0.016869
725	0.015858
719	0.015858
721	0.015301
726	0.014128
809	0.013991
808	0.013470
806	0.013413
1462	0.012326
817	0.012140
772	0.011585
730	0.011194
728	0.011164
226	0.011103
739	0.010819
735	0.010811
732	0.010800

10
3 2 2
-6.928203	-0.000001

1	0.988244
5	0.152882

2	27.349669
3	14.008862

4 2 7
-9.656854	-0.000031

1	0.923880
8	0.382683

4	121.705948
2	112.781785
3	38.640138
10	17.499858
9	17.098933
6	0.161161
5	0.158139

5 4 13
-12.310734	-0.000348

1	0.881818
13	0.355023
14	0.308778
21	0.031825

4	77.595058
2	55.410295
5	51.928837
18	23.720403
15	22.501117
3	14.251090
17	11.843454
16	11.538509
8	0.118107
6	0.055361
7	0.037731
9	0.030140
20	0.016965

6 6 27
-14.928203	-0.002470

1	0.841225
20	0.335411
22	0.280408
21	0.280408
40	0.130138
23	0.075135

4	120.226592
6	106.403477
2	75.517500
5	60.421541
29	49.311865
28	49.146674
31	48.732345
24	29.893278
25	25.858958
26	17.585733
30	16.273622
3	15.542584
43	7.452108
27	4.480881
42	2.706471
41	2.642502
9	0.369212
10	0.246836
12	0.197709
7	0.132471
11	0.126035
35	0.111789
8	0.067803
36	0.057035
34	0.055872
33	0.054418
32	0.053306

7 10 51
-17.525145	-0.012774

1	0.794315
31	0.315434
32	0.259868
33	0.259868
34	0.249435
35	0.193869
71	0.117233
73	0.105744
72	0.098580
89	0.007437

6	159.934825
4	156.354659
7	120.108698
47	98.294500
2	91.181605
48	73.341397
44	71.672524
46	65.526688
5	62.897967
42	62.245005
43	53.919057
36	35.836025
80	30.044528
37	29.779730
38	29.779730
40	22.467727
49	18.387631
45	18.310438
3	15.639990
81	15.046380
74	13.679832
79	11.094288
41	8.124037
39	7.908409
78	5.529952
75	4.680190
77	2.332315
10	0.668396
16	0.628359
12	0.590583
15	0.469784
11	0.335469
62	0.286059
55	0.271196
54	0.270640
57	0.268247
8	0.209819
13	0.171324
58	0.138414
14	0.100850
52	0.096364
60	0.091526
56	0.089591
9	0.085977
50	0.082331
61	0.071439
51	0.071009
84	0.040685
53	0.024403
87	0.020761
83	0.014743

8 16 95
-20.109358	-0.052613

1	0.753417
46	0.298619
47	0.244426
48	0.244426
51	0.230970
49	0.230970
50	0.176777
52	0.163320
123	0.109127
126	0.095671
125	0.095671
127	0.086680
124	0.086680
129	0.082215
128	0.073223
174	0.041478

6	160.470615
4	143.810159
8	139.979297
74	114.718532
69	110.221224
7	96.466553
2	79.929991
71	73.640140
65	69.714127
67	64.018416
73	57.418598
61	56.797123
68	55.489660
5	48.223635
63	47.265950
62	47.265949
148	47.051769
53	31.350808
144	29.375247
70	28.196095
55	25.684605
54	25.684604
145	25.460845
66	25.273264
56	24.620306
138	21.798988
58	20.359527
57	18.955995
143	17.095124
146	16.882112
72	14.776525
139	14.596551
64	12.578890
3	11.751446
130	11.476190
132	10.324804
131	9.595785
59	8.505422
141	7.285966
142	5.697635
133	4.777928
135	4.700740
147	4.318574
178	2.618214
177	2.614192
60	2.471191
137	1.292061
136	1.243283
134	1.239479
176	0.737891
175	0.720438
19	0.532603
13	0.381177
11	0.372967
18	0.302203
17	0.300928
14	0.286146
96	0.245633
98	0.242995
86	0.232036
20	0.178114
87	0.173435
83	0.169067
99	0.162489
85	0.154759
12	0.149827
81	0.147159
82	0.127110
95	0.122484
9	0.108359
16	0.097749
89	0.086308
97	0.081137
92	0.079202
15	0.076524
155	0.070402
79	0.052669
94	0.044432
88	0.043474
84	0.042938
75	0.042240
165	0.037054
10	0.037019
163	0.037014
161	0.035994
156	0.035247
76	0.034975
77	0.034975
154	0.026001
90	0.021923
80	0.018902
149	0.015977
157	0.013266
153	0.012978
150	0.010889

9 30 190
-22.685127	-0.182127

1	0.715787
68	0.283419
70	0.231234
69	0.231234
73	0.216959
71	0.216959
74	0.213553
72	0.164774
75	0.147092
76	0.147092
207	0.102764
210	0.089132
209	0.089132
216	0.086606
211	0.079712
208	0.079712
212	0.075160
217	0.075047
214	0.073022
218	0.073022
213	0.063601
219	0.063601
215	0.061528
220	0.056863
77	0.044272
334	0.037151
336	0.033890
337	0.032560
335	0.030825
364	0.001826

6	326.437193
8	311.951937
106	285.699692
4	276.781070
108	255.851369
9	249.712145
100	237.048039
7	163.582225
102	149.862457
2	149.033804
93	138.590434
96	129.153766
104	124.581298
259	117.256755
88	109.008073
105	108.018716
97	107.547308
98	107.547303
109	102.495005
257	102.169073
89	89.407586
90	89.407581
258	88.582682
101	86.048643
91	85.715674
5	79.565956
107	73.136882
92	66.119702
249	59.288266
78	58.426280
94	58.016287
246	49.725126
245	49.668064
250	49.368451
251	49.368428
79	47.578025
80	47.578021
81	44.883751
83	44.883748
256	44.354005
237	40.088608
85	38.769972
253	36.319586
239	36.092134
82	34.039035
238	33.561988
240	32.663871
242	32.189799
84	31.345723
260	30.015361
99	28.648107
103	25.064778
248	24.833344
344	22.798361
221	21.057406
3	19.171347
224	18.404717
223	18.404716
349	18.202778
86	17.495959
95	16.864851
225	16.608703
222	16.608703
227	15.752551
226	13.956810
254	13.184034
252	13.150079
255	11.097462
228	9.682296
230	9.436001
348	9.100520
244	8.876768
243	8.499873
241	8.490911
338	7.897287
345	7.618320
87	7.365800
343	5.069985
235	4.714614
347	3.804624
22	3.671065
231	3.597539
229	3.590508
236	3.570096
233	3.568193
23	2.756190
342	2.526132
14	2.283128
145	2.245522
12	2.047692
339	2.027311
341	2.019770
16	1.989437
24	1.843560
20	1.790369
146	1.676904
142	1.632443
25	1.621540
131	1.616257
126	1.552551
148	1.501681
144	1.497227
152	1.482061
21	1.439088
15	1.371721
128	1.040071
122	0.981592
124	0.903067
150	0.841856
130	0.809077
118	0.802089
125	0.780624
140	0.709739
13	0.685698
300	0.685657
297	0.683839
119	0.665169
120	0.665169
279	0.657198
141	0.613824
10	0.566453
135	0.530078
132	0.501169
18	0.468647
147	0.420307
143	0.415692
139	0.414227
275	0.411328
127	0.394938
276	0.355539
123	0.353328
17	0.350240
298	0.342399
303	0.338609
269	0.305002
115	0.284698
19	0.255144
296	0.252020
151	0.247406
290	0.241202
274	0.239285
277	0.236095
302	0.226102
110	0.220487
138	0.213287
129	0.208625
270	0.203944
234	0.203103
133	0.180438
111	0.179971
112	0.179971
121	0.176099
113	0.172352
294	0.168091
11	0.165935
136	0.134857
114	0.131858
116	0.117944
280	0.104108
272	0.101806
287	0.081637
261	0.079950
273	0.079809
263	0.071812
262	0.066601
264	0.066250
266	0.065209
295	0.062847
291	0.061358
278	0.060054
282	0.051921
360	0.051653
356	0.037143
353	0.036384
352	0.036347
117	0.034122
36	0.033423
35	0.018962
34	0.018897
41	0.017859
268	0.017840
267	0.017142
265	0.017100
174	0.015318
176	0.015168
30	0.011967
28	0.011709
37	0.011171
351	0.010182
177	0.010137

10 52 355
-25.255006	-0.549019

1	0.677204
98	0.267989
99	0.218259
100	0.218259
103	0.204043
101	0.204043
107	0.199387
104	0.199387
102	0.154312
106	0.135441
105	0.135441
108	0.130785
109	0.116569
337	0.096773
340	0.083528
339	0.083528
349	0.080274
346	0.080274
338	0.074207
341	0.074207
347	0.069818
342	0.068240
351	0.068240
348	0.067105
344	0.067105
360	0.066563
358	0.066563
353	0.063925
350	0.057783
343	0.057783
345	0.054995
355	0.054529
354	0.051816
352	0.051816
361	0.050139
356	0.050139
359	0.047426
357	0.047426
619	0.034257
624	0.030507
621	0.030507
622	0.028784
623	0.028784
630	0.027206
620	0.026612
625	0.026612
629	0.025034
627	0.025034
628	0.023311
626	0.022863
724	0.012901
362	0.007941

154	237.202653
8	235.581627
6	231.627275
148	228.141076
10	207.129294
150	193.327691
4	188.537117
139	173.756873
9	157.200624
142	106.372064
7	99.508937
2	99.007055
131	96.404920
435	94.794653
431	93.681915
144	93.310192
134	91.384399
149	82.900384
152	82.781113
436	82.210401
145	77.737870
146	77.737869
427	76.569747
136	75.008128
135	75.008127
124	74.195394
140	72.857586
137	71.922892
153	71.794319
151	64.555399
428	63.789151
429	63.789128
155	60.756026
126	60.490301
125	60.490296
129	57.077628
127	57.077625
138	55.549583
424	47.910026
5	47.428542
132	43.603801
128	43.375544
415	41.964784
410	41.031953
412	40.457277
130	39.963725
110	38.826749
434	36.848077
423	35.928903
416	34.443989
417	34.443968
432	34.040399
407	33.678557
418	33.027268
112	31.535545
111	31.535542
409	30.331939
115	29.542409
113	29.542406
659	29.481078
116	29.067545
408	28.216933
391	26.858410
420	26.629779
120	26.140703
419	25.507843
437	24.279247
398	24.172295
426	23.932832
400	23.592072
393	23.493718
394	23.493717
114	22.253380
392	21.217289
395	21.217288
141	21.194843
438	21.055273
147	20.722561
397	20.129490
118	19.786196
117	19.786195
660	19.672452
133	18.371361
396	17.853276
430	17.003440
651	15.464628
143	15.251187
665	14.725297
653	13.927688
363	13.906884
652	12.956453
666	12.770293
121	12.375152
365	12.027446
366	12.027444
405	11.791219
372	11.678747
3	11.320373
414	11.175369
421	11.166262
364	10.714804
367	10.714804
413	10.684172
411	10.678161
645	10.117683
373	10.088051
368	10.084511
662	9.826999
374	9.806431
370	9.806431
401	8.985948
399	8.979856
406	8.951500
403	8.949772
369	8.493992
375	8.493991
663	8.448902
371	8.205765
376	7.579271
433	7.378433
377	6.780539
379	6.564655
384	6.550816
650	6.380443
654	6.288316
656	6.200132
122	6.100430
119	5.931298
646	5.083448
648	5.073997
631	4.962791
633	4.520177
634	4.335613
632	4.096629
422	3.248444
380	2.926278
378	2.921879
389	2.833605
385	2.830506
382	2.828860
664	2.163929
649	2.125408
123	1.871107
24	1.833564
658	1.712635
657	1.637442
655	1.636425
635	1.602293
26	1.599143
637	1.573007
639	1.572955
30	1.409330
729	1.312408
213	1.304596
208	1.252822
220	1.150316
25	1.101820
15	1.049528
17	1.001953
728	0.977782
727	0.975905
29	0.938528
388	0.927139
387	0.925452
184	0.909305
13	0.889530
386	0.864448
221	0.858672
381	0.858402
210	0.838213
214	0.837865
22	0.818318
186	0.815074
18	0.801890
204	0.788776
178	0.754570
27	0.737009
206	0.728253
390	0.726302
383	0.670695
218	0.655016
212	0.652972
223	0.644646
207	0.630214
23	0.548289
515	0.532647
526	0.526120
16	0.525597
404	0.524940
644	0.513503
180	0.478544
642	0.444346
643	0.443416
171	0.440592
641	0.437343
638	0.424864
640	0.419121
636	0.417315
174	0.412012
28	0.401564
182	0.396932
219	0.383444
519	0.382860
477	0.370190
524	0.350784
166	0.347713
183	0.343285
175	0.341975
176	0.341975
217	0.336808
511	0.332891
187	0.326508
475	0.322854
200	0.321879
209	0.319431
512	0.288067
205	0.284735
167	0.284216
168	0.284216
476	0.279204
169	0.272252
179	0.272102
201	0.267303
202	0.267303
523	0.267080
192	0.257673
14	0.255370
726	0.247767
725	0.241920
11	0.238053
196	0.233104
185	0.231557
188	0.224973
222	0.215211
215	0.213625
170	0.208782
21	0.205711
528	0.196384
510	0.193735
513	0.191165
502	0.189440
467	0.187839
172	0.183038
20	0.179583
525	0.175644
211	0.168137
199	0.167207
506	0.164552
464	0.157126
463	0.157061
468	0.155902
469	0.155902
474	0.140326
19	0.130441
516	0.129544
455	0.126703
505	0.122966
163	0.122268
496	0.117364
471	0.114843
457	0.113894
456	0.105707
458	0.102991
460	0.101504
529	0.098431
520	0.097610
478	0.094261
189	0.093487
193	0.092936
156	0.092671
177	0.090654
508	0.082158
195	0.081808
703	0.080327
702	0.080219
181	0.080003
466	0.078467
157	0.075203
158	0.075203
673	0.071596
203	0.070914
159	0.070861
161	0.070861
509	0.064588
12	0.061034
197	0.059366
698	0.059191
678	0.057123
164	0.054706
489	0.053642
160	0.053402
173	0.053008
479	0.052592
481	0.051784
162	0.049063
514	0.048739
503	0.048240
497	0.042326
472	0.041411
470	0.041325
43	0.036189
499	0.035946
473	0.035124
439	0.033101
446	0.030269
696	0.029560
695	0.029522
448	0.029512
692	0.029209
442	0.028873
441	0.028873
677	0.028566
462	0.027862
44	0.027163
190	0.027079
491	0.026758
461	0.026669
459	0.026646
443	0.025983
440	0.025983
52	0.025456
445	0.024646
684	0.024430
674	0.023912
165	0.022912
259	0.021994
444	0.021757
45	0.018160
41	0.017684
53	0.017021
260	0.016444
256	0.016002
46	0.015971
672	0.015902
280	0.015500
453	0.014746
262	0.014701
258	0.014669
266	0.014520
51	0.014434
42	0.014202
483	0.014199
482	0.013635
480	0.013605
667	0.012308
686	0.012186
676	0.011941
277	0.011709
279	0.011592
35	0.011263
449	0.011172
447	0.011154
454	0.011097
451	0.011092
33	0.010119

11 94 592
-27.820611	-1.476401

1	0.641635
140	0.253827
141	0.206510
142	0.206510
145	0.192669
143	0.192669
149	0.187568
146	0.187568
150	0.186205
144	0.145353
148	0.126411
147	0.126411
153	0.119947
151	0.119947
152	0.106106
154	0.101005
535	0.091447
537	0.078733
538	0.078733
547	0.075283
544	0.075283
560	0.074456
539	0.069691
536	0.069691
545	0.065597
549	0.063300
540	0.063300
546	0.062657
542	0.062657
561	0.062075
563	0.062075
550	0.061721
562	0.061322
557	0.061322
571	0.058657
565	0.058502
552	0.058502
548	0.053615
541	0.053615
543	0.050586
566	0.049340
554	0.049340
567	0.046430
551	0.046430
564	0.046032
555	0.046032
559	0.045645
553	0.045645
575	0.044664
568	0.042980
558	0.042337
556	0.042337
574	0.041754
573	0.041754
569	0.041091
572	0.041091
570	0.038151
576	0.033386
1117	0.032037
1119	0.028283
1122	0.028283
1130	0.027602
1120	0.026444
1121	0.026444
1135	0.025345
1133	0.024779
1132	0.024362
1137	0.024362
1123	0.024173
1118	0.024173
1124	0.022587
1131	0.022523
1139	0.022523
1128	0.022035
1134	0.022035
1126	0.021603
1140	0.021603
1146	0.020872
1136	0.020265
1138	0.019764
1127	0.019764
1125	0.019763
1141	0.019763
1129	0.018833
1144	0.018114
1143	0.018114
1145	0.017670
1142	0.017168
1420	0.011431
1422	0.010481
1424	0.010160
1423	0.009891
1421	0.009422
1472	0.000459

211	275.224672
213	260.445714
202	242.441586
8	242.355108
6	227.838125
10	227.281501
205	198.967962
11	189.463569
4	179.900274
192	174.506202
9	138.644897
707	110.046867
195	104.657487
699	103.226662
203	101.768976
212	100.078513
692	99.590604
197	95.713017
709	95.455441
181	93.322453
2	92.670464
207	90.085967
185	89.802019
700	86.024763
701	86.024739
7	85.656390
193	79.054910
199	78.598809
198	78.598805
687	78.574752
215	75.759150
200	75.374849
209	75.076298
208	75.076298
187	73.263126
186	73.263116
171	70.789664
190	69.143261
188	69.143255
214	66.735397
216	65.716182
688	64.523495
689	64.523465
690	61.876745
201	58.263246
696	57.837976
173	57.554826
172	57.554813
682	57.315978
206	56.955360
684	56.527321
176	53.926523
174	53.926511
177	53.060426
189	52.607190
191	48.488139
691	47.827655
182	44.265426
660	43.835307
662	42.802614
693	41.804150
669	41.248608
175	40.694323
711	40.475546
5	40.230021
708	40.014486
1223	39.777019
155	36.360678
179	36.200972
178	36.200970
679	35.317809
695	34.715229
710	34.707438
670	33.651393
671	33.651375
194	33.335395
653	32.570637
681	31.815230
672	31.759190
674	31.759183
204	29.621104
680	29.604728
157	29.497018
156	29.497010
1215	28.992333
698	28.896416
655	28.502074
656	28.502071
160	27.538139
158	27.538129
164	26.898339
161	26.898335
676	26.750052
703	26.449434
1217	26.116651
654	25.753167
657	25.753166
625	25.453519
167	24.732562
659	24.433958
1216	24.301837
639	24.291210
673	24.163280
641	23.548706
1218	23.543538
646	23.507391
1220	23.219270
1225	23.125424
702	22.941661
675	22.271456
704	22.040927
705	22.040918
627	22.029246
628	22.029241
183	21.833782
658	21.685245
667	21.395060
634	21.392833
159	20.676323
1228	20.058774
210	20.022821
626	19.638335
629	19.638334
635	18.495452
630	18.487816
163	18.078420
162	18.078417
636	17.981307
632	17.981306
165	17.438831
663	16.308664
661	16.302786
668	16.266256
665	16.264561
1231	16.041952
686	15.630058
631	15.590621
637	15.590618
166	15.480751
633	15.064403
1197	14.959901
685	14.931571
683	14.926155
638	13.921846
1232	13.368572
1233	13.368566
196	13.130600
1200	13.091014
1199	13.091012
577	12.989059
1193	12.292652
694	12.167678
677	12.118678
168	12.090780
1198	11.828428
1201	11.828425
1227	11.553589
1203	11.222334
579	11.182370
580	11.182365
180	10.857915
586	10.738460
589	10.738457
642	10.487776
640	10.482280
651	10.196242
1224	10.191472
647	10.176609
644	10.174430
1230	10.021434
1202	9.959839
578	9.900122
581	9.900122
1235	9.812405
3	9.535765
587	9.314580
1194	9.234550
1196	9.222911
1179	9.120402
591	9.084251
582	9.084251
588	8.942586
584	8.942585
1214	8.921134
600	8.870786
598	8.870786
593	8.509169
1181	8.311420
1182	7.974281
583	7.660517
590	7.660514
1180	7.537867
585	7.278228
595	7.216746
592	6.844846
594	6.844844
712	6.755287
1204	6.719402
184	6.697586
596	6.631547
601	6.631546
603	6.578966
1206	6.560980
169	6.501288
1222	6.420097
605	6.339838
610	6.317933
597	6.259650
599	6.259649
1439	6.181391
1221	6.133454
1219	6.130913
706	5.877657
1183	5.761414
1185	5.667070
1187	5.666991
1433	5.645797
678	5.110350
1147	4.544006
1149	4.039445
1152	4.039444
1151	3.803459
1150	3.803459
1438	3.664377
1158	3.594595
1236	3.567888
1234	3.565174
1148	3.507828
1153	3.507828
650	3.344769
649	3.342518
1157	3.299007
1155	3.299007
1211	3.279525
619	3.158330
648	3.093180
643	3.085499
606	3.081822
604	3.078000
1156	3.063044
1154	3.003409
611	2.934034
608	2.932421
620	2.928141
616	2.927698
170	2.922432
652	2.615584
1207	2.499997
1205	2.499012
1212	2.493393
1209	2.493118
645	2.392910
1213	2.230739
1440	2.061952
1192	1.852169
1437	1.831149
1425	1.692895
1159	1.657605
1161	1.609083
1163	1.609012
1170	1.607622
1190	1.603949
1191	1.602820
1189	1.580592
1172	1.562593
1186	1.527910
1188	1.505978
1184	1.503729
1434	1.415491
1436	1.413684
612	1.323979
622	1.322085
607	1.318543
621	1.309839
614	1.307728
609	1.103056
617	1.072481
602	1.044110
1442	1.030156
666	0.963983
1432	0.895239
1162	0.632502
1174	0.628017
1173	0.627975
1171	0.627386
1168	0.626789
1164	0.620522
1160	0.618777
1176	0.614830
1166	0.614406
1178	0.612871
27	0.560141
35	0.550915
624	0.542514
29	0.538168
296	0.490652
315	0.450315
1431	0.445987
298	0.439562
310	0.431851
30	0.430738
290	0.404773
34	0.378925
1426	0.347781
1428	0.346455
317	0.338084
33	0.315270
261	0.308548
18	0.308546
16	0.302399
255	0.296186
312	0.288684
28	0.280573
20	0.271627
300	0.270716
292	0.256256
318	0.252273
257	0.251315
304	0.246367
14	0.245121
25	0.234422
283	0.233509
314	0.225371
246	0.224717
286	0.220795
32	0.216337
294	0.214067
36	0.206824
890	0.206190
19	0.205827
872	0.201144
857	0.200545
882	0.197674
31	0.187680
295	0.185350
881	0.184202
288	0.183538
287	0.183538
307	0.176643
299	0.176071
855	0.174831
316	0.173461
1430	0.173148
856	0.151372
1210	0.147766
291	0.146415
886	0.138150
249	0.138001
26	0.134655
17	0.129826
308	0.125471
297	0.125246
238	0.124051
866	0.123794
615	0.122998
785	0.122399
251	0.121343
618	0.121330
781	0.120726
241	0.118481
877	0.114883
311	0.110268
309	0.108655
259	0.107765
256	0.107001
786	0.105907
889	0.103192
847	0.101003
253	0.100804
252	0.100804
878	0.099483
777	0.098825
301	0.097923
284	0.097350
243	0.096955
242	0.096955
231	0.095808
247	0.093597
260	0.093250
244	0.092901
278	0.092008
303	0.085830
844	0.084620
843	0.084553
1338	0.084335
848	0.083958
849	0.083958
258	0.083906
778	0.082094
779	0.082093
262	0.078661
233	0.077865
232	0.077865
267	0.076746
854	0.075961
272	0.075942
280	0.075325
279	0.075325
236	0.073399
234	0.073399
281	0.072179
245	0.071384
876	0.066881
887	0.066080
879	0.065989
12	0.063887
263	0.063346
276	0.063312
305	0.062887
851	0.061804
826	0.061798
774	0.061783
15	0.061584
313	0.057905
859	0.056590
239	0.055686
282	0.055502
235	0.055465
838	0.054827
765	0.054064
840	0.054046
23	0.052806
760	0.052667
762	0.051927
891	0.051671
873	0.051340
858	0.051190
237	0.051002
883	0.050471
289	0.048764
50	0.048144
784	0.047669
773	0.046352
867	0.044776
22	0.044360
766	0.044240
767	0.044240
782	0.043611
757	0.043299
275	0.042977
293	0.042843
768	0.042390
846	0.042265
52	0.041890
1167	0.040367
1169	0.039966
1175	0.039241
65	0.039140
63	0.038987
759	0.038941
1311	0.038676
869	0.038133
1265	0.037746
56	0.036890
758	0.036166
832	0.035928
815	0.034988
66	0.034459
741	0.034387
770	0.034229
377	0.033965
835	0.033690
227	0.033321
372	0.032663
769	0.032570
268	0.031973
410	0.031805
319	0.031612
21	0.031457
414	0.031427
787	0.031202
1326	0.031131
1316	0.031046
776	0.030860
748	0.030849
1331	0.030612
837	0.030307
1336	0.030203
750	0.030111
743	0.030024
744	0.030024
384	0.029924
64	0.029267
51	0.028920
264	0.028444
861	0.028258
285	0.028238
836	0.028153
24	0.027888
273	0.027439
248	0.027142
742	0.027049
745	0.027049
788	0.026997
254	0.026757
888	0.026505
1334	0.026295
1318	0.025876
747	0.025661
1266	0.025180
217	0.024890
55	0.024572
407	0.023785
240	0.023361
1335	0.022769
746	0.022687
385	0.022365
852	0.022356
827	0.022327
850	0.022306
374	0.021897
378	0.021834
780	0.021789
48	0.021594
1340	0.021113
368	0.020649
271	0.020226
218	0.020150
219	0.020150
250	0.019777
1257	0.019756
53	0.019336
853	0.019008
370	0.019006
1271	0.018908
220	0.018853
222	0.018853
223	0.018545
833	0.018318
805	0.017988
412	0.017837
408	0.017772
1259	0.017767
807	0.017714
404	0.017298
382	0.017042
376	0.017002
880	0.016849
387	0.016787
1258	0.016500
371	0.016415
1272	0.016360
277	0.016142
406	0.015861
819	0.015837
789	0.015756
228	0.015639
1315	0.015523
791	0.015366
62	0.015288
755	0.015050
842	0.014871
816	0.014575
13	0.014563
1017	0.014493
49	0.014455
764	0.014284
771	0.014256
841	0.014228
839	0.014218
221	0.014116
41	0.013818
968	0.013784
763	0.013654
761	0.013648
979	0.013616
43	0.013134
1320	0.012921
1312	0.012920
1298	0.012886
1251	0.012848
61	0.012686
1268	0.012577
224	0.012512
225	0.012512
265	0.011935
348	0.011841
39	0.011772
751	0.011403
749	0.011396
756	0.011361
753	0.011359
875	0.011146
391	0.011138
1306	0.011092
1269	0.010843
350	0.010622
54	0.010512
44	0.010510
415	0.010506
1330	0.010219
1329	0.010205

