0
ground_vanish_N
 3  1.0 -6.641769 -0.000000 0.000000
 4  1.0 -6.982281 0.000000 0.000000
 5  2.0 -12.148292 -0.000000 0.000000
 6  2.0 -14.797576 0.000000 -0.000000
 7  3.0 -17.059477 -0.000000 -0.000000
 8  2.5 -19.302087 0.029810 0.000000
 9  4.0 -21.924290 0.000000 0.000000
10  3.0 -29.097962 0.000000 0.000000
11  5.0 -26.774268 -0.000000 0.000000
-1
ground_vanish_N
 3  1.0 -7.506218 -0.000000 0.000000
 4  1.0 -9.892619 -0.000000 0.000000
 5  2.0 -12.105322 -0.000000 0.000000
 6  2.0 -15.337546 0.000000 -0.000000
 7  2.5 -17.294325 1.565090 0.000000
 8  2.0 -21.803797 -0.000000 0.000000
 9  2.0 -24.982798 -0.000000 -0.000000
10  3.0 -25.965991 -0.000000 0.000000
11  3.0 -28.222081 0.000000 0.000000
1
ground_vanish_N
 3  1.5 -8.107787 -0.625152 0.000000
 4  3.0 -8.000000 -0.000000 -0.000000
 5  3.5 -12.141736 0.287203 0.000000
 6  4.5 -13.656752 -0.348196 0.000000
 7  5.0 -17.914928 -0.000000 -0.000000
 8  6.0 -19.688782 0.000000 -0.000000
 9  6.0 -27.500587 -0.000000 -0.000000
10  7.0 -28.978654 -0.000000 0.000000
11  8.0 -30.577638 -0.000000 -0.000000
ground_vanish_N2
 3  2.0 -6.000000 0.000000 0.000000
 4  1.0 -8.000000 -0.000000 0.000000
 5  2.0 -11.528812 0.000000 -0.000000
 6  2.0 -13.341370 -1.383993 0.000000
 7  3.0 -16.126486 0.000000 -0.000000
 8  2.0 -18.860529 -1.551905 -0.000000
 9  3.0 -21.463379 -0.000000 -0.000000
10  3.0 -23.526902 0.000000 -0.000000
11  3.0 -26.983487 0.000000 -0.000000
2
ground_vanish_N
 3  2.0 -12.000000 0.000000 0.000000
 4  3.0 -16.000000 -0.000000 0.000000
 5  4.0 -20.000000 -0.000000 0.000000
 6  5.0 -24.000000 0.000000 0.000000
 7  6.0 -28.000000 0.000000 -0.000000
 8  7.0 -32.000000 0.000000 -0.000000
 9  8.0 -36.000000 -0.000000 -0.000000
10  9.0 -40.000000 0.000000 0.000000
11 10.0 -44.000000 -0.000000 -0.000000
ground_vanish_N2
 3  2.0 -12.000000 -0.000000 -0.000000
 4  3.0 -16.000000 -0.000000 0.000000
 5  4.0 -20.000000 -0.000000 0.000000
 6  5.0 -24.000000 0.000000 0.000000
 7  6.0 -28.000000 -0.000000 -0.000000
 8  7.0 -32.000000 0.000000 -0.000000
 9  8.0 -36.000000 0.000000 0.000000
10  9.0 -40.000000 0.000000 0.000000
11 10.0 -44.000000 0.000000 -0.000000
5
ground_vanish_N
 3  2.0 -30.000000 -0.000000 -0.000000
 4  3.0 -40.000000 -0.000000 -0.000000
 5  4.0 -50.000000 0.000000 -0.000000
 6  5.0 -60.000000 -0.000000 -0.000000
 7  6.0 -70.000000 -0.000000 -0.000000
 8  7.0 -80.000000 0.000000 -0.000000
 9  8.0 -90.000000 -0.000000 0.000000
10  9.0 -100.000000 -0.000000 -0.000000
11 10.0 -110.000000 -0.000000 0.000000
ground_vanish_N2
 3  2.0 -30.000000 -0.000000 0.000000
 4  3.0 -40.000000 -0.000000 -0.000000
 5  4.0 -50.000000 -0.000000 0.000000
 6  5.0 -60.000000 0.000000 0.000000
 7  6.0 -70.000000 -0.000000 -0.000000
 8  7.0 -80.000000 -0.000000 -0.000000
 9  8.0 -90.000000 0.000000 -0.000000
10  9.0 -100.000000 0.000000 0.000000
11 10.0 -110.000000 0.000000 -0.000000
10
ground_vanish_N
 3  2.0 -60.000000 0.000000 -0.000000
 4  3.0 -80.000000 0.000000 -0.000000
 5  4.0 -100.000000 0.000000 0.000000
 6  5.0 -120.000000 0.000000 -0.000000
 7  6.0 -140.000000 -0.000000 0.000000
 8  7.0 -160.000000 -0.000000 -0.000000
 9  8.0 -180.000000 0.000000 0.000000
10  9.0 -200.000000 -0.000000 -0.000000
11 10.0 -220.000000 0.000000 0.000000
ground_vanish_N2
 3  2.0 -60.000000 0.000000 0.000000
 4  3.0 -80.000000 -0.000000 0.000000
 5  4.0 -100.000000 0.000000 -0.000000
 6  5.0 -120.000000 0.000000 -0.000000
 7  6.0 -140.000000 -0.000000 -0.000000
 8  7.0 -160.000000 -0.000000 -0.000000
 9  8.0 -180.000000 -0.000000 0.000000
10  9.0 -200.000000 -0.000000 -0.000000
11 10.0 -220.000000 0.000000 -0.000000
