boson
xi=0
ground_vanish_N
 3  1.0
 4  1.0
 5  2.0
 6  2.0
 7  3.0
 8  2.5
 9  4.0
10  3.0
11  5.0
ground_vanish_N2
 3  2.0
 4  1.0
 5  2.0
 6  2.0
 7  3.0
 8  2.0
 9  3.0
10  3.0
11  3.0
xi=1
ground_vanish_N
 3  1.0
 4  2.0
 5  2.0
 6  3.0
 7  4.0
 8  5.0
 9  6.0
10  7.0
11  8.0
ground_vanish_N2
 3  2.0
 4  1.0
 5  2.0
 6  2.0
 7  3.0
 8  2.0
 9  3.0
10  3.0
11  3.0
xi=5
ground_vanish_N
 3  2.0
 4  3.0
 5  4.0
 6  5.0
 7  6.0
 8  7.0
 9  8.0
10  9.0
11 10.0
ground_vanish_N2
 3  2.0
 4  1.0
 5  2.0
 6  2.0
 7  3.0
 8  2.0
 9  3.0
10  3.0
11  3.0
xi=10
ground_vanish_N
 3  2.0
 4  3.0
 5  4.0
 6  5.0
 7  6.0
 8  7.0
 9  8.0
10  9.0
11 10.0
ground_vanish_N2
 3  2.0
 4  1.0
 5  2.0
 6  2.0
 7  3.0
 8  2.0
 9  3.0
10  3.0
11  3.0
xi=n1
ground_vanish_N
 3  1.0
 4  1.0
 5  2.0
 6  2.0
 7  2.5
 8  2.0
 9  2.0
10  3.0
11  3.0
ground_vanish_N2
 3  1.0
 4  1.0
 5  1.5
 6  1.5
 7  1.0
 8  2.0
 9  2.0
10  2.0
11  2.0
xi=n5
ground_vanish_N
 3  1.0
 4  2.0
 5  2.0
 6  2.0
 7  2.5
 8  2.0
 9  2.5
10  3.0
11  3.0
ground_vanish_N2
 3  2.0
 4  3.0
 5  4.0
 6  5.0
 7  6.0
 8  7.0
 9  8.0
10  9.0
11 10.0
xi=n10
ground_vanish_N
 3  1.0
 4  2.0
 5  2.0
 6  2.0
 7  2.5
 8  2.0
 9  2.5
10  3.0
11  3.0
ground_vanish_N2
 3  2.0
 4  3.0
 5  4.0
 6  5.0
 7  6.0
 8  7.0
 9  8.0
10  9.0
11 10.0
