1 2 36
1 3 64
1 4 84
1 5 96
1 6 100
2 1 40
2 7 64
2 8 56
2 9 72
2 10 80
3 1 40
3 7 4
3 8 28
3 11 96
3 12 60
3 13 64
4 1 40
4 8 8
4 9 24
4 12 40
4 14 96
5 1 40
5 9 12
5 10 20
5 11 16
5 13 64
5 14 36
6 1 20
6 10 16
6 12 24
7 2 36
7 3 4
7 15 84
7 16 48
7 17 60
7 18 64
8 2 36
8 3 32
8 4 12
8 15 12
8 16 48
8 19 80
8 20 48
9 2 36
9 4 28
9 5 16
9 16 16
9 17 40
9 20 32
9 21 108
10 2 36
10 5 24
10 6 40
10 17 24
10 18 64
10 19 16
10 20 24
11 3 32
11 5 8
11 16 4
11 19 20
11 22 96
11 23 36
12 3 32
12 4 28
12 6 40
12 17 4
12 19 16
12 20 16
12 23 96
13 3 16
13 5 24
13 18 4
13 20 12
13 22 48
14 4 28
14 5 12
14 20 8
14 21 36
14 23 16
15 7 32
15 8 4
15 24 96
15 25 40
15 26 48
16 7 32
16 8 28
16 9 12
16 11 8
16 24 24
16 25 60
16 27 64
16 28 36
17 7 32
17 9 24
17 10 16
17 12 4
17 25 24
17 26 48
17 28 48
18 7 16
18 10 20
18 13 4
18 26 36
18 27 16
19 8 28
19 10 8
19 11 24
19 12 12
19 25 12
19 27 32
19 29 72
20 8 28
20 9 24
20 10 20
20 12 20
20 13 32
20 14 24
20 26 12
20 27 32
20 28 48
20 29 48
21 9 12
21 14 16
21 28 16
22 11 24
22 13 16
22 27 4
22 29 12
22 30 160
23 11 12
23 12 20
23 14 8
23 28 4
23 29 24
24 15 28
24 16 4
24 31 100
24 32 32
24 33 36
25 15 28
25 16 24
25 17 12
25 19 8
25 31 40
25 32 64
25 34 48
26 15 28
26 17 20
26 18 32
26 20 4
26 32 32
26 33 96
26 34 16
27 16 24
27 18 16
27 19 20
27 20 12
27 22 12
27 32 24
27 34 36
27 35 96
28 16 12
28 17 20
28 20 16
28 21 36
28 23 8
28 33 24
28 34 48
29 19 20
29 20 8
29 22 16
29 23 24
29 34 12
29 35 64
30 22 8
30 35 4
31 24 24
31 25 4
31 36 96
31 37 24
32 24 24
32 25 20
32 26 12
32 27 8
32 36 60
32 37 60
32 38 48
33 24 12
33 26 16
33 28 4
33 37 40
34 25 20
34 26 8
34 27 16
34 28 24
34 29 12
34 37 40
34 38 96
35 27 8
35 29 12
35 30 20
35 38 24
36 31 20
36 32 4
36 39 84
36 40 16
37 31 20
37 32 16
37 33 24
37 34 8
37 39 84
37 40 96
38 32 8
38 34 12
38 35 16
38 40 60
39 36 16
39 37 4
39 41 64
40 36 8
40 37 12
40 38 12
40 41 112
41 39 12
41 40 8
41 42 180
42 41 4
43 47 32
43 52 56
43 56 72
43 60 56
43 61 80
43 64 72
43 65 80
44 47 4
44 48 28
44 53 48
44 57 60
44 60 -28
44 62 64
44 66 60
45 48 8
45 49 24
45 52 8
45 54 40
45 58 48
45 64 -24
45 66 -40
46 49 12
46 50 20
46 53 16
46 56 12
46 58 -36
46 62 -32
46 65 -20
47 43 32
47 44 4
47 67 56
47 71 48
47 75 60
47 78 48
47 79 64
47 82 60
48 44 28
48 45 8
48 67 8
48 68 48
48 72 40
48 76 48
48 78 -24
48 80 48
49 45 24
49 46 12
49 68 16
49 69 40
49 71 8
49 73 32
49 80 -32
49 82 -20
50 46 20
50 69 24
50 72 16
50 73 -24
50 75 12
50 76 -24
50 79 -16
51 70 32
51 83 56
51 84 56
51 85 72
51 86 72
51 87 80
51 88 80
52 43 28
52 45 4
52 67 4
52 71 24
52 89 80
52 92 48
52 95 40
52 96 48
53 44 24
53 46 8
53 68 4
53 71 4
53 72 20
53 90 64
53 93 36
53 95 -20
54 45 20
54 69 4
54 72 8
54 73 16
54 89 16
54 93 -24
54 96 -16
55 70 4
55 74 28
55 84 -28
55 91 48
55 97 60
55 98 60
55 99 64
56 43 24
56 46 4
56 71 8
56 75 20
56 92 32
56 100 72
56 102 32
57 44 20
57 72 8
57 75 4
57 76 16
57 93 24
57 102 -16
58 45 16
58 46 -12
58 73 8
58 76 8
58 92 8
58 93 -16
58 100 -24
59 74 8
59 77 24
59 83 8
59 86 -24
59 94 40
59 98 -40
59 101 48
60 43 8
60 44 -4
60 78 24
60 95 40
60 102 48
61 43 20
61 75 12
61 79 16
61 89 16
61 96 24
61 102 24
62 44 16
62 46 -8
62 76 12
62 79 4
62 80 12
62 90 16
62 102 -12
63 77 12
63 81 20
63 85 12
63 88 -20
63 91 16
63 99 -32
63 101 -36
64 43 12
64 45 -4
64 78 8
64 82 20
64 96 32
64 100 36
65 43 16
65 46 -4
65 79 16
65 82 12
65 92 24
65 95 16
66 44 12
66 45 -8
66 80 16
66 82 4
66 93 24
66 95 -8
67 47 28
67 48 4
67 52 4
67 103 72
67 107 40
67 110 48
67 113 40
67 114 48
68 48 24
68 49 8
68 53 4
68 103 12
68 104 60
68 108 32
68 111 36
68 113 -20
69 49 20
69 50 12
69 54 4
69 104 24
69 105 48
69 107 8
69 111 -24
69 114 -16
70 51 32
70 55 4
70 106 56
70 115 48
70 116 48
70 117 60
70 118 60
70 119 64
71 47 24
71 49 4
71 52 24
71 53 4
71 56 12
71 103 12
71 107 40
71 120 64
71 123 36
71 125 32
72 48 20
72 50 8
72 53 20
72 54 8
72 57 12
72 104 12
72 107 8
72 108 32
72 121 48
72 125 -16
73 49 16
73 50 -12
73 54 16
73 58 12
73 105 12
73 108 16
73 120 16
73 121 -32
73 123 -12
74 55 28
74 59 8
74 106 8
74 109 48
74 116 -24
74 122 40
74 126 48
74 127 48
75 47 20
75 50 4
75 56 20
75 57 4
75 61 16
75 107 16
75 110 32
75 123 24
75 128 48
76 48 16
76 50 -8
76 57 16
76 58 8
76 62 16
76 108 16
76 110 8
76 111 24
76 128 -24
77 59 24
77 63 12
77 109 16
77 112 40
77 115 8
77 118 -20
77 124 32
77 127 -32
78 47 8
78 48 -4
78 60 28
78 64 8
78 113 40
78 125 32
78 128 36
79 47 16
79 50 -4
79 61 16
79 62 4
79 65 20
79 110 24
79 114 24
79 120 16
79 125 16
80 48 12
80 49 -8
80 62 12
80 66 20
80 111 24
80 114 8
80 121 16
80 125 -8
81 63 20
81 112 24
81 117 12
81 119 -16
81 122 16
81 124 -24
81 126 -24
82 47 12
82 49 -4
82 64 24
82 65 12
82 66 4
82 113 16
82 114 32
82 123 24
83 51 28
83 59 4
83 106 4
83 115 24
83 129 80
83 130 40
83 131 48
83 132 48
84 51 8
84 55 -4
84 116 24
84 130 40
84 133 48
85 51 24
85 63 4
85 115 8
85 117 20
85 131 32
85 133 32
85 134 72
86 51 12
86 59 -4
86 116 8
86 118 20
86 132 32
86 134 36
87 51 20
87 117 12
87 119 16
87 129 16
87 132 24
87 133 24
88 51 16
88 63 -4
88 118 12
88 119 16
88 130 16
88 131 24
89 52 20
89 54 4
89 61 8
89 107 4
89 120 16
89 135 72
89 137 24
90 53 16
90 62 8
90 108 4
90 120 4
90 121 12
90 137 -12
91 55 24
91 63 8
91 109 4
91 115 4
91 122 20
91 130 -20
91 136 64
91 138 36
92 52 16
92 56 16
92 58 4
92 65 20
92 110 4
92 120 16
92 123 12
92 137 32
93 53 12
93 54 -8
93 57 12
93 58 -8
93 66 20
93 111 4
93 121 16
93 123 4
93 137 -16
94 59 20
94 112 4
94 122 8
94 124 16
94 129 16
94 132 -16
94 138 -24
95 52 8
95 53 -4
95 60 28
95 65 8
95 66 -4
95 113 4
95 125 16
95 137 48
96 52 12
96 54 -4
96 61 12
96 64 24
96 114 4
96 123 12
96 125 8
96 135 48
97 55 20
97 117 4
97 122 8
97 126 16
97 133 -16
97 138 24
98 55 12
98 59 -8
98 118 4
98 127 16
98 130 -8
98 138 24
99 55 16
99 63 -8
99 119 4
99 126 12
99 127 12
99 133 -12
99 136 16
100 56 12
100 58 -4
100 64 12
100 123 8
100 128 8
101 59 16
101 63 -12
101 124 8
101 126 8
101 131 8
101 134 -24
101 138 -16
102 56 8
102 57 -4
102 60 28
102 61 8
102 62 -4
102 125 8
102 128 24
102 137 16
103 67 24
103 68 4
103 71 4
103 139 80
103 142 32
103 145 36
103 147 32
104 68 20
104 69 8
104 72 4
104 139 16
104 140 64
104 143 24
104 147 -16
105 69 16
105 73 4
105 140 32
105 142 8
105 143 -16
105 145 -12
106 70 28
106 74 4
106 83 4
106 141 72
106 148 40
106 149 40
106 150 48
106 151 48
107 67 20
107 69 4
107 71 20
107 72 4
107 75 12
107 89 8
107 139 24
107 142 48
107 152 48
107 154 24
108 68 16
108 72 16
108 73 8
108 76 12
108 90 8
108 140 24
108 142 12
108 143 36
108 154 -12
109 74 24
109 77 8
109 91 4
109 141 12
109 144 60
109 149 -20
109 153 32
109 155 36
110 67 16
110 75 16
110 76 4
110 79 16
110 92 4
110 142 24
110 145 36
110 154 16
111 68 12
111 69 -8
111 76 12
111 80 16
111 93 4
111 143 24
111 145 12
111 154 -8
112 77 20
112 81 12
112 94 4
112 144 24
112 146 48
112 148 8
112 151 -16
112 155 -24
113 67 8
113 68 -4
113 78 24
113 82 8
113 95 4
113 147 48
113 154 24
114 67 12
114 69 -4
114 79 12
114 80 4
114 82 20
114 96 4
114 145 36
114 147 24
114 152 16
115 70 24
115 77 4
115 83 24
115 85 12
115 91 4
115 141 12
115 148 40
115 156 64
115 157 32
115 158 36
116 70 8
116 74 -4
116 84 28
116 86 8
116 149 40
116 157 32
116 159 36
117 70 20
117 81 4
117 85 20
117 87 16
117 97 4
117 148 16
117 150 32
117 158 24
117 159 48
118 70 12
118 77 -4
118 86 24
118 88 12
118 98 4
118 149 16
118 151 32
118 158 24
119 70 16
119 81 -4
119 87 16
119 88 20
119 99 4
119 150 24
119 151 24
119 156 16
119 157 16
120 71 16
120 73 4
120 79 8
120 89 16
120 90 4
120 92 12
120 142 12
120 152 24
120 160 48
121 72 12
121 73 -8
121 80 8
121 90 12
121 93 12
121 143 12
121 152 8
121 160 -24
122 74 20
122 81 8
122 91 20
122 94 8
122 97 12
122 144 12
122 148 8
122 153 32
122 157 -16
122 161 48
123 71 12
123 73 -4
123 75 12
123 82 20
123 92 12
123 93 4
123 96 16
123 100 24
123 145 12
123 152 32
123 154 16
124 77 16
124 81 -12
124 94 16
124 101 12
124 146 12
124 153 16
124 156 16
124 158 -12
124 161 -32
125 71 8
125 72 -4
125 78 24
125 79 8
125 80 -4
125 95 20
125 96 8
125 102 12
125 147 12
125 154 24
125 160 48
126 74 16
126 81 -8
126 97 16
126 99 16
126 101 8
126 150 8
126 153 16
126 155 24
126 159 -24
127 74 12
127 77 -8
127 98 20
127 99 12
127 151 8
127 155 24
127 157 -8
127 161 16
128 75 8
128 76 -4
128 78 12
128 100 8
128 102 16
128 154 16
129 83 20
129 87 8
129 94 4
129 148 4
129 156 16
129 162 72
129 163 24
130 83 8
130 84 28
130 88 8
130 91 -4
130 98 -4
130 149 4
130 157 16
130 163 48
131 83 16
131 85 16
131 88 20
131 101 4
131 150 4
131 156 16
131 158 12
131 163 32
132 83 12
132 86 24
132 87 12
132 94 -4
132 151 4
132 157 8
132 158 12
132 162 48
133 84 28
133 85 8
133 87 8
133 97 -4
133 99 -4
133 157 8
133 159 24
133 163 16
134 85 12
134 86 12
134 101 -4
134 158 8
134 159 8
135 89 12
135 96 8
135 152 4
135 160 8
136 91 16
136 99 8
136 153 4
136 156 4
136 161 12
136 163 -12
137 89 8
137 90 -4
137 92 8
137 93 -4
137 95 20
137 102 8
137 154 4
137 160 24
138 91 12
138 94 -8
138 97 12
138 98 20
138 101 -8
138 155 4
138 158 4
138 161 16
138 163 -16
139 103 20
139 104 4
139 107 4
139 164 80
139 167 24
139 169 24
140 104 16
140 105 8
140 108 4
140 164 20
140 165 60
140 169 -12
141 106 24
141 109 4
141 115 4
141 166 80
141 170 32
141 171 32
141 172 36
142 103 16
142 105 4
142 107 16
142 108 4
142 110 12
142 120 8
142 164 40
142 167 48
142 173 32
143 104 12
143 105 -8
143 108 12
143 111 12
143 121 8
143 165 40
143 167 16
143 173 -16
144 109 20
144 112 8
144 122 4
144 166 16
144 168 64
144 171 -16
144 174 24
145 103 12
145 105 -4
145 110 12
145 111 4
145 114 16
145 123 4
145 167 32
145 169 32
146 112 16
146 124 4
146 168 32
146 170 8
146 172 -12
146 174 -16
147 103 8
147 104 -4
147 113 20
147 114 8
147 125 4
147 169 48
147 173 16
148 106 20
148 112 4
148 115 20
148 117 12
148 122 4
148 129 8
148 166 24
148 170 48
148 175 48
148 176 24
149 106 8
149 109 -4
149 116 24
149 118 8
149 130 4
149 171 48
149 176 24
150 106 16
150 117 16
150 119 16
150 126 4
150 131 4
150 170 24
150 172 36
150 176 16
151 106 12
151 112 -4
151 118 20
151 119 12
151 127 4
151 132 4
151 171 24
151 172 36
151 175 16
152 107 12
152 114 8
152 120 12
152 121 4
152 123 12
152 135 12
152 167 24
152 173 24
153 109 16
153 122 16
153 124 8
153 126 12
153 136 8
153 168 24
153 170 12
153 174 36
153 176 -12
154 107 8
154 108 -4
154 110 8
154 111 -4
154 113 20
154 123 8
154 125 16
154 128 24
154 137 8
154 169 24
154 173 48
155 109 12
155 112 -8
155 126 12
155 127 16
155 138 4
155 172 12
155 174 24
155 176 -8
156 115 16
156 119 8
156 124 4
156 129 16
156 131 12
156 136 4
156 170 12
156 175 24
156 177 48
157 115 8
157 116 24
157 119 8
157 122 -4
157 127 -4
157 130 20
157 132 8
157 133 12
157 171 12
157 176 24
157 177 48
158 115 12
158 117 12
158 118 20
158 124 -4
158 131 12
158 132 16
158 134 24
158 138 4
158 172 12
158 175 32
158 176 16
159 116 12
159 117 8
159 126 -4
159 133 16
159 134 8
159 176 16
160 120 8
160 121 -4
160 125 8
160 135 8
160 137 12
160 173 12
161 122 12
161 124 -8
161 127 8
161 136 12
161 138 12
161 174 12
161 175 8
161 177 -24
162 129 12
162 132 8
162 175 4
162 177 8
163 129 8
163 130 20
163 131 8
163 133 8
163 136 -4
163 138 -4
163 176 4
163 177 24
164 139 16
164 140 4
164 142 4
164 178 72
164 180 16
165 140 12
165 143 4
165 178 24
165 180 -8
166 141 20
166 144 4
166 148 4
166 179 80
166 182 24
166 183 24
167 139 12
167 142 12
167 143 4
167 145 12
167 152 8
167 178 60
167 180 40
168 144 16
168 146 8
168 153 4
168 179 20
168 181 60
168 183 -12
169 139 8
169 140 -4
169 145 8
169 147 16
169 154 4
169 180 40
170 141 16
170 146 4
170 148 16
170 150 12
170 153 4
170 156 8
170 179 40
170 182 48
170 184 32
171 141 8
171 144 -4
171 149 20
171 151 8
171 157 4
171 183 48
171 184 16
172 141 12
172 146 -4
172 150 12
172 151 16
172 155 4
172 158 4
172 182 32
172 183 32
173 142 8
173 143 -4
173 147 8
173 152 8
173 154 12
173 160 12
173 180 40
174 144 12
174 146 -8
174 153 12
174 155 12
174 161 8
174 181 40
174 182 16
174 184 -16
175 148 12
175 151 8
175 156 12
175 158 12
175 161 4
175 162 12
175 182 24
175 184 24
176 148 8
176 149 20
176 150 8
176 153 -4
176 155 -4
176 157 16
176 158 8
176 159 24
176 163 8
176 183 24
176 184 48
177 156 8
177 157 8
177 161 -4
177 162 8
177 163 12
177 184 12
178 164 12
178 165 4
178 167 4
178 185 56
179 166 16
179 168 4
179 170 4
179 186 72
179 187 16
180 164 8
180 165 -4
180 167 8
180 169 12
180 173 8
180 185 84
181 168 12
181 174 4
181 186 24
181 187 -8
182 166 12
182 170 12
182 172 12
182 174 4
182 175 8
182 186 60
182 187 40
183 166 8
183 168 -4
183 171 16
183 172 8
183 176 4
183 187 40
184 170 8
184 171 8
184 174 -4
184 175 8
184 176 12
184 177 12
184 187 40
185 178 8
185 180 4
186 179 12
186 181 4
186 182 4
186 188 56
187 179 8
187 181 -4
187 182 8
187 183 12
187 184 8
187 188 84
188 186 8
188 187 4
189 211 24
189 235 40
189 251 48
189 261 8
189 265 48
189 272 8
189 275 40
189 278 8
190 211 4
190 212 20
190 225 4
190 226 -4
190 236 32
190 244 4
190 245 -4
190 252 36
190 256 8
190 257 -4
190 262 4
190 264 -12
190 266 32
190 268 8
190 269 -4
190 273 4
190 274 -4
190 275 -20
190 276 8
190 277 -4
190 279 4
191 211 4
191 213 20
191 237 32
191 245 4
191 246 -4
191 253 36
191 257 4
191 258 -4
191 261 12
191 267 64
191 269 4
191 270 -4
191 272 16
191 275 20
191 278 16
192 211 4
192 214 20
192 225 -4
192 227 4
192 238 32
192 244 -4
192 246 4
192 254 36
192 256 -8
192 258 4
192 262 4
192 264 12
192 266 -32
192 268 -8
192 270 4
192 273 4
192 274 4
192 275 -20
192 276 -8
192 277 4
192 279 4
193 212 8
193 215 16
193 225 4
193 228 -4
193 235 8
193 239 24
193 244 8
193 245 -4
193 247 -4
193 254 -24
193 256 8
193 259 -4
193 262 4
193 263 4
193 264 -12
193 265 -16
193 268 12
193 270 -4
193 274 -8
193 276 8
193 279 -4
194 212 4
194 213 4
194 216 16
194 226 4
194 228 -4
194 240 24
194 245 4
194 248 -4
194 255 24
194 256 -4
194 257 8
194 260 -4
194 261 -4
194 262 4
194 266 -16
194 269 8
194 271 -12
194 273 8
194 274 -4
194 277 4
194 279 8
195 212 4
195 214 4
195 217 16
195 226 -4
195 227 4
195 241 24
195 245 -4
195 246 4
195 255 -24
195 257 -8
195 258 8
195 267 -32
195 269 -8
195 270 8
195 272 4
195 280 8
196 213 8
196 218 16
196 235 8
196 242 48
196 245 -4
196 246 4
196 247 4
196 249 -4
196 253 24
196 261 16
196 265 16
196 269 -4
196 270 4
196 272 20
196 278 24
197 213 4
197 214 4
197 219 16
197 227 -4
197 230 4
197 243 24
197 246 -4
197 248 4
197 255 24
197 256 4
197 258 -8
197 260 4
197 261 -4
197 262 4
197 266 16
197 270 -8
197 271 12
197 273 8
197 274 4
197 277 -4
197 279 8
198 214 8
198 220 16
198 225 -4
198 230 4
198 235 8
198 239 -24
198 244 -8
198 246 4
198 249 4
198 252 -24
198 256 -8
198 259 4
198 262 4
198 263 4
198 264 12
198 265 -16
198 268 -12
198 269 4
198 274 8
198 276 -8
198 279 -4
199 215 12
199 220 -12
199 225 4
199 231 -4
199 236 16
199 238 -16
199 244 8
199 247 -4
199 249 -4
199 256 12
199 257 -4
199 258 -4
199 264 -12
199 268 8
199 274 -8
199 276 12
200 215 4
200 216 8
200 221 12
200 226 4
200 231 -4
200 237 8
200 241 -16
200 245 8
200 247 -4
200 250 -4
200 252 -12
200 257 4
200 260 -4
200 263 4
200 268 -4
200 269 8
200 272 -4
200 274 -4
200 277 8
200 279 -4
201 215 4
201 217 8
201 222 12
201 227 4
201 228 -4
201 238 8
201 243 -16
201 246 8
201 247 -4
201 248 -4
201 253 -12
201 258 8
201 259 -8
201 263 4
201 270 4
201 273 4
201 274 -4
201 276 -4
201 277 8
201 278 8
201 280 -8
202 216 8
202 218 4
202 223 12
202 228 4
202 231 -4
202 236 8
202 243 16
202 248 4
202 250 -4
202 254 12
202 257 -4
202 259 8
202 260 -4
202 261 -4
202 262 8
202 268 -4
202 270 4
202 273 8
202 276 4
202 279 8
203 216 4
203 217 4
203 219 4
203 224 12
203 232 -4
203 233 4
203 255 -12
203 257 4
203 258 -4
203 262 -8
203 263 -4
203 279 4
203 280 16
204 217 8
204 220 4
204 221 -12
204 226 -4
204 230 4
204 236 8
204 240 -16
204 245 -8
204 248 4
204 249 4
204 253 -12
204 257 -8
204 259 8
204 263 4
204 269 -4
204 273 4
204 274 4
204 276 4
204 277 -8
204 278 8
204 280 -8
205 218 12
205 237 16
205 247 -4
205 249 4
205 251 12
205 257 -4
205 258 4
205 261 8
205 272 12
205 278 12
206 218 4
206 219 8
206 223 12
206 230 -4
206 231 4
206 238 8
206 240 16
206 248 -4
206 250 4
206 252 12
206 258 4
206 259 -8
206 260 4
206 261 -4
206 262 8
206 268 4
206 269 -4
206 273 8
206 276 -4
206 279 8
207 219 8
207 220 4
207 222 -12
207 227 -4
207 231 4
207 237 8
207 241 -16
207 246 -8
207 249 4
207 250 4
207 254 -12
207 258 -4
207 260 4
207 263 4
207 268 4
207 270 -8
207 272 -4
207 274 4
207 277 -8
207 279 -4
208 221 8
208 222 -8
208 223 8
208 228 4
208 230 -4
208 242 16
208 247 8
208 249 -8
208 263 8
208 269 -8
208 270 8
208 272 -4
208 279 -8
208 280 -8
209 221 4
209 222 4
209 229 4
209 232 -4
209 233 -4
209 234 12
209 240 -8
209 243 8
209 248 8
209 250 -8
209 259 4
209 260 -4
209 269 -4
209 270 -4
209 271 24
209 277 4
210 223 4
210 224 8
210 232 4
210 233 -4
210 241 8
210 262 -4
210 269 4
210 270 -4
210 280 4
211 189 24
211 190 4
211 191 4
211 192 4
211 281 40
211 297 32
211 307 36
211 314 8
211 317 32
211 320 8
212 190 20
212 193 8
212 194 4
212 195 4
212 281 8
212 282 32
212 290 4
212 291 -4
212 298 24
212 302 4
212 303 -4
212 308 24
212 310 8
212 311 -4
212 315 4
212 316 -12
212 317 -16
212 318 8
212 319 -4
212 321 4
212 322 -4
213 191 20
213 194 4
213 196 8
213 197 4
213 281 8
213 283 32
213 299 24
213 303 4
213 304 -4
213 309 48
213 311 4
213 312 -4
213 314 12
213 317 16
213 320 16
214 192 20
214 195 4
214 197 4
214 198 8
214 281 8
214 284 32
214 290 -4
214 292 4
214 300 24
214 302 -4
214 304 4
214 308 -24
214 310 -8
214 312 4
214 315 4
214 316 12
214 317 -16
214 318 -8
214 319 4
214 321 4
214 322 4
215 193 16
215 199 12
215 200 4
215 201 4
215 282 16
215 285 24
215 290 4
215 293 -4
215 297 8
215 300 -16
215 302 8
215 303 -4
215 305 -4
215 307 -12
215 310 8
215 312 -4
215 315 4
215 316 -12
215 318 8
215 321 -4
215 322 -8
216 194 16
216 200 8
216 202 8
216 203 4
216 282 8
216 283 8
216 286 24
216 291 4
216 293 -4
216 301 16
216 303 4
216 306 -4
216 308 -12
216 310 -4
216 311 8
216 313 -12
216 314 -4
216 315 4
216 319 4
216 321 8
216 322 -4
217 195 16
217 201 8
217 203 4
217 204 8
217 282 8
217 284 8
217 287 24
217 291 -4
217 292 4
217 301 -16
217 303 -4
217 304 4
217 309 -24
217 311 -8
217 312 8
217 320 4
218 196 16
218 202 4
218 205 24
218 206 4
218 283 16
218 288 48
218 297 8
218 299 16
218 303 -4
218 304 4
218 307 12
218 311 -4
218 312 4
218 314 16
218 320 20
219 197 16
219 203 4
219 206 8
219 207 8
219 283 8
219 284 8
219 289 24
219 292 -4
219 295 4
219 301 16
219 304 -4
219 306 4
219 308 12
219 310 4
219 312 -8
219 313 12
219 314 -4
219 315 4
219 319 -4
219 321 8
219 322 4
220 198 16
220 199 -12
220 204 4
220 207 4
220 284 16
220 285 -24
220 290 -4
220 295 4
220 297 8
220 298 -16
220 302 -8
220 304 4
220 305 4
220 307 -12
220 310 -8
220 311 4
220 315 4
220 316 12
220 318 -8
220 321 -4
220 322 8
221 200 12
221 204 -12
221 208 8
221 209 4
221 285 8
221 286 16
221 287 -16
221 291 4
221 295 -4
221 298 -8
221 299 8
221 303 8
221 305 -4
221 306 -4
221 318 -4
221 319 8
221 320 -4
221 321 -4
221 322 -4
222 201 12
222 207 -12
222 208 -8
222 209 4
222 285 8
222 287 16
222 289 -16
222 292 4
222 293 -4
222 299 -8
222 300 8
222 304 8
222 305 -4
222 306 -4
222 318 -4
222 319 8
222 320 4
222 321 4
222 322 -4
223 202 12
223 206 12
223 208 8
223 210 8
223 286 16
223 288 16
223 289 16
223 293 4
223 295 -4
223 298 8
223 300 8
223 311 -4
223 312 4
223 314 -4
223 315 8
223 321 4
224 203 12
224 210 16
224 286 8
224 287 8
224 289 8
224 301 -8
224 311 4
224 312 -4
224 315 -8
224 321 4
225 190 4
225 192 -4
225 193 4
225 198 -4
225 199 4
225 290 24
225 323 40
225 328 8
225 331 48
225 335 8
225 337 8
225 338 72
225 339 48
225 341 8
225 343 8
225 344 40
226 190 -4
226 194 4
226 195 -4
226 200 4
226 204 -4
226 290 4
226 291 20
226 324 32
226 328 4
226 329 4
226 332 36
226 335 8
226 336 4
226 337 4
226 340 32
226 341 8
226 342 4
226 343 8
226 344 20
227 192 4
227 195 4
227 197 -4
227 201 4
227 207 -4
227 290 4
227 292 20
227 325 32
227 328 4
227 329 4
227 333 36
227 335 8
227 336 4
227 337 4
227 340 32
227 341 8
227 342 4
227 343 8
227 344 20
228 193 -4
228 194 -4
228 201 -4
228 202 4
228 208 4
228 291 8
228 293 16
228 323 8
228 326 24
228 328 8
228 329 -4
228 330 4
228 333 24
228 335 8
228 337 8
228 339 16
228 341 12
228 342 -4
228 343 8
229 209 4
229 291 4
229 292 4
229 294 16
229 327 24
229 329 8
229 334 72
229 335 -4
229 336 16
229 337 -8
229 340 16
229 342 16
230 197 4
230 198 4
230 204 4
230 206 -4
230 208 -4
230 292 8
230 295 16
230 323 8
230 326 24
230 328 8
230 329 -4
230 330 4
230 332 24
230 335 8
230 337 8
230 339 16
230 341 12
230 342 -4
230 343 8
231 199 -4
231 200 -4
231 202 -4
231 206 4
231 207 4
231 293 12
231 295 12
231 324 16
231 325 16
231 328 8
231 330 -8
231 331 24
231 335 12
231 336 -8
231 337 8
231 341 8
231 343 12
232 203 -4
232 209 -4
232 210 8
232 293 4
232 294 8
232 296 12
232 325 8
232 327 16
232 329 8
232 332 12
232 336 4
232 337 -4
232 341 -4
232 342 4
232 343 -4
233 203 4
233 209 -4
233 210 -8
233 294 8
233 295 4
233 296 12
233 324 8
233 327 16
233 329 8
233 333 12
233 336 4
233 337 -4
233 341 -4
233 342 4
233 343 -4
234 209 4
234 296 8
234 326 8
234 330 8
234 342 -8
234 343 -4
235 189 20
235 193 4
235 196 4
235 198 4
235 281 4
235 297 16
235 345 48
235 352 24
235 355 8
235 359 8
236 190 16
236 199 8
236 202 4
236 204 4
236 282 4
236 297 4
236 298 12
236 323 4
236 324 -4
236 346 32
236 348 4
236 349 -4
236 352 -12
236 353 8
236 354 -4
236 356 4
236 357 -12
236 358 4
237 191 16
237 200 4
237 205 16
237 207 4
237 283 4
237 297 4
237 299 12
237 347 64
237 349 4
237 350 -4
237 352 12
237 355 12
237 359 16
238 192 16
238 199 -8
238 201 4
238 206 4
238 284 4
238 297 4
238 300 12
238 323 -4
238 325 4
238 346 -32
238 348 -4
238 350 4
238 352 -12
238 353 -8
238 354 4
238 356 4
238 357 12
238 358 -4
239 193 12
239 198 -12
239 285 4
239 298 8
239 300 -8
239 323 4
239 326 -4
239 348 8
239 349 -4
239 350 -4
239 353 4
239 357 -12
239 358 8
240 194 12
240 204 -8
240 206 8
240 209 -4
240 286 4
240 298 4
240 299 4
240 301 8
240 324 4
240 326 -4
240 346 -16
240 349 4
240 351 -12
240 353 -4
240 354 4
240 355 -4
240 356 4
240 358 4
241 195 12
241 200 -8
241 207 -8
241 210 8
241 287 4
241 298 4
241 300 4
241 301 -8
241 324 -4
241 325 4
241 347 -32
241 349 -4
241 350 4
241 359 8
242 196 12
242 208 4
242 288 4
242 299 8
242 345 16
242 349 -4
242 350 4
242 355 8
242 359 8
243 197 12
243 201 -8
243 202 8
243 209 4
243 289 4
243 299 4
243 300 4
243 301 8
243 325 -4
243 326 4
243 346 16
243 350 -4
243 351 12
243 353 4
243 354 -4
243 355 -4
243 356 4
243 358 -4
244 190 4
244 192 -4
244 193 8
244 198 -8
244 199 8
244 290 4
244 302 20
244 328 -4
244 348 32
244 360 36
244 362 8
244 364 8
244 365 60
244 366 32
244 367 8
245 190 -4
245 191 4
245 193 -4
245 194 4
245 195 -4
245 196 -4
245 200 8
245 204 -8
245 291 4
245 302 4
245 303 16
245 328 -4
245 349 24
245 361 24
245 362 8
245 363 4
245 364 4
245 366 16
245 367 8
246 191 -4
246 192 4
246 195 4
246 196 4
246 197 -4
246 198 4
246 201 8
246 207 -8
246 292 4
246 302 4
246 304 16
246 328 -4
246 350 24
246 361 24
246 362 8
246 363 4
246 364 4
246 366 16
246 367 8
247 193 -4
247 196 4
247 199 -4
247 200 -4
247 201 -4
247 205 -8
247 208 8
247 293 4
247 303 8
247 305 12
247 328 -4
247 348 8
247 350 16
247 360 12
247 362 8
247 363 -4
247 364 8
247 367 8
248 194 -4
248 197 4
248 201 -4
248 202 4
248 204 4
248 206 -4
248 209 8
248 294 4
248 303 4
248 304 4
248 306 12
248 329 -8
248 330 4
248 351 48
248 361 12
248 362 -4
248 363 16
248 364 -8
249 196 -4
249 198 4
249 199 -4
249 204 4
249 205 8
249 207 4
249 208 -8
249 295 4
249 304 8
249 305 12
249 328 -4
249 348 8
249 349 16
249 360 12
249 362 8
249 363 -4
249 364 8
249 367 8
250 200 -4
250 202 -4
250 206 4
250 207 4
250 209 -8
250 296 4
250 305 4
250 306 16
250 329 -4
250 330 -8
250 349 8
250 350 8
250 363 -4
250 364 -4
250 367 -8
251 189 16
251 205 8
251 297 8
251 307 12
251 352 16
251 369 8
252 190 12
252 198 -8
252 200 -4
252 206 4
252 298 8
252 307 4
252 308 8
252 331 4
252 332 -4
252 352 -8
252 360 4
252 361 -4
252 368 4
252 370 -12
253 191 12
253 196 8
253 201 -4
253 204 -4
253 299 8
253 307 4
253 309 16
253 352 8
253 369 12
254 192 12
254 193 -8
254 202 4
254 207 -4
254 300 8
254 307 4
254 308 -8
254 331 -4
254 333 4
254 352 -8
254 360 -4
254 361 4
254 368 -4
254 370 12
255 194 8
255 195 -8
255 197 8
255 203 -4
255 301 8
255 309 8
255 332 4
255 333 -4
255 369 -4
256 190 8
256 192 -8
256 193 8
256 194 -4
256 197 4
256 198 -8
256 199 12
256 302 8
256 310 16
256 323 8
256 335 -4
256 353 24
256 362 -8
256 368 24
256 371 8
256 372 48
257 190 -4
257 191 4
257 194 8
257 195 -8
257 199 -4
257 200 4
257 202 -4
257 203 4
257 204 -8
257 205 -8
257 303 8
257 310 4
257 311 12
257 324 8
257 335 -4
257 354 16
257 362 -4
257 363 -4
257 368 12
257 371 4
258 191 -4
258 192 4
258 195 8
258 197 -8
258 199 -4
258 201 8
258 203 -4
258 205 8
258 206 4
258 207 -4
258 304 8
258 310 4
258 312 12
258 325 8
258 335 -4
258 354 16
258 362 -4
258 363 -4
258 368 12
258 371 4
259 193 -4
259 198 4
259 201 -8
259 202 8
259 204 8
259 206 -8
259 209 4
259 305 8
259 311 8
259 312 8
259 326 8
259 335 -4
259 353 16
259 362 -8
259 363 8
259 371 8
260 194 -4
260 197 4
260 200 -4
260 202 -4
260 206 4
260 207 4
260 209 -4
260 306 8
260 311 4
260 312 4
260 313 24
260 327 8
260 336 -8
260 354 8
260 363 -8
260 371 -8
261 189 8
261 191 12
261 194 -4
261 196 16
261 197 -4
261 202 -4
261 205 16
261 206 -4
261 314 20
261 355 32
261 369 36
261 373 64
262 190 4
262 192 4
262 193 4
262 194 4
262 197 4
262 198 4
262 202 8
262 203 -8
262 206 8
262 210 -8
262 314 4
262 315 16
262 356 24
262 373 -32
263 193 4
263 198 4
263 200 4
263 201 4
263 203 -4
263 204 4
263 207 4
263 208 8
263 315 8
263 355 8
263 356 -16
263 369 -12
264 190 -4
264 192 4
264 193 -4
264 198 4
264 199 -4
264 316 24
264 338 -24
264 357 40
264 365 -40
264 370 48
264 372 -48
265 189 12
265 193 -4
265 196 4
265 198 -4
265 307 12
265 317 8
265 345 16
265 373 8
266 190 8
266 192 -8
266 194 -4
266 197 4
266 308 12
266 339 4
266 340 -4
266 346 16
266 372 12
267 191 8
267 195 -4
267 309 12
267 317 4
267 347 16
267 373 4
268 190 8
268 192 -8
268 193 12
268 198 -12
268 199 8
268 200 -4
268 202 -4
268 206 4
268 207 4
268 310 12
268 318 12
268 331 12
268 341 -4
268 348 16
268 358 16
268 367 -8
268 370 -36
268 371 -8
269 190 -4
269 191 4
269 194 8
269 195 -8
269 196 -4
269 198 4
269 200 8
269 204 -4
269 206 -4
269 208 -8
269 209 -4
269 210 8
269 311 12
269 318 4
269 319 8
269 332 12
269 341 -4
269 349 16
269 358 8
269 367 -4
269 371 -4
270 191 -4
270 192 4
270 193 -4
270 195 8
270 196 4
270 197 -8
270 201 4
270 202 4
270 207 -8
270 208 8
270 209 -4
270 210 -8
270 312 12
270 318 4
270 319 8
270 333 12
270 341 -4
270 350 16
270 358 8
270 367 -4
270 371 -4
271 194 -4
271 197 4
271 209 8
271 313 12
271 319 4
271 334 12
271 342 -4
271 351 16
271 371 4
272 189 8
272 191 16
272 195 4
272 196 20
272 200 -4
272 205 24
272 207 -4
272 208 -4
272 314 8
272 320 16
272 359 48
272 369 24
273 190 4
273 192 4
273 194 8
273 197 8
273 201 4
273 202 8
273 204 4
273 206 8
273 315 8
273 320 4
273 321 12
273 369 -12
274 190 -4
274 192 4
274 193 -8
274 194 -4
274 197 4
274 198 8
274 199 -8
274 200 -4
274 201 -4
274 204 4
274 207 4
274 316 12
274 322 20
274 337 4
274 344 -20
274 358 -32
274 366 -32
274 368 -36
275 189 8
275 190 -4
275 191 4
275 192 -4
275 317 16
275 352 24
276 190 8
276 192 -8
276 193 8
276 198 -8
276 199 12
276 201 -4
276 202 4
276 204 4
276 206 -4
276 318 16
276 322 -8
276 339 16
276 343 -4
276 353 24
276 357 -24
276 360 24
276 364 -8
277 190 -4
277 192 4
277 194 4
277 197 -4
277 200 8
277 201 8
277 204 -8
277 207 -8
277 209 4
277 319 16
277 322 -8
277 340 16
277 343 -4
277 354 24
277 361 24
278 189 4
278 191 8
278 196 12
278 201 4
278 204 4
278 205 12
278 320 12
278 355 16
279 190 4
279 192 4
279 193 -4
279 194 8
279 197 8
279 198 -4
279 200 -4
279 202 8
279 203 4
279 206 8
279 207 -4
279 208 -8
279 320 4
279 321 12
279 355 -8
279 356 16
280 195 4
280 201 -4
280 203 8
280 204 -4
280 208 -4
280 210 4
280 321 4
280 356 -8
281 211 20
281 212 4
281 213 4
281 214 4
281 235 4
281 374 48
281 384 24
281 391 24
281 394 8
281 398 8
282 212 16
282 215 8
282 216 4
282 217 4
282 236 4
282 374 12
282 375 36
282 379 4
282 380 -4
282 385 16
282 387 4
282 388 -4
282 391 -12
282 392 8
282 393 -4
282 395 4
282 396 -12
282 397 4
283 213 16
283 216 4
283 218 8
283 219 4
283 237 4
283 374 12
283 376 36
283 386 32
283 388 4
283 389 -4
283 391 12
283 394 12
283 398 16
284 214 16
284 217 4
284 219 4
284 220 8
284 238 4
284 374 12
284 377 36
284 379 -4
284 381 4
284 385 -16
284 387 -4
284 389 4
284 391 -12
284 392 -8
284 393 4
284 395 4
284 396 12
284 397 -4
285 215 12
285 220 -12
285 221 4
285 222 4
285 239 4
285 375 24
285 377 -24
285 379 4
285 382 -4
285 387 8
285 388 -4
285 389 -4
285 392 4
285 396 -12
285 397 8
286 216 12
286 221 8
286 223 8
286 224 4
286 240 4
286 375 12
286 376 12
286 378 24
286 380 4
286 382 -4
286 385 -8
286 388 4
286 390 -12
286 392 -4
286 393 4
286 394 -4
286 395 4
286 397 4
287 217 12
287 221 -8
287 222 8
287 224 4
287 241 4
287 375 12
287 377 12
287 378 -24
287 380 -4
287 381 4
287 386 -16
287 388 -4
287 389 4
287 398 8
288 218 12
288 223 4
288 242 4
288 376 24
288 384 8
288 388 -4
288 389 4
288 394 8
288 398 8
289 219 12
289 222 -8
289 223 8
289 224 4
289 243 4
289 376 12
289 377 12
289 378 24
289 381 -4
289 382 4
289 385 8
289 389 -4
289 390 12
289 392 4
289 393 -4
289 394 -4
289 395 4
289 397 -4
290 212 4
290 214 -4
290 215 4
290 220 -4
290 225 24
290 226 4
290 227 4
290 244 4
290 379 40
290 399 32
290 403 8
290 405 36
290 407 8
290 409 8
290 410 60
290 411 32
290 412 8
291 212 -4
291 216 4
291 217 -4
291 221 4
291 226 20
291 228 8
291 229 4
291 245 4
291 379 8
291 380 32
291 400 24
291 403 4
291 404 4
291 406 24
291 407 8
291 408 4
291 409 4
291 411 16
291 412 8
292 214 4
292 217 4
292 219 -4
292 222 4
292 227 20
292 229 4
292 230 8
292 246 4
292 379 8
292 381 32
292 401 24
292 403 4
292 404 4
292 406 24
292 407 8
292 408 4
292 409 4
292 411 16
292 412 8
293 215 -4
293 216 -4
293 222 -4
293 223 4
293 228 16
293 231 12
293 232 4
293 247 4
293 380 16
293 382 24
293 399 8
293 401 16
293 403 8
293 404 -4
293 405 12
293 407 8
293 408 -4
293 409 8
293 412 8
294 229 16
294 232 8
294 233 8
294 248 4
294 380 8
294 381 8
294 383 24
294 402 48
294 404 8
294 406 12
294 407 -4
294 408 16
294 409 -8
295 219 4
295 220 4
295 221 -4
295 223 -4
295 230 16
295 231 12
295 233 4
295 249 4
295 381 16
295 382 24
295 399 8
295 400 16
295 403 8
295 404 -4
295 405 12
295 407 8
295 408 -4
295 409 8
295 412 8
296 232 12
296 233 12
296 234 24
296 250 4
296 382 8
296 383 32
296 400 8
296 401 8
296 404 8
296 408 -4
296 409 -4
296 412 -8
297 211 16
297 215 4
297 218 4
297 220 4
297 235 16
297 236 4
297 237 4
297 238 4
297 251 12
297 374 12
297 384 24
297 413 32
297 417 8
298 212 12
298 220 -8
298 221 -4
298 223 4
298 236 12
298 239 8
298 240 4
298 241 4
298 252 12
298 375 12
298 384 8
298 385 16
298 399 4
298 400 -4
298 413 -16
298 414 4
298 415 -4
298 416 4
298 418 -12
299 213 12
299 218 8
299 221 4
299 222 -4
299 237 12
299 240 4
299 242 16
299 243 4
299 253 12
299 376 12
299 384 8
299 386 32
299 413 16
299 417 12
300 214 12
300 215 -8
300 222 4
300 223 4
300 238 12
300 239 -8
300 241 4
300 243 4
300 254 12
300 377 12
300 384 8
300 385 -16
300 399 -4
300 401 4
300 413 -16
300 414 -4
300 415 4
300 416 -4
300 418 12
301 216 8
301 217 -8
301 219 8
301 224 -4
301 240 8
301 241 -8
301 243 8
301 255 12
301 378 12
301 386 16
301 400 4
301 401 -4
301 417 -4
302 212 4
302 214 -4
302 215 8
302 220 -8
302 244 20
302 245 4
302 246 4
302 256 8
302 379 8
302 387 32
302 403 -4
302 414 24
302 419 24
302 420 8
302 421 8
302 422 48
303 212 -4
303 213 4
303 215 -4
303 216 4
303 217 -4
303 218 -4
303 221 8
303 245 16
303 247 8
303 248 4
303 257 8
303 380 8
303 387 8
303 388 24
303 403 -4
303 415 16
303 419 12
303 420 8
303 421 4
304 213 -4
304 214 4
304 217 4
304 218 4
304 219 -4
304 220 4
304 222 8
304 246 16
304 248 4
304 249 8
304 258 8
304 381 8
304 387 8
304 389 24
304 403 -4
304 415 16
304 419 12
304 420 8
304 421 4
305 215 -4
305 220 4
305 221 -4
305 222 -4
305 247 12
305 249 12
305 250 4
305 259 8
305 382 8
305 388 16
305 389 16
305 403 -4
305 414 16
305 420 4
305 421 8
306 216 -4
306 219 4
306 221 -4
306 222 -4
306 248 12
306 250 16
306 260 8
306 383 8
306 388 8
306 389 8
306 390 48
306 404 -8
306 415 8
306 420 -4
306 421 -8
307 211 12
307 215 -4
307 218 4
307 220 -4
307 251 12
307 252 4
307 253 4
307 254 4
307 265 16
307 384 16
307 391 16
307 424 8
308 212 8
308 214 -8
308 216 -4
308 219 4
308 252 8
308 254 -8
308 266 16
308 385 16
308 405 4
308 406 -4
308 423 12
309 213 8
309 217 -4
309 253 8
309 255 4
309 267 16
309 386 16
309 391 8
309 424 4
310 212 8
310 214 -8
310 215 8
310 216 -4
310 219 4
310 220 -8
310 256 16
310 257 4
310 258 4
310 268 12
310 387 16
310 392 24
310 399 8
310 407 -4
310 416 16
310 420 -8
310 423 36
311 212 -4
311 213 4
311 216 8
311 217 -8
311 218 -4
311 220 4
311 223 -4
311 224 4
311 257 12
311 259 8
311 260 4
311 269 12
311 388 16
311 392 8
311 393 16
311 400 8
311 407 -4
311 416 8
311 420 -4
312 213 -4
312 214 4
312 215 -4
312 217 8
312 218 4
312 219 -8
312 223 4
312 224 -4
312 258 12
312 259 8
312 260 4
312 270 12
312 389 16
312 392 8
312 393 16
312 401 8
312 407 -4
312 416 8
312 420 -4
313 216 -4
313 219 4
313 260 8
313 271 12
313 390 16
313 393 8
313 402 8
313 408 -4
314 211 8
314 213 12
314 216 -4
314 218 16
314 219 -4
314 223 -4
314 261 20
314 262 4
314 272 8
314 394 32
314 417 24
314 424 48
315 212 4
315 214 4
315 215 4
315 216 4
315 219 4
315 220 4
315 223 8
315 224 -8
315 262 16
315 263 8
315 273 8
315 394 8
315 395 24
315 424 -24
316 212 -4
316 214 4
316 215 -4
316 220 4
316 264 24
316 274 4
316 396 40
316 410 -20
316 418 32
316 422 -32
316 423 -36
317 211 8
317 212 -4
317 213 4
317 214 -4
317 265 8
317 267 8
317 275 20
317 391 24
317 413 16
318 212 8
318 214 -8
318 215 8
318 220 -8
318 221 -4
318 222 -4
318 268 12
318 269 4
318 270 4
318 276 16
318 392 24
318 397 16
318 405 12
318 412 -4
318 414 16
318 418 -24
318 421 -8
319 212 -4
319 214 4
319 216 4
319 219 -4
319 221 8
319 222 8
319 269 8
319 270 8
319 271 12
319 277 16
319 393 24
319 397 16
319 406 12
319 412 -4
319 415 16
320 211 8
320 213 16
320 217 4
320 218 20
320 221 -4
320 222 4
320 272 16
320 273 4
320 278 24
320 279 4
320 394 16
320 398 48
320 417 16
321 212 4
321 214 4
321 215 -4
321 216 8
321 219 8
321 220 -4
321 221 -4
321 222 4
321 223 4
321 224 4
321 273 12
321 279 12
321 280 8
321 395 16
321 398 16
321 417 -8
322 212 -4
322 214 4
322 215 -8
322 216 -4
322 219 4
322 220 8
322 221 -4
322 222 -4
322 274 20
322 276 -8
322 277 -8
322 396 24
322 397 -32
322 409 4
322 411 -16
322 416 -24
322 419 -24
323 225 20
323 228 4
323 230 4
323 236 4
323 238 -4
323 239 4
323 256 4
323 379 4
323 399 16
323 425 48
323 427 8
323 429 24
323 430 8
323 431 8
323 432 48
324 226 16
324 231 8
324 233 4
324 236 -4
324 240 4
324 241 -4
324 257 4
324 380 4
324 399 4
324 400 12
324 426 32
324 427 4
324 428 4
324 429 12
324 430 8
324 431 4
325 227 16
325 231 8
325 232 4
325 238 4
325 241 4
325 243 -4
325 258 4
325 381 4
325 399 4
325 401 12
325 426 32
325 427 4
325 428 4
325 429 12
325 430 8
325 431 4
326 228 12
326 230 12
326 234 12
326 239 -4
326 240 -4
326 243 4
326 259 4
326 382 4
326 400 8
326 401 8
326 425 32
326 427 8
326 428 -8
326 430 4
326 431 8
327 229 12
327 232 8
327 233 8
327 260 4
327 383 4
327 400 4
327 401 4
327 402 24
327 426 16
327 428 8
327 430 -4
327 431 -8
328 225 8
328 226 4
328 227 4
328 228 8
328 230 8
328 231 8
328 244 -4
328 245 -4
328 246 -4
328 247 -4
328 249 -4
328 403 20
328 427 32
328 433 36
328 435 32
329 226 4
329 227 4
329 228 -4
329 229 8
329 230 -4
329 232 8
329 233 8
329 248 -8
329 250 -4
329 403 4
329 404 16
329 428 24
329 435 -16
330 228 4
330 230 4
330 231 -8
330 234 24
330 248 4
330 250 -8
330 404 8
330 427 8
330 428 -16
330 433 -12
331 225 16
331 231 8
331 252 4
331 254 -4
331 268 4
331 399 8
331 405 12
331 429 16
331 433 8
331 436 72
331 437 8
332 226 12
332 230 8
332 232 4
332 252 -4
332 255 4
332 269 4
332 400 8
332 405 4
332 406 8
332 429 8
332 433 4
332 437 4
333 227 12
333 228 8
333 233 4
333 254 4
333 255 -4
333 270 4
333 401 8
333 405 4
333 406 8
333 429 8
333 433 4
333 437 4
334 229 8
334 271 4
334 402 8
334 406 4
334 437 -4
335 225 8
335 226 8
335 227 8
335 228 8
335 229 -4
335 230 8
335 231 12
335 256 -4
335 257 -4
335 258 -4
335 259 -4
335 403 8
335 407 16
335 430 24
335 437 24
336 226 4
336 227 4
336 229 16
336 231 -8
336 232 4
336 233 4
336 260 -8
336 404 8
336 407 4
336 408 12
336 437 -12
337 225 8
337 226 4
337 227 4
337 228 8
337 229 -8
337 230 8
337 231 8
337 232 -4
337 233 -4
337 274 4
337 409 20
337 431 32
337 435 32
337 437 36
338 225 4
338 264 -4
338 410 20
338 432 32
338 436 36
339 225 12
339 228 4
339 230 4
339 266 4
339 276 4
339 405 12
339 411 8
339 425 16
339 432 24
339 435 8
340 226 8
340 227 8
340 229 4
340 266 -4
340 277 4
340 406 12
340 411 8
340 426 16
341 225 8
341 226 8
341 227 8
341 228 12
341 230 12
341 231 8
341 232 -4
341 233 -4
341 268 -4
341 269 -4
341 270 -4
341 407 12
341 412 12
341 427 16
341 431 16
342 226 4
342 227 4
342 228 -4
342 229 16
342 230 -4
342 232 4
342 233 4
342 234 -24
342 271 -12
342 408 12
342 412 4
342 428 16
342 431 -8
343 225 8
343 226 8
343 227 8
343 228 8
343 230 8
343 231 12
343 232 -4
343 233 -4
343 234 -12
343 276 -4
343 277 -4
343 409 8
343 412 16
343 430 24
343 433 24
344 225 8
344 226 4
344 227 4
344 274 -4
344 410 12
344 411 16
344 429 24
345 235 12
345 242 8
345 265 8
345 384 4
345 413 8
345 440 8
346 236 8
346 238 -8
346 240 -4
346 243 4
346 266 8
346 385 4
346 425 4
346 426 -4
346 439 12
347 237 8
347 241 -4
347 267 8
347 386 4
347 413 4
347 440 4
348 236 4
348 238 -4
348 239 8
348 244 16
348 247 4
348 249 4
348 268 8
348 387 4
348 399 4
348 414 12
348 427 -4
348 438 32
348 441 36
348 442 8
349 236 -4
349 237 4
349 239 -4
349 240 4
349 241 -4
349 242 -8
349 245 12
349 249 8
349 250 4
349 269 8
349 388 4
349 400 4
349 414 4
349 415 8
349 427 -4
349 438 16
349 442 4
350 237 -4
350 238 4
350 239 -4
350 241 4
350 242 8
350 243 -4
350 246 12
350 247 8
350 250 4
350 270 8
350 389 4
350 401 4
350 414 4
350 415 8
350 427 -4
350 438 16
350 442 4
351 240 -4
351 243 4
351 248 8
351 271 8
351 390 4
351 402 4
351 415 4
351 428 -4
351 442 -4
352 235 8
352 236 -4
352 237 4
352 238 -4
352 251 8
352 252 -4
352 253 4
352 254 -4
352 275 20
352 391 4
352 413 16
353 236 8
353 238 -8
353 239 4
353 240 -4
353 243 4
353 256 12
353 259 8
353 276 12
353 392 4
353 414 8
353 416 8
353 425 16
353 430 -4
353 439 48
353 442 -8
354 236 -4
354 238 4
354 240 4
354 243 -4
354 257 8
354 258 8
354 260 4
354 277 12
354 393 4
354 415 8
354 416 8
354 426 16
354 430 -4
355 235 8
355 237 12
355 240 -4
355 242 16
355 243 -4
355 261 16
355 263 4
355 278 16
355 279 -4
355 394 4
355 417 12
355 440 64
356 236 4
356 238 4
356 240 4
356 243 4
356 262 12
356 263 -8
356 279 8
356 280 -8
356 395 4
356 417 4
356 440 -32
357 236 -4
357 238 4
357 239 -4
357 264 20
357 276 -4
357 396 4
357 418 16
357 432 -16
357 439 -48
357 441 -24
358 236 4
358 238 -4
358 239 8
358 240 4
358 243 -4
358 268 8
358 269 4
358 270 4
358 274 -16
358 397 4
358 416 12
358 418 -12
358 429 12
358 431 -4
358 438 32
359 235 4
359 237 8
359 241 4
359 242 8
359 272 12
359 398 4
359 417 8
360 244 12
360 247 4
360 249 4
360 252 4
360 254 -4
360 276 8
360 405 4
360 414 8
360 419 8
360 433 -4
360 441 24
361 245 8
361 246 8
361 248 4
361 252 -4
361 254 4
361 277 8
361 406 4
361 415 8
361 419 8
361 433 -4
362 244 8
362 245 8
362 246 8
362 247 8
362 248 -4
362 249 8
362 256 -8
362 257 -4
362 258 -4
362 259 -8
362 407 4
362 420 12
362 427 -8
362 442 16
363 245 4
363 246 4
363 247 -4
363 248 16
363 249 -4
363 250 -4
363 257 -4
363 258 -4
363 259 8
363 260 -8
363 408 4
363 420 4
363 428 -8
363 442 -8
364 244 8
364 245 4
364 246 4
364 247 8
364 248 -8
364 249 8
364 250 -4
364 276 -8
364 409 4
364 421 16
364 435 -16
364 442 24
365 244 4
365 264 -8
365 410 4
365 422 16
365 441 24
366 244 8
366 245 4
366 246 4
366 274 -8
366 411 4
366 419 12
366 422 12
366 435 -4
366 438 16
367 244 8
367 245 8
367 246 8
367 247 8
367 249 8
367 250 -8
367 268 -8
367 269 -4
367 270 -4
367 412 4
367 420 12
367 421 8
367 433 -12
368 252 4
368 254 -4
368 256 8
368 257 4
368 258 4
368 274 -12
368 416 8
368 419 8
368 423 12
368 429 8
368 437 -4
369 251 8
369 253 12
369 255 -4
369 261 12
369 263 -4
369 272 8
369 273 -4
369 417 8
369 424 16
370 252 -4
370 254 4
370 264 16
370 268 -4
370 418 8
370 423 -12
370 436 -24
370 441 -16
371 256 8
371 257 4
371 258 4
371 259 8
371 260 -8
371 268 -8
371 269 -4
371 270 -4
371 271 12
371 421 8
371 431 8
371 437 -12
371 442 -16
372 256 4
372 264 -12
372 266 4
372 422 8
372 423 12
372 432 8
372 439 16
373 261 8
373 262 -4
373 265 4
373 267 4
373 424 12
373 440 16
374 281 16
374 282 4
374 283 4
374 284 4
374 297 4
374 443 48
374 450 16
374 454 8
375 282 12
375 285 8
375 286 4
375 287 4
375 298 4
375 443 16
375 444 32
375 446 4
375 447 -4
375 450 -8
375 451 4
375 452 -4
375 453 4
375 455 -12
376 283 12
376 286 4
376 288 16
376 289 4
376 299 4
376 443 16
376 445 64
376 450 8
376 454 12
377 284 12
377 285 -8
377 287 4
377 289 4
377 300 4
377 443 16
377 444 -32
377 446 -4
377 448 4
377 450 -8
377 451 -4
377 452 4
377 453 -4
377 455 12
378 286 8
378 287 -8
378 289 8
378 301 4
378 445 32
378 447 4
378 448 -4
378 454 -4
379 282 4
379 284 -4
379 285 4
379 290 20
379 291 4
379 292 4
379 302 4
379 323 4
379 446 48
379 456 24
379 458 8
379 460 24
379 461 8
379 462 8
379 463 48
380 282 -4
380 286 4
380 287 -4
380 291 16
380 293 8
380 294 4
380 303 4
380 324 4
380 446 12
380 447 36
380 457 16
380 458 4
380 459 4
380 460 12
380 461 8
380 462 4
381 284 4
381 287 4
381 289 -4
381 292 16
381 294 4
381 295 8
381 304 4
381 325 4
381 446 12
381 448 36
381 457 16
381 458 4
381 459 4
381 460 12
381 461 8
381 462 4
382 285 -4
382 286 -4
382 289 4
382 293 12
382 295 12
382 296 4
382 305 4
382 326 4
382 447 24
382 448 24
382 456 16
382 458 8
382 459 -8
382 461 4
382 462 8
383 294 12
383 296 16
383 306 4
383 327 4
383 447 12
383 448 12
383 449 72
383 457 8
383 459 8
383 461 -4
383 462 -8
384 281 12
384 288 8
384 297 12
384 298 4
384 299 4
384 300 4
384 307 12
384 345 8
384 443 24
384 450 24
384 466 8
385 282 8
385 284 -8
385 286 -4
385 289 4
385 298 8
385 300 -8
385 308 12
385 346 8
385 444 24
385 456 4
385 457 -4
385 465 12
386 283 8
386 287 -4
386 299 8
386 301 4
386 309 12
386 347 8
386 445 24
386 450 12
386 466 4
387 282 4
387 284 -4
387 285 8
387 302 16
387 303 4
387 304 4
387 310 8
387 348 4
387 446 12
387 451 36
387 458 -4
387 464 16
387 467 36
387 468 8
388 282 -4
388 283 4
388 285 -4
388 286 4
388 287 -4
388 288 -8
388 303 12
388 305 8
388 306 4
388 311 8
388 349 4
388 447 12
388 451 12
388 452 24
388 458 -4
388 464 8
388 468 4
389 283 -4
389 284 4
389 285 -4
389 287 4
389 288 8
389 289 -4
389 304 12
389 305 8
389 306 4
389 312 8
389 350 4
389 448 12
389 451 12
389 452 24
389 458 -4
389 464 8
389 468 4
390 286 -4
390 289 4
390 306 8
390 313 8
390 351 4
390 449 12
390 452 12
390 459 -4
390 468 -4
391 281 8
391 282 -4
391 283 4
391 284 -4
391 307 8
391 309 8
391 317 16
391 352 4
391 450 24
392 282 8
392 284 -8
392 285 4
392 286 -4
392 289 4
392 310 12
392 311 4
392 312 4
392 318 12
392 353 4
392 451 24
392 453 24
392 456 8
392 461 -4
392 465 24
392 468 -8
393 282 -4
393 284 4
393 286 4
393 289 -4
393 311 8
393 312 8
393 313 12
393 319 12
393 354 4
393 452 24
393 453 24
393 457 8
393 461 -4
394 281 8
394 283 12
394 286 -4
394 288 16
394 289 -4
394 314 16
394 315 4
394 320 8
394 355 4
394 454 36
394 466 32
395 282 4
395 284 4
395 286 4
395 289 4
395 315 12
395 321 8
395 356 4
395 454 12
395 466 -16
396 282 -4
396 284 4
396 285 -4
396 316 20
396 322 4
396 357 4
396 455 48
396 463 -16
396 465 -24
396 467 -24
397 282 4
397 284 -4
397 285 8
397 286 4
397 289 -4
397 318 8
397 319 8
397 322 -16
397 358 4
397 453 36
397 455 -36
397 460 12
397 462 -4
397 464 16
398 281 4
398 283 8
398 287 4
398 288 8
398 320 12
398 321 4
398 359 4
398 454 24
399 290 16
399 293 4
399 295 4
399 298 4
399 300 -4
399 310 4
399 323 16
399 324 4
399 325 4
399 331 12
399 348 4
399 446 12
399 456 24
399 469 32
399 470 8
399 471 36
399 472 8
400 291 12
400 295 8
400 296 4
400 298 -4
400 301 4
400 311 4
400 324 12
400 326 8
400 327 4
400 332 12
400 349 4
400 447 12
400 456 8
400 457 16
400 469 16
400 470 4
400 472 4
401 292 12
401 293 8
401 296 4
401 300 4
401 301 -4
401 312 4
401 325 12
401 326 8
401 327 4
401 333 12
401 350 4
401 448 12
401 456 8
401 457 16
401 469 16
401 470 4
401 472 4
402 294 8
402 313 4
402 327 8
402 334 12
402 351 4
402 449 12
402 457 8
402 472 -4
403 290 8
403 291 4
403 292 4
403 293 8
403 295 8
403 302 -4
403 303 -4
403 304 -4
403 305 -4
403 328 20
403 329 4
403 335 8
403 458 32
403 470 24
403 473 24
404 291 4
404 292 4
404 293 -4
404 294 8
404 295 -4
404 296 8
404 306 -8
404 329 16
404 330 8
404 336 8
404 458 8
404 459 24
404 473 -12
405 290 12
405 293 4
405 295 4
405 308 4
405 318 4
405 331 12
405 332 4
405 333 4
405 339 16
405 360 4
405 456 16
405 460 16
405 471 24
405 473 8
406 291 8
406 292 8
406 294 4
406 308 -4
406 319 4
406 332 8
406 333 8
406 334 12
406 340 16
406 361 4
406 457 16
406 460 16
407 290 8
407 291 8
407 292 8
407 293 8
407 294 -4
407 295 8
407 310 -4
407 311 -4
407 312 -4
407 335 16
407 336 4
407 341 12
407 362 4
407 458 16
407 461 24
407 472 16
408 291 4
408 292 4
408 293 -4
408 294 16
408 295 -4
408 296 -4
408 313 -12
408 336 12
408 342 12
408 363 4
408 459 16
408 461 8
408 472 -8
409 290 8
409 291 4
409 292 4
409 293 8
409 294 -8
409 295 8
409 296 -4
409 322 4
409 337 20
409 343 8
409 364 4
409 462 32
409 472 24
409 473 24
410 290 4
410 316 -4
410 338 24
410 344 4
410 365 4
410 463 32
410 471 24
411 290 8
411 291 4
411 292 4
411 322 -4
411 339 8
411 340 8
411 344 20
411 366 4
411 460 24
411 463 24
411 469 16
412 290 8
412 291 8
412 292 8
412 293 8
412 295 8
412 296 -8
412 318 -4
412 319 -4
412 341 12
412 342 4
412 343 16
412 367 4
412 461 24
412 462 16
412 470 16
413 297 8
413 298 -4
413 299 4
413 300 -4
413 317 8
413 345 8
413 347 8
413 352 12
413 450 12
414 298 4
414 300 -4
414 302 12
414 305 8
414 318 8
414 348 12
414 349 4
414 350 4
414 353 8
414 360 12
414 451 12
414 456 8
414 464 16
414 470 -4
414 474 48
415 298 -4
415 300 4
415 303 8
415 304 8
415 306 4
415 319 8
415 349 8
415 350 8
415 351 12
415 354 8
415 361 12
415 452 12
415 457 8
415 464 16
415 470 -4
416 298 4
416 300 -4
416 310 8
416 311 4
416 312 4
416 322 -12
416 353 8
416 354 8
416 358 12
416 368 12
416 453 12
416 464 16
416 465 24
416 469 16
416 472 -4
417 297 8
417 299 12
417 301 -4
417 314 12
417 320 8
417 321 -4
417 355 12
417 356 4
417 359 16
417 369 12
417 454 12
417 466 32
418 298 -4
418 300 4
418 316 16
418 318 -4
418 357 16
418 358 -4
418 370 12
418 455 12
418 465 -24
418 471 -12
418 474 -32
419 302 8
419 303 4
419 304 4
419 322 -8
419 360 8
419 361 8
419 366 16
419 368 8
419 460 8
419 464 16
419 467 24
419 473 -4
420 302 8
420 303 8
420 304 8
420 305 4
420 306 -4
420 310 -8
420 311 -4
420 312 -4
420 362 12
420 363 4
420 367 12
420 461 8
420 468 16
420 470 -8
421 302 8
421 303 4
421 304 4
421 305 8
421 306 -8
421 318 -8
421 364 16
421 367 8
421 371 8
421 462 8
421 468 24
421 473 -12
422 302 4
422 316 -8
422 365 20
422 366 4
422 372 8
422 463 8
422 467 24
422 474 16
423 308 4
423 310 4
423 316 -12
423 368 4
423 370 -12
423 372 16
423 465 16
423 467 16
423 471 8
424 307 4
424 309 4
424 314 8
424 315 -4
424 369 8
424 373 16
424 466 16
425 323 12
425 326 8
425 339 8
425 346 4
425 353 4
425 456 4
425 469 8
425 475 72
425 476 8
426 324 8
426 325 8
426 327 4
426 340 8
426 346 -4
426 354 4
426 457 4
426 469 8
427 323 8
427 324 4
427 325 4
427 326 8
427 328 16
427 330 4
427 341 8
427 348 -4
427 349 -4
427 350 -4
427 362 -4
427 458 4
427 470 12
427 476 32
428 324 4
428 325 4
428 326 -8
428 327 8
428 329 12
428 330 -8
428 342 8
428 351 -12
428 363 -4
428 459 4
428 470 4
428 476 -16
429 323 8
429 324 4
429 325 4
429 331 8
429 332 4
429 333 4
429 344 20
429 358 4
429 368 4
429 460 4
429 469 16
429 471 12
430 323 8
430 324 8
430 325 8
430 326 4
430 327 -4
430 335 12
430 343 12
430 353 -4
430 354 -4
430 461 4
430 470 8
430 472 8
431 323 8
431 324 4
431 325 4
431 326 8
431 327 -8
431 337 16
431 341 8
431 342 -4
431 358 -4
431 371 4
431 462 4
431 472 12
431 476 32
432 323 4
432 338 24
432 339 4
432 357 -4
432 372 4
432 463 4
432 471 12
432 475 48
433 328 12
433 330 -4
433 331 8
433 332 4
433 333 4
433 343 8
433 360 -4
433 361 -4
433 367 -4
433 470 8
433 473 8
435 328 8
435 329 -4
435 337 8
435 339 8
435 364 -4
435 366 -4
435 473 12
435 476 16
436 331 4
436 338 12
436 370 -4
436 471 8
437 331 8
437 332 4
437 333 4
437 334 -12
437 335 8
437 336 -4
437 337 12
437 368 -4
437 371 -4
437 472 8
437 473 8
438 348 8
438 349 4
438 350 4
438 358 8
438 366 8
438 464 4
438 469 4
438 474 12
438 476 -4
439 346 4
439 353 4
439 357 -12
439 372 8
439 465 4
439 474 8
439 475 24
440 345 4
440 347 4
440 355 8
440 356 -4
440 373 8
440 466 4
441 348 4
441 357 -8
441 360 4
441 365 20
441 370 -8
441 467 4
441 471 4
441 474 16
442 348 8
442 349 4
442 350 4
442 351 -12
442 353 -8
442 362 8
442 363 -4
442 364 12
442 371 -8
442 468 4
442 472 4
442 476 -16
443 374 12
443 375 4
443 376 4
443 377 4
443 384 4
443 477 40
443 482 8
444 375 8
444 377 -8
444 385 4
444 478 4
444 479 -4
444 481 12
445 376 8
445 378 4
445 386 4
445 477 20
445 482 4
446 375 4
446 377 -4
446 379 16
446 380 4
446 381 4
446 387 4
446 399 4
446 478 48
446 483 16
446 484 8
446 485 36
446 486 8
447 375 -4
447 378 4
447 380 12
447 382 8
447 383 4
447 388 4
447 400 4
447 478 16
447 479 32
447 483 8
447 484 4
447 486 4
448 377 4
448 378 -4
448 381 12
448 382 8
448 383 4
448 389 4
448 401 4
448 478 16
448 479 32
448 483 8
448 484 4
448 486 4
449 383 8
449 390 4
449 402 4
449 479 16
449 486 -4
450 374 8
450 375 -4
450 376 4
450 377 -4
450 384 8
450 386 8
450 391 12
450 413 8
450 477 40
451 375 4
451 377 -4
451 387 12
451 388 4
451 389 4
451 392 8
451 414 4
451 478 16
451 480 32
451 484 -4
451 487 24
452 375 -4
452 377 4
452 388 8
452 389 8
452 390 12
452 393 8
452 415 4
452 479 16
452 480 32
452 484 -4
453 375 4
453 377 -4
453 392 8
453 393 8
453 397 12
453 416 4
453 480 32
453 481 48
453 483 8
453 486 -4
454 374 8
454 376 12
454 378 -4
454 394 12
454 395 4
454 398 16
454 417 4
454 482 64
455 375 -4
455 377 4
455 396 16
455 397 -4
455 418 4
455 481 -48
455 485 -12
455 487 -16
456 379 12
456 382 8
456 385 4
456 392 4
456 399 12
456 400 4
456 401 4
456 405 12
456 414 4
456 425 8
456 478 24
456 483 24
456 488 48
456 489 8
457 380 8
457 381 8
457 383 4
457 385 -4
457 393 4
457 400 8
457 401 8
457 402 12
457 406 12
457 415 4
457 426 8
457 479 24
457 483 24
458 379 8
458 380 4
458 381 4
458 382 8
458 387 -4
458 388 -4
458 389 -4
458 403 16
458 404 4
458 407 8
458 427 4
458 484 36
458 489 16
459 380 4
459 381 4
459 382 -8
459 383 8
459 390 -12
459 404 12
459 408 8
459 428 4
459 484 12
459 489 -8
460 379 8
460 380 4
460 381 4
460 397 4
460 405 8
460 406 8
460 411 16
460 419 4
460 429 4
460 483 24
460 485 36
461 379 8
461 380 8
461 381 8
461 382 4
461 383 -4
461 392 -4
461 393 -4
461 407 12
461 408 4
461 412 12
461 420 4
461 430 4
461 484 24
461 486 24
462 379 8
462 380 4
462 381 4
462 382 8
462 383 -8
462 397 -4
462 409 16
462 412 8
462 421 4
462 431 4
462 486 36
462 489 16
463 379 4
463 396 -4
463 410 20
463 411 4
463 422 4
463 432 4
463 485 36
463 488 16
464 387 8
464 388 4
464 389 4
464 397 8
464 414 8
464 415 8
464 416 8
464 419 12
464 438 8
464 480 24
464 483 12
464 487 36
464 489 -4
465 385 4
465 392 4
465 396 -12
465 416 4
465 418 -12
465 423 12
465 439 8
465 481 24
465 487 24
465 488 16
466 384 4
466 386 4
466 394 8
466 395 -4
466 417 8
466 424 12
466 440 8
466 482 24
467 387 4
467 396 -8
467 419 4
467 422 16
467 423 8
467 441 4
467 485 12
467 487 24
468 387 8
468 388 4
468 389 4
468 390 -12
468 392 -8
468 420 8
468 421 12
468 442 4
468 486 12
468 489 -8
469 399 8
469 400 4
469 401 4
469 411 8
469 416 4
469 425 8
469 426 8
469 429 12
469 438 4
469 483 12
469 488 24
470 399 8
470 400 4
470 401 4
470 403 12
470 412 8
470 414 -4
470 415 -4
470 420 -4
470 427 12
470 428 4
470 430 8
470 433 12
470 484 12
470 489 16
471 399 4
471 405 4
471 410 20
471 418 -4
471 423 4
471 429 4
471 432 16
471 436 24
471 441 4
471 485 12
471 488 32
472 399 8
472 400 4
472 401 4
472 402 -12
472 407 8
472 408 -4
472 409 12
472 416 -4
472 430 8
472 431 12
472 437 12
472 442 4
472 486 12
472 489 16
473 403 8
473 404 -4
473 405 8
473 409 8
473 419 -4
473 421 -4
473 433 8
473 435 16
473 437 8
473 489 16
474 414 4
474 418 -8
474 422 8
474 438 4
474 439 8
474 441 12
474 487 12
474 488 8
475 425 4
475 432 8
475 439 4
475 488 4
476 425 8
476 427 8
476 428 -4
476 431 8
476 435 8
476 438 -4
476 442 -4
476 489 4
477 443 8
477 445 8
477 450 4
478 444 4
478 446 12
478 447 4
478 448 4
478 451 4
478 456 4
478 490 40
478 492 24
478 493 8
479 444 -4
479 447 8
479 448 8
479 449 12
479 452 4
479 457 4
479 490 40
480 451 8
480 452 8
480 453 8
480 464 4
480 490 20
480 491 60
480 493 -4
481 444 4
481 453 4
481 455 -12
481 465 4
481 491 40
481 492 8
482 443 4
482 445 4
482 454 8
482 466 4
483 446 8
483 447 4
483 448 4
483 453 4
483 456 8
483 457 8
483 460 12
483 464 4
483 469 8
483 490 40
483 492 48
484 446 8
484 447 4
484 448 4
484 451 -4
484 452 -4
484 458 12
484 459 4
484 461 8
484 470 4
484 493 32
485 446 4
485 455 -4
485 460 4
485 463 16
485 467 4
485 471 4
485 492 32
486 446 8
486 447 4
486 448 4
486 449 -12
486 453 -4
486 461 8
486 462 12
486 468 4
486 472 4
486 493 32
487 451 4
487 455 -8
487 464 4
487 465 8
487 467 12
487 474 8
487 491 40
487 492 16
488 456 4
488 463 8
488 465 4
488 469 4
488 471 12
488 474 4
488 475 12
488 492 24
489 456 8
489 458 8
489 459 -4
489 462 8
489 464 -4
489 468 -4
489 470 8
489 472 8
489 473 12
489 476 8
489 493 24
490 478 8
490 479 8
490 480 4
490 483 4
490 494 72
491 480 4
491 481 8
491 487 4
491 494 24
492 478 4
492 481 4
492 483 4
492 485 12
492 487 4
492 488 8
492 494 60
493 478 8
493 480 -4
493 484 8
493 486 8
493 489 4
494 490 4
494 491 4
494 492 4
495 515 16
495 539 24
495 549 24
495 553 8
495 564 8
495 572 8
496 515 4
496 516 12
496 525 4
496 526 -4
496 540 16
496 542 4
496 543 -4
496 549 -12
496 550 8
496 551 -4
496 554 4
496 559 -12
496 563 4
496 565 4
496 568 -4
496 571 20
496 573 4
496 574 -4
497 515 4
497 517 12
497 541 16
497 543 4
497 544 -4
497 549 12
497 551 4
497 552 -4
497 553 8
497 555 4
497 564 8
497 566 8
497 567 4
497 569 -4
497 572 8
497 574 -4
498 515 4
498 518 12
498 527 4
498 528 -4
498 544 4
498 545 -4
498 549 -12
498 553 4
498 554 4
498 556 4
498 572 -4
499 515 4
499 519 12
499 541 16
499 545 4
499 546 -4
499 549 12
499 551 -4
499 552 4
499 553 8
499 555 4
499 564 8
499 566 8
499 567 -4
499 568 4
499 572 8
499 574 4
500 515 4
500 520 12
500 525 -4
500 529 4
500 540 -16
500 542 -4
500 546 4
500 549 -12
500 550 -8
500 551 4
500 556 4
500 560 12
500 563 -4
500 565 -4
500 569 4
500 571 -20
500 573 4
500 574 4
501 516 8
501 520 -8
501 525 4
501 530 -4
501 542 8
501 543 -4
501 546 -4
501 550 4
501 554 4
501 556 -4
501 561 -12
501 563 8
501 568 -4
501 569 -4
501 571 20
502 516 4
502 517 4
502 521 8
502 526 4
502 530 -4
502 540 -8
502 543 4
502 547 -4
502 550 -4
502 551 4
502 553 -4
502 557 4
502 563 4
502 570 -12
502 573 4
503 516 4
503 518 4
503 522 8
503 527 4
503 532 -4
503 541 -8
503 544 4
503 548 -4
503 552 4
503 554 4
503 557 -4
503 559 -12
503 563 4
503 564 4
503 567 4
503 568 -8
503 574 -4
504 516 4
504 519 4
504 523 8
504 528 4
504 532 -4
504 545 4
504 547 -4
504 552 4
504 554 8
504 561 -12
504 563 4
504 565 4
504 568 -4
504 572 -4
505 516 4
505 520 4
505 521 -8
505 526 -4
505 529 4
505 541 -8
505 543 -4
505 546 4
505 564 4
506 517 8
506 519 8
506 539 16
506 543 -4
506 544 4
506 545 -4
506 546 4
506 553 8
506 555 8
506 564 12
506 568 -4
506 569 4
506 572 8
507 517 4
507 518 4
507 523 8
507 534 4
507 535 -4
507 540 8
507 547 4
507 548 -4
507 550 4
507 554 4
507 557 4
507 560 -12
507 565 8
507 567 4
507 569 -4
507 572 -4
507 574 -8
508 517 4
508 519 4
508 524 24
508 541 8
508 555 16
508 564 4
508 566 24
508 572 8
509 517 4
509 520 4
509 522 -8
509 527 -4
509 536 4
509 544 -4
509 547 4
509 552 -4
509 556 8
509 561 12
509 563 -4
509 565 -4
509 569 4
509 572 -4
510 518 4
510 519 4
510 522 -8
510 534 -4
510 535 4
510 540 -8
510 547 -4
510 548 4
510 550 -4
510 556 4
510 557 4
510 559 12
510 565 -8
510 567 -4
510 568 4
510 572 -4
510 574 8
511 518 4
511 520 4
511 523 -8
511 528 -4
511 536 4
511 541 -8
511 545 -4
511 548 4
511 552 -4
511 556 4
511 557 -4
511 560 12
511 563 -4
511 564 4
511 567 -4
511 569 8
511 574 4
512 519 4
512 520 4
512 521 8
512 529 -4
512 530 4
512 540 8
512 546 -4
512 547 4
512 550 4
512 551 -4
512 553 -4
512 557 4
512 563 -4
512 570 12
512 573 4
513 522 4
513 523 4
513 531 4
513 533 -4
513 537 4
513 538 -4
513 551 8
513 552 -4
513 554 -4
513 556 4
513 562 -12
513 574 -4
514 521 4
514 522 -4
514 523 4
514 524 12
514 532 4
514 536 -4
514 555 -4
514 557 4
514 568 4
514 569 -4
514 573 4
515 495 16
515 496 4
515 497 4
515 498 4
515 499 4
515 500 4
515 575 24
515 585 16
515 590 8
515 598 8
516 496 12
516 501 8
516 502 4
516 503 4
516 504 4
516 505 4
516 575 8
516 576 16
516 578 4
516 579 -4
516 585 -8
516 586 4
516 587 -4
516 589 4
516 591 4
516 594 -12
516 597 20
516 600 -4
517 497 12
517 502 4
517 506 8
517 507 4
517 508 4
517 509 4
517 575 8
517 577 16
517 585 8
517 587 4
517 588 -4
517 590 8
517 592 8
517 598 8
517 599 4
517 600 -4
518 498 12
518 503 4
518 507 4
518 510 4
518 511 4
518 575 8
518 580 4
518 581 -4
518 585 -8
518 590 4
518 598 -4
519 499 12
519 504 4
519 506 8
519 508 4
519 510 4
519 512 4
519 575 8
519 577 16
519 585 8
519 587 -4
519 588 4
519 590 8
519 592 8
519 598 8
519 599 -4
519 600 4
520 500 12
520 501 -8
520 505 4
520 509 4
520 511 4
520 512 4
520 575 8
520 576 -16
520 578 -4
520 582 4
520 585 -8
520 586 -4
520 587 4
520 589 -4
520 591 -4
520 595 12
520 597 -20
520 600 4
521 502 8
521 505 -8
521 512 8
521 514 4
521 577 8
521 579 4
521 582 -4
521 590 -4
522 503 8
522 509 -8
522 510 -8
522 513 4
522 514 -4
522 576 8
522 577 -8
522 580 4
522 584 -4
522 589 4
522 591 4
522 594 -12
522 598 4
522 599 4
522 600 -4
523 504 8
523 507 8
523 511 -8
523 513 4
523 514 4
523 576 8
523 577 8
523 581 4
523 584 -4
523 589 4
523 591 4
523 595 -12
523 598 -4
523 599 4
523 600 -4
524 508 8
524 514 4
524 577 8
524 592 8
524 598 4
525 496 4
525 500 -4
525 501 4
525 578 16
525 601 24
525 604 8
525 609 24
525 610 8
525 613 8
525 617 12
525 619 80
525 620 8
525 621 8
525 623 8
526 496 -4
526 502 4
526 505 -4
526 578 4
526 579 12
526 602 16
526 604 4
526 605 4
526 609 12
526 610 8
526 611 4
526 614 4
526 620 4
526 622 4
526 624 4
527 498 4
527 503 4
527 509 -4
527 578 4
527 580 12
527 603 16
527 605 4
527 606 4
527 609 12
527 611 4
527 612 8
527 613 8
527 615 4
527 617 12
527 621 8
527 622 4
527 623 8
528 498 -4
528 504 4
528 511 -4
528 578 4
528 581 12
528 603 16
528 606 4
528 607 4
528 609 12
528 611 -4
528 612 8
528 613 8
528 614 4
528 617 12
528 621 8
528 622 4
528 623 8
529 500 4
529 505 4
529 512 -4
529 578 4
529 582 12
529 602 16
529 604 4
529 607 4
529 609 12
529 610 8
529 611 -4
529 615 4
529 620 4
529 622 4
529 624 4
530 501 -4
530 502 -4
530 512 4
530 579 8
530 582 8
530 601 16
530 604 8
530 605 -4
530 607 -4
530 610 4
530 614 4
530 615 4
530 620 8
530 624 -8
531 513 4
531 579 4
531 580 4
531 583 8
531 602 8
531 605 4
531 608 4
531 610 -4
531 611 4
531 613 -4
531 616 12
531 618 12
531 620 -4
531 624 4
532 503 -4
532 504 -4
532 514 4
532 579 4
532 581 4
532 584 8
532 603 8
532 606 4
532 608 -4
532 612 8
532 614 8
532 620 4
532 621 4
532 622 4
532 623 4
533 513 -4
533 579 4
533 582 4
533 583 8
533 603 8
533 605 4
533 607 4
533 620 -8
533 621 -4
534 507 4
534 510 -4
534 580 8
534 581 8
534 601 16
534 605 -4
534 606 8
534 607 -4
534 613 8
534 614 4
534 615 4
534 617 12
534 621 12
534 623 8
535 507 -4
535 510 4
535 580 4
535 581 4
535 584 8
535 602 8
535 608 8
535 610 4
535 614 4
535 615 4
535 622 12
535 623 8
536 509 4
536 511 4
536 514 -4
536 580 4
536 582 4
536 584 8
536 603 8
536 606 4
536 608 -4
536 612 8
536 615 8
536 620 4
536 621 4
536 622 4
536 623 4
537 513 4
537 581 4
537 582 4
537 583 8
537 602 8
537 607 4
537 608 4
537 610 -4
537 611 -4
537 613 -4
537 616 12
537 618 12
537 620 -4
537 624 4
538 513 -4
538 583 8
538 584 8
538 612 -8
538 614 -4
538 615 -4
538 622 4
538 624 8
539 495 12
539 506 8
539 575 4
539 585 8
539 627 8
540 496 8
540 500 -8
540 502 -4
540 507 4
540 510 -4
540 512 4
540 576 4
540 601 4
540 602 -4
540 626 20
540 629 -12
541 497 8
541 499 8
541 503 -4
541 505 -4
541 508 4
541 511 -4
541 577 4
541 585 8
541 627 8
542 496 4
542 500 -4
542 501 8
542 578 4
542 586 12
542 604 -4
542 625 16
542 630 60
542 631 8
542 632 8
542 634 12
542 636 8
543 496 -4
543 497 4
543 501 -4
543 502 4
543 505 -4
543 506 -4
543 579 4
543 586 4
543 587 8
543 604 -4
543 625 8
543 631 4
543 633 4
544 497 -4
544 498 4
544 503 4
544 506 4
544 509 -4
544 580 4
544 586 4
544 588 8
544 606 -4
544 625 8
544 632 8
544 633 4
544 634 12
544 636 8
545 498 -4
545 499 4
545 504 4
545 506 -4
545 511 -4
545 581 4
545 586 4
545 588 8
545 606 -4
545 625 8
545 632 8
545 633 4
545 634 12
545 636 8
546 499 -4
546 500 4
546 501 -4
546 505 4
546 506 4
546 512 -4
546 582 4
546 586 4
546 587 8
546 604 -4
546 625 8
546 631 4
546 633 4
547 502 -4
547 504 -4
547 507 4
547 509 4
547 510 -4
547 512 4
547 583 4
547 587 8
547 588 4
547 605 -4
547 607 -4
547 608 -4
547 631 -8
547 632 -4
547 635 12
548 503 -4
548 507 -4
548 510 4
548 511 4
548 584 4
548 587 4
548 588 8
548 606 -4
548 631 4
548 633 4
548 636 8
549 495 8
549 496 -4
549 497 4
549 498 -4
549 499 4
549 500 -4
549 585 8
550 496 8
550 500 -8
550 501 4
550 502 -4
550 507 4
550 510 -4
550 512 4
550 586 8
550 589 8
550 601 8
550 610 -4
550 626 40
550 631 -8
550 638 8
550 639 12
551 496 -4
551 497 4
551 499 -4
551 500 4
551 502 4
551 512 -4
551 513 8
551 587 8
551 589 8
551 602 8
551 610 -4
552 497 -4
552 499 4
552 503 4
552 504 4
552 509 -4
552 511 -4
552 513 -4
552 588 8
552 589 8
552 603 8
552 612 -8
552 638 8
552 639 12
553 495 8
553 497 8
553 498 4
553 499 8
553 502 -4
553 506 8
553 512 -4
553 590 12
553 627 16
553 640 16
554 496 4
554 498 4
554 501 4
554 503 4
554 504 8
554 507 4
554 513 -4
554 590 4
554 591 8
554 613 4
554 614 -4
554 627 -8
554 632 4
554 633 -4
554 638 4
554 641 -12
555 497 4
555 499 4
555 506 8
555 508 16
555 514 -4
555 590 4
555 592 16
555 627 8
555 640 24
556 498 4
556 500 4
556 501 -4
556 509 8
556 510 4
556 511 4
556 513 4
556 590 4
556 591 -8
556 613 -4
556 615 4
556 627 -8
556 632 -4
556 633 4
556 638 -4
556 641 12
557 502 4
557 503 -4
557 507 4
557 510 4
557 511 -4
557 512 4
557 514 4
557 592 8
557 614 4
557 615 -4
557 640 -8
558 593 16
558 617 -4
558 628 24
558 634 -8
558 637 24
558 639 -8
558 641 8
559 496 -4
559 503 -4
559 510 4
559 593 4
559 594 12
559 617 -4
559 629 16
559 634 -4
559 635 -4
559 637 12
559 639 -8
559 641 4
560 500 4
560 507 -4
560 511 4
560 593 4
560 595 12
560 617 -4
560 629 16
560 634 -4
560 635 -4
560 637 12
560 639 -8
560 641 4
561 501 -4
561 504 -4
561 509 4
561 594 8
561 595 8
561 617 -4
561 628 16
561 634 -8
561 635 8
561 639 -4
561 641 8
562 513 -4
562 594 4
562 595 4
562 596 24
562 618 -8
562 629 8
562 635 -8
562 639 4
562 641 -8
563 496 4
563 500 -4
563 501 8
563 502 4
563 503 4
563 504 4
563 509 -4
563 511 -4
563 512 -4
563 589 12
563 597 20
563 609 12
563 620 -4
563 625 16
563 641 -12
564 495 8
564 497 8
564 499 8
564 503 4
564 505 4
564 506 12
564 508 4
564 511 4
564 590 8
564 598 8
564 640 8
565 496 4
565 500 -4
565 504 4
565 507 8
565 509 -4
565 510 -8
565 591 8
565 621 4
565 622 -4
565 639 12
566 497 4
566 499 4
566 508 12
566 592 8
566 598 4
566 640 4
567 497 4
567 499 -4
567 503 4
567 507 4
567 510 -4
567 511 -4
567 593 12
567 599 12
567 613 4
567 623 -4
567 636 -8
567 637 -36
567 638 -8
568 496 -4
568 499 4
568 501 -4
568 503 -8
568 504 -4
568 506 -4
568 510 4
568 514 4
568 594 12
568 599 4
568 600 8
568 614 4
568 623 -4
568 636 -4
568 638 -4
569 497 -4
569 500 4
569 501 -4
569 506 4
569 507 -4
569 509 4
569 511 8
569 514 -4
569 595 12
569 599 4
569 600 8
569 615 4
569 623 -4
569 636 -4
569 638 -4
570 502 -4
570 512 4
570 596 12
570 600 4
570 616 4
570 624 -4
570 638 4
571 496 4
571 500 -4
571 501 4
571 597 16
571 619 16
571 626 24
571 630 24
572 495 8
572 497 8
572 498 -4
572 499 8
572 504 -4
572 506 8
572 507 -4
572 508 8
572 509 -4
572 510 -4
572 598 12
572 627 16
573 496 4
573 500 4
573 502 4
573 512 4
573 514 4
573 598 4
573 627 -8
574 496 -4
574 497 -4
574 499 4
574 500 4
574 503 -4
574 507 -8
574 510 8
574 511 4
574 513 -4
574 599 -8
574 600 8
574 621 -4
574 622 4
574 629 24
574 633 8
575 515 12
575 516 4
575 517 4
575 518 4
575 519 4
575 520 4
575 539 4
575 642 24
575 648 8
576 516 8
576 520 -8
576 522 4
576 523 4
576 540 4
576 643 4
576 644 -4
576 647 20
576 650 -12
577 517 8
577 519 8
577 521 4
577 522 -4
577 523 4
577 524 12
577 541 4
577 642 24
577 648 8
578 516 4
578 520 -4
578 525 16
578 526 4
578 527 4
578 528 4
578 529 4
578 542 4
578 643 24
578 651 16
578 652 8
578 655 60
578 656 8
578 657 8
578 659 12
578 661 8
579 516 -4
579 521 4
579 526 12
579 530 8
579 531 4
579 532 4
579 533 4
579 543 4
579 643 8
579 644 16
579 651 8
579 652 4
579 653 4
579 656 4
579 658 4
580 518 4
580 522 4
580 527 12
580 531 4
580 534 8
580 535 4
580 536 4
580 544 4
580 643 8
580 645 16
580 651 8
580 653 4
580 654 8
580 657 8
580 658 4
580 659 12
580 661 8
581 518 -4
581 523 4
581 528 12
581 532 4
581 534 8
581 535 4
581 537 4
581 545 4
581 643 8
581 645 16
581 651 8
581 653 -4
581 654 8
581 657 8
581 658 4
581 659 12
581 661 8
582 520 4
582 521 -4
582 529 12
582 530 8
582 533 4
582 536 4
582 537 4
582 546 4
582 643 8
582 644 16
582 651 8
582 652 4
582 653 -4
582 656 4
582 658 4
583 531 8
583 533 8
583 537 8
583 538 8
583 547 4
583 644 16
583 645 8
583 656 -8
583 657 -4
583 660 12
584 522 -4
584 523 -4
584 532 8
584 535 8
584 536 8
584 538 8
584 548 4
584 644 8
584 645 16
584 656 4
584 658 4
584 661 8
585 515 8
585 516 -4
585 517 4
585 518 -4
585 519 4
585 520 -4
585 539 8
585 541 8
585 549 12
585 642 12
586 516 4
586 520 -4
586 542 12
586 543 4
586 544 4
586 545 4
586 546 4
586 550 8
586 643 8
586 646 16
586 652 -4
586 662 40
586 664 8
586 665 12
587 516 -4
587 517 4
587 519 -4
587 520 4
587 543 8
587 546 8
587 547 8
587 548 4
587 551 8
587 644 8
587 646 16
587 652 -4
588 517 -4
588 519 4
588 544 8
588 545 8
588 547 4
588 548 8
588 552 8
588 645 8
588 646 16
588 654 -8
588 664 8
588 665 12
589 516 4
589 520 -4
589 522 4
589 523 4
589 550 8
589 551 8
589 552 8
589 563 12
589 646 16
589 647 40
589 651 8
589 656 -4
589 666 12
590 515 8
590 517 8
590 518 4
590 519 8
590 521 -4
590 553 12
590 554 4
590 555 4
590 556 4
590 564 8
590 648 16
590 667 24
591 516 4
591 520 -4
591 522 4
591 523 4
591 554 8
591 556 -8
591 565 8
591 657 4
591 658 -4
591 666 12
592 517 4
592 519 4
592 524 12
592 555 8
592 557 4
592 566 8
592 648 8
592 667 12
593 558 16
593 559 4
593 560 4
593 567 4
593 649 24
593 659 -4
593 663 16
593 665 -8
593 666 -8
594 516 -4
594 522 -4
594 559 12
594 561 8
594 562 4
594 568 4
594 649 8
594 650 16
594 659 -4
594 663 8
594 665 -4
594 666 -4
595 520 4
595 523 -4
595 560 12
595 561 8
595 562 4
595 569 4
595 649 8
595 650 16
595 659 -4
595 663 8
595 665 -4
595 666 -4
596 562 8
596 570 4
596 650 8
596 660 -4
596 666 4
597 516 4
597 520 -4
597 563 4
597 571 16
597 647 24
597 655 12
597 662 16
598 515 8
598 517 8
598 518 -4
598 519 8
598 522 4
598 523 -4
598 524 12
598 564 8
598 566 8
598 572 12
598 573 4
598 648 16
599 517 4
599 519 -4
599 522 4
599 523 4
599 567 12
599 568 4
599 569 4
599 574 -8
599 649 24
599 657 4
599 661 -4
599 663 -24
599 664 -8
600 516 -4
600 517 -4
600 519 4
600 520 4
600 522 -4
600 523 -4
600 568 8
600 569 8
600 570 12
600 574 8
600 650 24
600 658 4
600 661 -4
601 525 12
601 530 8
601 534 8
601 540 4
601 550 4
601 643 4
601 651 8
601 668 80
601 669 8
601 670 8
601 671 12
602 526 8
602 529 8
602 531 4
602 535 4
602 537 4
602 540 -4
602 551 4
602 644 4
602 651 8
603 527 8
603 528 8
603 532 4
603 533 4
603 536 4
603 552 4
603 645 4
603 651 8
603 670 8
603 671 12
604 525 8
604 526 4
604 529 4
604 530 8
604 542 -4
604 543 -4
604 546 -4
604 652 12
604 669 16
604 673 8
605 526 4
605 527 4
605 530 -4
605 531 4
605 533 4
605 534 -4
605 547 -4
605 652 4
605 653 8
605 669 -8
605 672 4
605 674 -12
606 527 4
606 528 4
606 532 4
606 534 8
606 536 4
606 544 -4
606 545 -4
606 548 -4
606 652 4
606 654 16
606 669 8
606 673 12
607 528 4
607 529 4
607 530 -4
607 533 4
607 534 -4
607 537 4
607 547 -4
607 652 4
607 653 -8
607 669 -8
607 672 -4
607 674 12
608 531 4
608 532 -4
608 535 8
608 536 -4
608 537 4
608 547 -4
608 654 8
608 673 -4
609 525 8
609 526 4
609 527 4
609 528 4
609 529 4
609 563 4
609 651 8
609 655 20
609 675 12
610 525 8
610 526 8
610 529 8
610 530 4
610 531 -4
610 535 4
610 537 -4
610 550 -4
610 551 -4
610 652 8
610 656 8
610 676 8
611 526 4
611 527 4
611 528 -4
611 529 -4
611 531 4
611 537 -4
611 653 8
612 527 4
612 528 4
612 532 4
612 536 4
612 538 -4
612 552 -4
612 654 8
612 656 4
612 676 4
613 525 8
613 527 8
613 528 8
613 531 -4
613 534 8
613 537 -4
613 554 4
613 556 -4
613 567 4
613 657 12
613 670 16
613 673 8
613 675 36
613 676 16
614 526 4
614 528 4
614 530 4
614 532 8
614 534 4
614 535 4
614 538 -4
614 554 -4
614 557 4
614 568 4
614 657 4
614 658 8
614 670 8
614 673 4
614 676 8
615 527 4
615 529 4
615 530 4
615 534 4
615 535 4
615 536 8
615 538 -4
615 556 4
615 557 -4
615 569 4
615 657 4
615 658 8
615 670 8
615 673 4
615 676 8
616 531 4
616 537 4
616 570 4
616 658 4
616 676 -8
617 525 4
617 527 4
617 528 4
617 534 4
617 558 -4
617 559 -4
617 560 -4
617 561 -4
617 659 16
617 671 24
617 675 24
618 531 4
618 537 4
618 562 -8
618 659 4
618 660 12
618 675 -12
619 525 4
619 571 4
619 655 12
619 668 16
620 525 8
620 526 4
620 529 4
620 530 8
620 531 -4
620 532 4
620 533 -8
620 536 4
620 537 -4
620 563 -4
620 656 12
620 669 16
621 525 8
621 527 8
621 528 8
621 532 4
621 533 -4
621 534 12
621 536 4
621 565 4
621 574 -4
621 657 8
621 661 8
621 671 24
621 673 8
622 526 4
622 527 4
622 528 4
622 529 4
622 532 4
622 535 12
622 536 4
622 538 4
622 565 -4
622 574 4
622 658 8
622 661 8
623 525 8
623 527 8
623 528 8
623 532 4
623 534 8
623 535 8
623 536 4
623 567 -4
623 568 -4
623 569 -4
623 659 12
623 661 12
623 670 16
624 526 4
624 529 4
624 530 -8
624 531 4
624 537 4
624 538 8
624 570 -12
624 660 12
624 661 4
624 670 -8
625 542 8
625 543 4
625 544 4
625 545 4
625 546 4
625 563 8
625 646 4
625 651 4
625 662 20
625 669 -4
625 677 12
626 540 4
626 550 4
626 571 12
626 647 4
626 662 8
626 668 16
627 539 8
627 541 8
627 553 8
627 554 -4
627 555 4
627 556 -4
627 572 8
627 573 -4
627 648 4
628 558 12
628 561 8
628 649 4
628 663 8
628 671 -4
628 677 -8
629 540 -4
629 559 8
629 560 8
629 562 4
629 574 4
629 650 4
629 663 8
629 671 -4
630 542 4
630 571 8
630 655 4
630 662 8
631 542 8
631 543 4
631 546 4
631 547 -8
631 548 4
631 550 -8
631 656 4
631 669 -8
632 542 8
632 544 8
632 545 8
632 547 -4
632 554 4
632 556 -4
632 657 4
632 664 8
632 673 -4
632 677 24
633 543 4
633 544 4
633 545 4
633 546 4
633 548 4
633 554 -4
633 556 4
633 574 8
633 658 4
633 664 8
633 673 -4
634 542 4
634 544 4
634 545 4
634 558 -8
634 559 -4
634 560 -4
634 561 -8
634 659 4
634 665 12
634 677 16
635 547 4
635 559 -4
635 560 -4
635 561 8
635 562 -8
635 660 4
635 665 4
635 677 -8
636 542 8
636 544 8
636 545 8
636 548 8
636 567 -8
636 568 -4
636 569 -4
636 661 4
636 664 8
636 665 12
636 673 -4
637 558 8
637 559 4
637 560 4
637 567 -4
637 663 8
637 675 -4
638 550 8
638 552 8
638 554 4
638 556 -4
638 567 -8
638 568 -4
638 569 -4
638 570 12
638 664 8
638 666 12
638 670 8
638 676 -8
639 550 4
639 552 4
639 558 -8
639 559 -8
639 560 -8
639 561 -4
639 562 4
639 565 4
639 665 8
639 666 8
639 671 8
640 553 8
640 555 12
640 557 -4
640 564 4
640 566 4
640 667 24
641 554 -4
641 556 4
641 558 8
641 559 4
641 560 4
641 561 8
641 562 -8
641 563 -4
641 666 -12
641 675 -12
641 677 -16
642 575 8
642 577 8
642 585 4
643 576 4
643 578 12
643 579 4
643 580 4
643 581 4
643 582 4
643 586 4
643 601 4
643 678 24
643 681 40
643 682 8
643 683 8
643 684 12
644 576 -4
644 579 8
644 582 8
644 583 8
644 584 4
644 587 4
644 602 4
644 678 24
645 580 8
645 581 8
645 583 4
645 584 8
645 588 4
645 603 4
645 678 24
645 683 8
645 684 12
646 586 8
646 587 8
646 588 8
646 589 8
646 625 4
646 678 12
646 679 60
646 682 -4
646 685 12
647 576 4
647 589 4
647 597 12
647 626 4
647 679 24
647 681 8
648 575 8
648 577 8
648 590 8
648 592 8
648 598 8
648 627 4
649 593 12
649 594 4
649 595 4
649 599 4
649 628 4
649 680 24
649 684 -4
649 685 -8
650 576 -4
650 594 8
650 595 8
650 596 12
650 600 4
650 629 4
650 680 24
650 684 -4
651 578 8
651 579 4
651 580 4
651 581 4
651 582 4
651 589 4
651 601 8
651 602 8
651 603 8
651 609 12
651 625 4
651 678 12
651 681 40
651 686 12
652 578 8
652 579 4
652 582 4
652 586 -4
652 587 -4
652 604 12
652 605 4
652 606 4
652 607 4
652 610 8
652 682 16
652 688 8
653 579 4
653 580 4
653 581 -4
653 582 -4
653 605 8
653 607 -8
653 611 8
653 687 12
654 580 4
654 581 4
654 588 -4
654 606 8
654 608 4
654 612 8
654 682 8
654 688 4
655 578 4
655 597 4
655 609 4
655 619 16
655 630 4
655 681 16
656 578 8
656 579 4
656 582 4
656 583 -8
656 584 4
656 589 -4
656 610 8
656 612 8
656 620 12
656 631 4
656 682 16
657 578 8
657 580 8
657 581 8
657 583 -4
657 591 4
657 599 4
657 613 12
657 614 4
657 615 4
657 621 8
657 632 4
657 683 16
657 686 24
657 688 16
658 579 4
658 580 4
658 581 4
658 582 4
658 584 4
658 591 -4
658 600 4
658 614 8
658 615 8
658 616 12
658 622 8
658 633 4
658 683 16
659 578 4
659 580 4
659 581 4
659 593 -4
659 594 -4
659 595 -4
659 617 16
659 618 4
659 623 4
659 634 4
659 684 24
659 686 16
660 583 4
660 596 -12
660 618 12
660 624 4
660 635 4
660 684 8
660 686 -8
661 578 8
661 580 8
661 581 8
661 584 8
661 599 -4
661 600 -4
661 621 8
661 622 8
661 623 12
661 624 4
661 636 4
661 683 16
661 684 24
662 586 4
662 597 8
662 625 4
662 626 8
662 630 12
662 679 12
662 681 8
663 593 8
663 594 4
663 595 4
663 599 -4
663 628 8
663 629 8
663 637 12
663 680 12
663 686 -4
664 586 8
664 588 8
664 599 -8
664 632 8
664 633 8
664 636 8
664 638 8
664 683 8
664 685 24
664 688 -8
665 586 4
665 588 4
665 593 -8
665 594 -4
665 595 -4
665 634 12
665 635 4
665 636 4
665 639 8
665 684 8
665 685 16
666 589 4
666 591 4
666 593 -8
666 594 -4
666 595 -4
666 596 12
666 638 4
666 639 8
666 641 -12
666 685 16
666 686 8
667 590 4
667 592 4
667 640 8
668 601 4
668 619 8
668 626 4
668 681 4
669 601 8
669 604 8
669 605 -4
669 606 4
669 607 -4
669 620 8
669 625 -4
669 631 -4
669 682 4
670 601 8
670 603 8
670 613 8
670 614 4
670 615 4
670 623 8
670 624 -4
670 638 4
670 683 4
670 686 12
671 601 4
671 603 4
671 617 12
671 621 4
671 628 -4
671 629 -4
671 639 4
671 684 4
671 686 8
672 605 4
672 607 -4
672 687 12
673 604 8
673 606 12
673 608 -4
673 613 8
673 614 4
673 615 4
673 621 8
673 632 -4
673 633 -4
673 636 -4
673 688 16
674 605 -4
674 607 4
674 687 -12
675 609 4
675 613 4
675 617 8
675 618 -4
675 637 -4
675 641 -4
675 686 8
676 610 4
676 612 4
676 613 8
676 614 4
676 615 4
676 616 -12
676 638 -4
676 688 8
677 625 4
677 628 -8
677 632 4
677 634 8
677 635 -4
677 641 -8
677 685 4
677 686 4
678 643 8
678 644 8
678 645 8
678 646 4
678 651 4
678 689 80
678 690 12
679 646 4
679 647 8
679 662 4
679 689 16
680 649 8
680 650 8
680 663 4
680 690 -4
681 643 4
681 647 4
681 651 4
681 655 12
681 662 4
681 668 8
681 689 24
682 643 8
682 646 -4
682 652 8
682 654 8
682 656 8
682 669 4
683 643 8
683 645 8
683 657 8
683 658 8
683 661 8
683 664 4
683 670 4
683 690 36
684 643 4
684 645 4
684 649 -4
684 650 -4
684 659 12
684 660 4
684 661 4
684 665 4
684 671 4
684 690 24
685 646 4
685 649 -8
685 664 4
685 665 8
685 666 8
685 677 4
685 690 12
686 651 4
686 657 4
686 659 8
686 660 -4
686 663 -4
686 666 4
686 670 4
686 671 8
686 675 12
686 677 4
686 690 12
687 653 4
687 672 4
687 674 -12
688 652 4
688 654 4
688 657 8
688 664 -4
688 673 8
688 676 8
689 678 4
689 679 4
689 681 4
690 678 4
690 680 -4
690 683 4
690 684 8
690 685 4
690 686 4
691 696 8
691 703 8
691 710 8
692 697 4
692 698 -4
692 702 28
692 705 -12
692 709 20
693 696 8
693 703 8
693 710 8
694 699 4
694 700 -4
694 704 12
694 706 -12
694 708 20
695 696 4
695 703 4
695 710 4
696 691 8
696 693 8
696 695 8
697 692 4
697 711 8
697 715 56
697 716 8
697 717 8
697 718 12
697 721 20
697 722 8
698 692 -4
698 711 8
699 694 4
699 711 8
699 717 8
699 720 24
699 721 20
699 722 8
700 694 -4
700 711 8
700 717 8
700 718 12
701 711 4
701 712 28
701 716 -4
701 724 20
701 725 12
702 692 4
702 712 8
702 715 8
703 691 8
703 693 8
703 695 8
704 694 4
704 713 8
704 718 -4
704 723 40
704 725 -8
704 726 8
705 692 -4
705 713 8
705 718 -4
706 694 -4
706 713 8
706 720 -8
706 726 8
707 713 12
707 714 20
707 717 4
707 722 -4
707 726 -12
708 694 4
708 714 8
708 721 4
708 723 24
708 724 8
709 692 4
709 714 8
709 721 4
710 691 4
710 693 4
710 695 4
711 697 8
711 698 8
711 699 8
711 700 8
711 701 4
711 727 56
711 729 20
711 730 12
712 701 4
712 702 8
712 727 8
713 704 8
713 705 8
713 706 8
713 707 4
713 728 40
713 730 -4
714 707 4
714 708 8
714 709 8
714 728 24
714 729 4
715 697 4
715 702 4
715 727 4
716 697 8
716 701 -4
717 697 8
717 699 8
717 700 8
717 707 4
717 729 20
717 732 24
718 697 4
718 700 4
718 704 -4
718 705 -4
718 730 8
718 732 8
720 699 4
720 706 -4
720 730 4
720 732 4
721 697 4
721 699 4
721 708 4
721 709 4
721 729 8
722 697 8
722 699 8
722 707 -4
722 730 12
723 704 4
723 708 4
723 728 4
724 701 4
724 708 8
724 729 4
725 701 4
725 704 -8
725 730 4
726 704 8
726 706 8
726 707 -4
726 732 -8
727 711 4
727 712 4
727 715 4
728 713 4
728 714 4
728 723 4
729 711 4
729 714 4
729 717 4
729 721 8
729 724 4
730 711 4
730 713 -4
730 718 8
730 720 8
730 722 4
730 725 4
732 717 4
732 718 4
732 720 4
732 726 -4
734 734 0
