1 2 36
1 3 64
1 4 84
1 5 96
1 6 100
2 1 20
2 7 64
2 8 56
2 9 72
2 10 80
3 1 40
3 7 4
3 8 28
3 11 96
3 12 60
3 13 64
4 1 40
4 8 8
4 9 24
4 12 40
4 14 96
5 1 40
5 9 12
5 10 20
5 11 16
5 13 64
5 14 36
6 1 20
6 10 16
6 12 24
7 2 18
7 15 84
7 16 48
7 17 60
7 18 64
8 2 36
8 3 16
8 4 6
8 15 12
8 16 48
8 19 80
8 20 48
9 2 36
9 4 14
9 5 8
9 16 16
9 17 40
9 20 32
9 21 108
10 2 36
10 5 12
10 6 20
10 17 24
10 18 64
10 19 16
10 20 24
11 3 32
11 5 8
11 16 4
11 19 20
11 22 96
11 23 36
12 3 32
12 4 28
12 6 40
12 17 4
12 19 16
12 20 16
12 23 96
13 3 16
13 5 24
13 18 4
13 20 12
13 22 48
14 4 28
14 5 12
14 20 8
14 21 36
14 23 16
15 7 16
15 24 96
15 25 40
15 26 48
16 7 32
16 8 14
16 9 6
16 24 24
16 25 60
16 27 64
16 28 36
17 7 32
17 9 12
17 10 8
17 25 24
17 26 48
17 28 48
18 7 16
18 10 10
18 26 36
18 27 16
19 8 28
19 10 8
19 11 12
19 12 6
19 25 12
19 27 32
19 29 72
20 8 28
20 9 24
20 10 20
20 12 10
20 13 16
20 14 12
20 26 12
20 27 32
20 28 48
20 29 48
21 9 12
21 14 8
21 28 16
22 11 24
22 13 16
22 27 4
22 29 12
22 30 160
23 11 12
23 12 20
23 14 8
23 28 4
23 29 24
24 15 14
24 31 100
24 32 32
24 33 36
25 15 28
25 16 12
25 17 6
25 31 40
25 32 64
25 34 48
26 15 28
26 17 10
26 18 16
26 32 32
26 33 96
26 34 16
27 16 24
27 18 16
27 19 10
27 20 6
27 32 24
27 34 36
27 35 96
28 16 12
28 17 20
28 20 8
28 21 18
28 33 24
28 34 48
29 19 20
29 20 8
29 22 8
29 23 12
29 34 12
29 35 64
30 22 8
30 35 4
31 24 12
31 36 96
31 37 24
32 24 24
32 25 10
32 26 6
32 36 60
32 37 60
32 38 48
33 24 12
33 26 8
33 37 40
34 25 20
34 26 8
34 27 8
34 28 12
34 37 40
34 38 96
35 27 8
35 29 6
35 38 24
36 31 10
36 39 84
36 40 16
37 31 20
37 32 8
37 33 12
37 39 84
37 40 96
38 32 8
38 34 6
38 40 60
39 36 8
39 41 64
40 36 8
40 37 6
40 41 112
41 39 6
41 42 180
43 47 32
43 51 4
43 52 48
43 56 60
43 60 28
43 61 64
43 64 48
43 65 60
44 47 4
44 48 28
44 52 16
44 53 40
44 55 4
44 56 12
44 57 48
44 60 28
44 61 16
44 62 48
44 64 24
44 65 20
44 66 40
45 48 8
45 49 24
45 53 16
45 54 32
45 56 12
45 57 12
45 58 36
45 59 4
45 60 -28
45 62 16
46 49 12
46 50 20
46 53 8
46 54 16
46 57 12
46 58 -12
46 61 16
46 62 -16
46 63 4
46 64 -24
46 66 -20
47 43 12
47 44 -2
47 45 4
47 67 56
47 70 4
47 71 40
47 75 48
47 78 24
47 79 48
47 82 40
48 43 4
48 44 10
48 46 4
48 67 8
48 68 48
48 71 16
48 72 32
48 74 4
48 75 12
48 76 36
48 78 24
48 79 16
48 80 32
48 82 20
49 44 4
49 45 8
49 46 2
49 68 16
49 69 40
49 72 16
49 73 24
49 75 12
49 76 12
49 77 4
49 78 -24
50 45 4
50 46 2
50 69 24
50 72 8
50 79 16
50 80 -16
50 81 4
50 82 -20
51 43 4
51 70 32
51 83 56
51 84 56
51 85 72
51 86 72
51 87 80
51 88 80
52 43 24
52 46 4
52 67 4
52 71 24
52 83 4
52 89 64
52 92 36
52 95 20
52 96 32
53 43 4
53 44 20
53 46 4
53 68 4
53 71 4
53 72 20
53 89 32
53 90 48
53 91 4
53 92 12
53 93 24
53 95 20
53 96 16
54 44 4
54 45 16
54 46 -4
54 69 4
54 72 8
54 73 16
54 90 32
54 92 12
54 94 4
54 95 -20
55 44 4
55 70 4
55 74 28
55 84 -28
55 91 48
55 97 60
55 98 60
55 99 64
56 43 20
56 71 8
56 75 20
56 85 4
56 92 24
56 100 48
56 102 16
57 43 4
57 44 16
57 46 -4
57 72 8
57 75 4
57 76 16
57 92 16
57 93 16
57 97 4
57 100 24
57 102 16
58 44 4
58 45 8
58 46 -8
58 73 8
58 76 8
58 93 8
58 100 24
58 101 4
58 102 -16
59 45 4
59 74 8
59 77 24
59 83 8
59 86 -24
59 94 40
59 98 -40
59 101 48
60 78 24
60 84 4
60 95 40
60 102 48
61 43 16
61 46 -4
61 75 12
61 79 16
61 87 4
61 89 16
61 96 16
61 102 12
62 43 4
62 44 12
62 45 -4
62 46 -4
62 76 12
62 79 4
62 80 12
62 90 16
62 96 16
62 99 4
62 102 12
63 46 4
63 77 12
63 81 20
63 85 12
63 88 -20
63 91 16
63 99 -32
63 101 -36
64 43 8
64 44 -4
64 78 8
64 82 20
64 86 4
64 96 32
64 100 36
65 43 12
65 45 -4
65 79 16
65 82 12
65 88 4
65 92 24
65 95 8
66 43 4
66 44 4
66 45 -4
66 80 16
66 82 4
66 93 24
66 95 16
66 98 4
67 47 10
67 48 -2
67 49 4
67 103 72
67 106 4
67 107 32
67 110 36
67 113 20
67 114 32
68 47 4
68 48 8
68 50 4
68 103 12
68 104 60
68 107 16
68 108 24
68 109 4
68 110 12
68 111 24
68 113 20
68 114 16
69 48 4
69 49 6
69 50 -2
69 104 24
69 105 48
69 108 16
69 110 12
69 112 4
69 113 -20
70 47 4
70 51 16
70 106 56
70 115 48
70 116 48
70 117 60
70 118 60
70 119 64
71 47 20
71 50 4
71 52 8
71 53 -2
71 54 4
71 56 6
71 103 12
71 107 40
71 115 4
71 120 48
71 123 24
71 125 16
72 47 4
72 48 16
72 52 4
72 53 6
72 57 6
72 104 12
72 107 8
72 108 32
72 120 32
72 121 32
72 122 4
72 123 12
72 125 16
73 48 4
73 49 8
73 50 -8
73 53 4
73 58 6
73 105 12
73 108 16
73 121 16
73 123 12
73 124 4
73 125 -16
74 48 4
74 55 14
74 59 4
74 106 8
74 109 48
74 116 -24
74 122 40
74 126 48
74 127 48
75 47 16
75 50 -4
75 56 6
75 57 -2
75 58 4
75 61 8
75 107 16
75 110 32
75 117 4
75 123 16
75 128 24
76 47 4
76 48 12
76 49 -4
76 50 -4
76 56 4
76 57 4
76 58 -4
76 62 8
76 108 16
76 110 8
76 111 24
76 123 16
76 126 4
76 128 24
77 49 4
77 59 12
77 63 6
77 109 16
77 112 40
77 115 8
77 118 -20
77 124 32
77 127 -32
78 60 14
78 64 -4
78 113 40
78 116 4
78 125 32
78 128 36
79 47 12
79 49 -4
79 61 4
79 62 -2
79 65 10
79 110 24
79 114 24
79 119 4
79 120 16
79 125 8
80 47 4
80 48 4
80 49 -4
80 61 4
80 62 -2
80 66 10
80 111 24
80 114 8
80 121 16
80 125 16
80 127 4
81 50 4
81 63 10
81 112 24
81 117 12
81 119 -16
81 122 16
81 124 -24
81 126 -24
82 47 8
82 48 -4
82 64 12
82 65 2
82 66 -6
82 113 16
82 114 32
82 118 4
82 123 24
83 51 28
83 52 4
83 59 2
83 106 4
83 115 24
83 129 80
83 130 40
83 131 48
83 132 48
84 51 8
84 55 -2
84 60 4
84 116 24
84 130 40
84 133 48
85 51 24
85 56 4
85 63 2
85 115 8
85 117 20
85 131 32
85 133 32
85 134 72
86 51 12
86 59 -2
86 64 4
86 116 8
86 118 20
86 132 32
86 134 36
87 51 20
87 61 4
87 117 12
87 119 16
87 129 16
87 132 24
87 133 24
88 51 16
88 63 -2
88 65 4
88 118 12
88 119 16
88 130 16
88 131 24
89 52 16
89 61 8
89 107 4
89 120 16
89 129 4
89 135 48
89 137 12
90 52 4
90 53 12
90 54 -4
90 62 8
90 108 4
90 120 4
90 121 12
90 135 48
90 136 4
90 137 12
91 53 4
91 55 24
91 63 8
91 109 4
91 115 4
91 122 20
91 130 -20
91 136 64
91 138 36
92 52 12
92 54 -4
92 56 12
92 58 -4
92 65 20
92 110 4
92 120 16
92 123 12
92 131 4
92 137 16
93 52 4
93 53 4
93 54 -4
93 56 4
93 57 4
93 58 -4
93 66 20
93 111 4
93 121 16
93 123 4
93 137 32
93 138 4
94 54 4
94 59 20
94 112 4
94 122 8
94 124 16
94 129 16
94 132 -16
94 138 -24
95 60 28
95 113 4
95 125 16
95 130 4
95 137 48
96 52 8
96 53 -4
96 61 8
96 62 -4
96 64 24
96 114 4
96 123 12
96 125 8
96 132 4
96 135 48
97 55 20
97 57 4
97 117 4
97 122 8
97 126 16
97 133 -16
97 138 24
98 55 12
98 59 -8
98 66 4
98 118 4
98 127 16
98 130 -8
98 138 24
99 55 16
99 62 4
99 63 -8
99 119 4
99 126 12
99 127 12
99 133 -12
99 136 16
100 56 8
100 57 -4
100 64 12
100 123 8
100 128 8
100 134 4
101 58 4
101 59 16
101 63 -12
101 124 8
101 126 8
101 131 8
101 134 -24
101 138 -16
102 60 28
102 125 8
102 128 24
102 133 4
102 137 16
103 67 8
103 68 -2
103 69 4
103 139 80
103 141 4
103 142 24
103 145 24
103 147 16
104 67 4
104 68 6
104 139 16
104 140 64
104 142 16
104 143 16
104 144 4
104 145 12
104 147 16
105 68 4
105 140 32
105 143 8
105 145 12
105 146 4
105 147 -16
106 67 4
106 70 14
106 141 72
106 148 40
106 149 40
106 150 48
106 151 48
107 67 16
107 71 6
107 72 -2
107 73 4
107 75 6
107 139 24
107 142 48
107 148 4
107 152 32
107 154 12
108 67 4
108 68 12
108 69 -4
108 71 4
108 72 4
108 73 -4
108 76 6
108 140 24
108 142 12
108 143 36
108 152 32
108 153 4
108 154 12
109 68 4
109 74 12
109 77 4
109 141 12
109 144 60
109 149 -20
109 153 32
109 155 36
110 67 12
110 69 -4
110 75 4
110 76 -2
110 79 8
110 142 24
110 145 36
110 150 4
110 154 8
111 67 4
111 68 4
111 69 -4
111 75 4
111 76 -2
111 80 8
111 143 24
111 145 12
111 154 16
111 155 4
112 69 4
112 77 10
112 81 6
112 144 24
112 146 48
112 148 8
112 151 -16
112 155 -24
113 78 12
113 82 -4
113 147 48
113 149 4
113 154 24
114 67 8
114 68 -4
114 79 2
114 80 -6
114 82 10
114 145 36
114 147 24
114 151 4
114 152 16
115 70 24
115 71 4
115 77 2
115 83 12
115 85 6
115 141 12
115 148 40
115 156 64
115 157 32
115 158 36
116 70 8
116 74 -2
116 78 4
116 84 14
116 86 4
116 149 40
116 157 32
116 159 36
117 70 20
117 75 4
117 81 2
117 85 10
117 87 8
117 148 16
117 150 32
117 158 24
117 159 48
118 70 12
118 77 -2
118 82 4
118 86 12
118 88 6
118 149 16
118 151 32
118 158 24
119 70 16
119 79 4
119 81 -2
119 87 8
119 88 10
119 150 24
119 151 24
119 156 16
119 157 16
120 71 12
120 73 -4
120 79 8
120 89 4
120 90 -2
120 92 6
120 142 12
120 152 24
120 156 4
120 160 24
121 71 4
121 72 4
121 73 -4
121 80 8
121 89 4
121 90 -2
121 93 6
121 143 12
121 152 8
121 160 48
121 161 4
122 72 4
122 74 20
122 81 8
122 91 10
122 94 4
122 97 6
122 144 12
122 148 8
122 153 32
122 157 -16
122 161 48
123 71 8
123 72 -4
123 75 8
123 76 -4
123 82 20
123 92 2
123 93 -6
123 96 8
123 100 12
123 145 12
123 152 32
123 154 16
123 158 4
124 73 4
124 77 16
124 81 -12
124 94 8
124 101 6
124 146 12
124 153 16
124 156 16
124 158 -12
124 161 -32
125 78 24
125 95 10
125 96 -4
125 102 6
125 147 12
125 154 24
125 157 4
125 160 48
126 74 16
126 76 4
126 81 -8
126 97 8
126 99 8
126 101 4
126 150 8
126 153 16
126 155 24
126 159 -24
127 74 12
127 77 -8
127 80 4
127 98 10
127 99 6
127 151 8
127 155 24
127 157 -8
127 161 16
128 78 12
128 100 -4
128 102 8
128 154 16
128 159 4
129 83 20
129 87 8
129 89 4
129 94 2
129 148 4
129 156 16
129 162 72
129 163 24
130 83 8
130 84 28
130 88 8
130 91 -2
130 95 4
130 98 -2
130 149 4
130 157 16
130 163 48
131 83 16
131 85 16
131 88 20
131 92 4
131 101 2
131 150 4
131 156 16
131 158 12
131 163 32
132 83 12
132 86 24
132 87 12
132 94 -2
132 96 4
132 151 4
132 157 8
132 158 12
132 162 48
133 84 28
133 85 8
133 87 8
133 97 -2
133 99 -2
133 102 4
133 157 8
133 159 24
133 163 16
134 85 12
134 86 12
134 100 4
134 101 -2
134 158 8
134 159 8
135 89 8
135 90 -4
135 96 8
135 152 4
135 160 8
135 162 4
136 90 4
136 91 16
136 99 8
136 153 4
136 156 4
136 161 12
136 163 -12
137 95 20
137 102 8
137 154 4
137 160 24
137 163 4
138 91 12
138 93 4
138 94 -8
138 97 12
138 98 20
138 101 -8
138 155 4
138 158 4
138 161 16
138 163 -16
139 103 6
139 104 -2
139 105 4
139 164 80
139 166 4
139 167 16
139 169 12
140 103 4
140 104 4
140 105 -4
140 164 20
140 165 60
140 167 16
140 168 4
140 169 12
141 103 4
141 106 12
141 166 80
141 170 32
141 171 32
141 172 36
142 103 12
142 105 -4
142 107 4
142 108 -2
142 110 6
142 164 40
142 167 48
142 170 4
142 173 16
143 103 4
143 104 4
143 105 -4
143 107 4
143 108 -2
143 111 6
143 165 40
143 167 16
143 173 32
143 174 4
144 104 4
144 109 10
144 112 4
144 166 16
144 168 64
144 171 -16
144 174 24
145 103 8
145 104 -4
145 110 2
145 111 -6
145 114 8
145 167 32
145 169 32
145 172 4
146 105 4
146 112 8
146 168 32
146 170 8
146 172 -12
146 174 -16
147 113 10
147 114 -4
147 169 48
147 171 4
147 173 16
148 106 20
148 107 4
148 112 2
148 115 10
148 117 6
148 166 24
148 170 48
148 175 48
148 176 24
149 106 8
149 109 -2
149 113 4
149 116 12
149 118 4
149 171 48
149 176 24
150 106 16
150 110 4
150 117 8
150 119 8
150 170 24
150 172 36
150 176 16
151 106 12
151 112 -2
151 114 4
151 118 10
151 119 6
151 171 24
151 172 36
151 175 16
152 107 8
152 108 -4
152 114 8
152 120 2
152 121 -6
152 123 6
152 167 24
152 173 24
152 175 4
153 108 4
153 109 16
153 122 8
153 124 4
153 126 6
153 168 24
153 170 12
153 174 36
153 176 -12
154 113 20
154 123 -4
154 125 8
154 128 12
154 169 24
154 173 48
154 176 4
155 109 12
155 111 4
155 112 -8
155 126 6
155 127 8
155 172 12
155 174 24
155 176 -8
156 115 16
156 119 8
156 120 4
156 124 2
156 129 8
156 131 6
156 170 12
156 175 24
156 177 48
157 115 8
157 116 24
157 119 8
157 122 -2
157 125 4
157 127 -2
157 130 10
157 132 4
157 133 6
157 171 12
157 176 24
157 177 48
158 115 12
158 117 12
158 118 20
158 123 4
158 124 -2
158 131 6
158 132 8
158 134 12
158 172 12
158 175 32
158 176 16
159 116 12
159 117 8
159 126 -2
159 128 4
159 133 8
159 134 4
159 176 16
160 125 8
160 135 -4
160 137 6
160 173 12
160 177 4
161 121 4
161 122 12
161 124 -8
161 127 8
161 136 6
161 138 6
161 174 12
161 175 8
161 177 -24
162 129 12
162 132 8
162 135 4
162 175 4
162 177 8
163 129 8
163 130 20
163 131 8
163 133 8
163 136 -2
163 137 4
163 138 -2
163 176 4
163 177 24
164 139 4
164 140 -2
164 178 72
164 179 4
164 180 8
165 139 4
165 140 -2
165 178 24
165 180 16
165 181 4
166 139 4
166 141 10
166 179 80
166 182 24
166 183 24
167 139 8
167 140 -4
167 142 2
167 143 -6
167 145 6
167 178 60
167 180 40
167 182 4
168 140 4
168 144 8
168 146 4
168 179 20
168 181 60
168 183 -12
169 145 -4
169 147 8
169 180 40
169 183 4
170 141 16
170 142 4
170 146 2
170 148 8
170 150 6
170 179 40
170 182 48
170 184 32
171 141 8
171 144 -2
171 147 4
171 149 10
171 151 4
171 183 48
171 184 16
172 141 12
172 145 4
172 146 -2
172 150 6
172 151 8
172 182 32
172 183 32
173 147 8
173 152 -4
173 154 6
173 180 40
173 184 4
174 143 4
174 144 12
174 146 -8
174 153 6
174 155 6
174 181 40
174 182 16
174 184 -16
175 148 12
175 151 8
175 152 4
175 156 6
175 158 6
175 182 24
175 184 24
176 148 8
176 149 20
176 150 8
176 153 -2
176 154 4
176 155 -2
176 157 8
176 158 4
176 159 12
176 183 24
176 184 48
177 156 8
177 157 8
177 160 4
177 161 -2
177 162 4
177 163 6
177 184 12
178 164 2
178 165 -6
178 185 56
178 186 4
179 164 4
179 166 8
179 186 72
179 187 16
180 167 -4
180 169 6
180 185 84
180 187 4
181 165 4
181 168 6
181 186 24
181 187 -8
182 166 12
182 167 4
182 170 6
182 172 6
182 186 60
182 187 40
183 166 8
183 168 -2
183 169 4
183 171 8
183 172 4
183 187 40
184 170 8
184 171 8
184 173 4
184 174 -2
184 175 4
184 176 6
184 187 40
185 178 -4
185 188 4
186 178 4
186 179 6
186 188 56
187 179 8
187 180 4
187 181 -2
187 182 4
187 183 6
187 188 84
188 185 4
188 186 4
189 211 24
189 225 4
189 235 32
189 251 36
189 261 4
189 264 12
189 265 32
189 275 20
190 211 4
190 212 20
190 225 4
190 226 -4
190 235 8
190 236 24
190 244 12
190 251 6
190 252 24
190 256 4
190 257 -2
190 262 2
190 264 6
190 265 8
190 266 16
190 268 6
190 269 -2
190 272 8
190 275 10
190 276 6
190 277 -2
190 278 4
191 211 4
191 213 20
191 226 4
191 227 4
191 237 24
191 244 -4
191 253 24
191 257 2
191 258 -2
191 261 8
191 267 32
191 269 2
191 270 -2
191 272 8
191 274 4
191 278 8
192 211 4
192 214 20
192 225 -4
192 227 4
192 235 8
192 238 24
192 244 -4
192 251 6
192 254 24
192 256 -4
192 258 2
192 261 8
192 262 2
192 264 -6
192 265 8
192 266 -16
192 268 -6
192 270 2
192 272 8
192 274 8
192 275 10
192 276 -6
192 277 2
192 278 4
193 212 8
193 215 16
193 225 4
193 228 -4
193 236 8
193 239 16
193 244 8
193 251 6
193 252 6
193 254 -12
193 256 14
193 259 -2
193 261 -4
193 262 2
193 263 2
193 266 8
193 268 8
193 270 -2
193 272 -4
193 273 4
193 274 -2
193 275 -10
193 276 4
193 278 8
193 279 2
194 212 4
194 213 4
194 216 16
194 226 4
194 228 -4
194 229 4
194 235 8
194 237 8
194 240 16
194 253 6
194 255 12
194 256 4
194 257 4
194 260 -2
194 261 4
194 262 2
194 264 -6
194 267 16
194 269 4
194 271 -6
194 272 4
194 273 4
194 274 2
194 275 10
194 276 2
194 277 -2
194 278 4
194 279 8
195 212 4
195 214 4
195 217 16
195 226 -4
195 227 4
195 229 -4
195 236 8
195 238 8
195 241 16
195 245 -4
195 246 12
195 252 6
195 254 6
195 255 -12
195 257 -4
195 258 4
195 262 8
195 269 -6
195 270 6
195 273 8
195 275 -20
195 277 -4
195 278 8
195 279 4
196 213 8
196 218 16
196 228 4
196 230 4
196 242 32
196 253 12
196 256 -4
196 261 8
196 262 -4
196 272 16
196 276 -4
196 278 16
196 279 -4
197 213 4
197 214 4
197 219 16
197 227 -4
197 229 4
197 230 4
197 235 8
197 237 8
197 243 16
197 253 6
197 255 12
197 256 -4
197 258 -4
197 260 2
197 261 4
197 262 10
197 264 6
197 267 16
197 270 -4
197 271 6
197 272 4
197 273 4
197 274 -2
197 275 10
197 276 -2
197 277 -6
197 278 4
197 279 8
198 214 8
198 220 16
198 225 -4
198 230 4
198 238 8
198 239 -16
198 244 -8
198 251 6
198 252 -12
198 254 6
198 256 -6
198 259 2
198 261 -4
198 262 2
198 263 2
198 266 -8
198 268 -8
198 269 2
198 272 4
198 273 4
198 274 2
198 275 -10
198 276 -12
198 278 8
198 279 2
199 215 12
199 220 -12
199 225 4
199 231 -4
199 236 8
199 238 -8
199 239 8
199 244 8
199 252 6
199 254 -6
199 256 12
199 257 -2
199 258 -2
199 268 12
199 274 -4
199 276 4
199 278 -8
200 215 4
200 216 8
200 221 12
200 226 4
200 231 -4
200 232 4
200 236 8
200 240 8
200 241 -8
200 245 8
200 247 -12
200 251 6
200 253 6
200 255 6
200 257 12
200 260 -2
200 261 -4
200 263 2
200 264 -6
200 266 -8
200 268 2
200 269 2
200 270 -2
200 273 8
200 274 -2
200 276 -2
200 277 2
200 279 -6
200 280 4
201 215 4
201 217 8
201 222 12
201 227 4
201 228 -4
201 232 -4
201 239 8
201 241 8
201 243 -8
201 246 8
201 247 -4
201 255 -6
201 258 14
201 259 -4
201 262 -4
201 263 10
201 264 -6
201 265 -8
201 267 -16
201 268 -2
201 270 -2
201 272 4
201 276 2
201 277 2
201 279 2
201 280 4
202 216 8
202 218 4
202 223 12
202 228 4
202 231 -4
202 233 4
202 237 8
202 242 16
202 243 8
202 247 4
202 251 6
202 253 6
202 257 -6
202 259 4
202 260 -2
202 261 4
202 262 4
202 263 -4
202 265 8
202 268 2
202 269 2
202 271 -6
202 272 4
202 273 4
202 274 -2
202 276 -4
202 278 4
202 279 12
202 280 -4
203 216 4
203 217 4
203 219 4
203 224 12
203 232 -4
203 233 4
203 236 8
203 238 8
203 240 8
203 243 8
203 248 4
203 255 12
203 257 -4
203 258 4
203 262 8
203 263 4
203 271 -12
203 273 8
203 279 4
203 280 16
204 217 8
204 220 4
204 221 -12
204 226 -4
204 230 4
204 233 -4
204 239 -8
204 240 -8
204 241 8
204 245 -8
204 249 12
204 255 -6
204 257 -6
204 259 4
204 262 -4
204 263 2
204 264 6
204 265 -8
204 267 -16
204 268 2
204 269 -6
204 272 4
204 273 8
204 276 -2
204 277 -2
204 279 2
204 280 4
205 218 12
205 231 4
205 237 8
205 257 -2
205 258 2
205 261 4
205 268 -4
205 269 -2
205 270 2
205 272 8
205 273 -4
205 278 12
206 218 4
206 219 8
206 223 12
206 230 -4
206 231 4
206 232 4
206 237 8
206 240 8
206 242 16
206 249 4
206 251 6
206 253 6
206 258 -2
206 259 -4
206 260 2
206 261 4
206 262 4
206 263 -4
206 265 8
206 268 -2
206 269 -8
206 270 -2
206 271 6
206 272 4
206 273 12
206 274 2
206 276 4
206 278 4
206 279 4
206 280 -4
207 219 8
207 220 4
207 222 -12
207 227 -4
207 231 4
207 233 4
207 238 8
207 241 -8
207 243 8
207 246 -8
207 249 4
207 251 6
207 253 6
207 255 6
207 258 -4
207 260 2
207 261 -4
207 263 10
207 264 6
207 266 8
207 268 -2
207 269 2
207 270 -10
207 273 8
207 274 2
207 276 2
207 277 -2
207 279 2
207 280 4
208 221 8
208 222 -8
208 223 8
208 228 4
208 230 -4
208 234 12
208 240 8
208 243 8
208 247 8
208 249 -8
208 252 6
208 253 12
208 254 6
208 259 -4
208 261 -4
208 263 12
208 269 -2
208 270 2
208 280 8
209 221 4
209 222 4
209 229 4
209 232 -4
209 233 -4
209 234 12
209 239 8
209 248 8
209 250 -8
209 252 -6
209 254 6
209 259 -4
209 260 4
209 269 2
209 270 2
209 274 -4
209 276 -4
209 280 -8
210 223 4
210 224 8
210 232 4
210 233 -4
210 240 8
210 243 8
210 250 4
210 252 6
210 254 6
210 260 -4
210 262 4
210 263 4
210 269 -2
210 270 2
210 273 4
210 280 4
211 189 8
211 190 -2
211 191 -2
211 192 -2
211 193 2
211 198 2
211 281 40
211 290 4
211 297 24
211 307 24
211 314 4
211 316 12
211 317 16
212 189 2
212 190 6
212 194 -2
212 195 -2
212 196 2
212 199 2
212 204 2
212 281 8
212 282 32
212 290 4
212 291 -4
212 297 8
212 298 16
212 302 12
212 307 6
212 308 12
212 310 4
212 311 -2
212 315 2
212 316 6
212 317 8
212 318 6
212 319 -2
212 320 8
213 191 6
213 193 2
213 194 -2
213 197 -2
213 198 2
213 200 2
213 207 2
213 281 8
213 283 32
213 291 4
213 292 4
213 299 16
213 302 -4
213 309 24
213 311 2
213 312 -2
213 314 8
213 320 8
213 322 4
214 189 2
214 192 6
214 195 -2
214 196 2
214 197 -2
214 199 -2
214 201 2
214 281 8
214 284 32
214 290 -4
214 292 4
214 297 8
214 300 16
214 302 -4
214 307 6
214 308 -12
214 310 -4
214 312 2
214 314 8
214 315 2
214 316 -6
214 317 8
214 318 -6
214 319 2
214 320 8
214 322 8
215 190 2
215 193 4
215 198 -2
215 199 2
215 200 -2
215 201 -2
215 202 2
215 208 -2
215 282 16
215 285 24
215 290 4
215 293 -4
215 298 8
215 300 -8
215 302 8
215 307 6
215 308 6
215 310 14
215 312 -2
215 314 -4
215 315 2
215 317 -8
215 318 2
215 321 4
215 322 -2
216 191 2
216 194 4
216 199 2
216 203 -2
216 205 4
216 209 -2
216 282 8
216 283 8
216 286 24
216 291 4
216 293 -4
216 294 4
216 297 8
216 299 8
216 301 8
216 309 12
216 310 4
216 311 4
216 313 -6
216 314 4
216 315 2
216 316 -6
216 317 8
216 319 -2
216 320 4
216 321 8
216 322 2
217 190 2
217 192 2
217 195 4
217 200 -2
217 202 2
217 203 -2
217 206 2
217 207 -2
217 282 8
217 284 8
217 287 24
217 291 -4
217 292 4
217 294 -4
217 298 8
217 300 8
217 301 -8
217 303 -4
217 304 12
217 311 -4
217 312 4
217 315 8
217 317 -16
217 319 -4
217 320 4
217 321 8
218 196 4
218 200 2
218 202 -2
218 205 4
218 206 -2
218 207 2
218 208 4
218 283 16
218 288 48
218 293 4
218 295 4
218 299 8
218 310 -4
218 311 -2
218 312 2
218 314 8
218 315 -4
218 318 -4
218 320 16
218 321 -4
219 191 2
219 197 4
219 199 -2
219 203 -2
219 205 4
219 209 2
219 283 8
219 284 8
219 289 24
219 292 -4
219 294 4
219 295 4
219 297 8
219 299 8
219 301 8
219 309 12
219 310 -4
219 312 -4
219 313 6
219 314 4
219 315 10
219 316 6
219 317 8
219 319 -6
219 320 4
219 321 8
219 322 -2
220 192 2
220 193 -2
220 198 4
220 199 -2
220 204 -2
220 206 2
220 207 -2
220 208 -2
220 284 16
220 285 -24
220 290 -4
220 295 4
220 298 -8
220 300 8
220 302 -8
220 307 6
220 308 -6
220 310 -6
220 311 2
220 314 -4
220 315 2
220 317 -8
220 318 -10
220 320 8
220 321 4
220 322 2
221 194 2
221 195 -2
221 198 -2
221 200 2
221 204 -2
221 206 2
221 208 -2
221 209 -2
221 210 -4
221 285 8
221 286 16
221 287 -16
221 291 4
221 295 -4
221 296 4
221 298 8
221 301 8
221 303 8
221 305 -12
221 307 6
221 308 -6
221 309 12
221 311 6
221 314 -4
221 315 4
221 316 -6
221 321 -4
222 193 2
222 195 2
222 197 -2
222 201 2
222 202 -2
222 207 -2
222 208 2
222 209 -2
222 210 4
222 285 8
222 287 16
222 289 -16
222 292 4
222 293 -4
222 296 -4
222 300 -8
222 301 -8
222 304 8
222 305 -4
222 307 -6
222 308 -6
222 309 -12
222 312 6
222 314 4
222 315 -4
222 316 -6
222 321 -4
223 196 4
223 201 -2
223 202 2
223 204 -2
223 206 2
223 210 -4
223 286 16
223 288 16
223 289 16
223 293 4
223 295 -4
223 296 4
223 299 16
223 305 4
223 307 12
223 311 -6
223 312 -2
223 314 4
223 315 4
223 320 4
223 321 8
224 194 2
224 197 2
224 200 -2
224 202 2
224 203 -2
224 206 2
224 207 -2
224 286 8
224 287 8
224 289 8
224 298 8
224 300 8
224 301 16
224 306 4
224 311 -4
224 312 4
224 313 -12
224 315 12
224 321 4
225 189 4
225 190 2
225 192 -2
225 193 2
225 198 -2
225 199 2
225 290 24
225 323 32
225 331 36
225 335 4
225 337 4
225 339 32
225 341 4
225 343 4
225 344 20
226 189 2
226 190 -2
226 191 4
226 192 2
226 194 4
226 195 -2
226 196 -2
226 200 2
226 204 -2
226 290 4
226 291 20
226 323 8
226 324 24
226 328 12
226 331 6
226 332 24
226 335 4
226 336 2
226 337 2
226 338 36
226 339 8
226 340 16
226 341 8
226 342 2
226 343 8
226 344 10
227 189 -2
227 190 -2
227 191 4
227 192 2
227 195 2
227 196 2
227 197 -4
227 201 2
227 207 -2
227 290 4
227 292 20
227 323 8
227 325 24
227 328 4
227 331 6
227 333 24
227 335 4
227 336 2
227 337 10
227 338 36
227 339 8
227 340 16
227 341 8
227 342 2
227 343 8
227 344 10
228 191 2
228 193 -2
228 194 -2
228 195 2
228 196 4
228 200 2
228 201 -2
228 202 2
228 205 -4
228 208 2
228 291 8
228 293 16
228 324 8
228 326 16
228 328 8
228 331 6
228 332 6
228 333 12
228 335 14
228 340 8
228 341 6
228 343 4
228 344 10
229 190 -2
229 192 2
229 193 -2
229 194 4
229 195 -4
229 197 4
229 198 2
229 202 2
229 206 -2
229 209 2
229 291 4
229 292 4
229 294 16
229 323 8
229 324 8
229 325 8
229 327 16
229 329 8
229 332 6
229 333 6
229 334 36
229 335 4
229 336 8
229 337 8
229 340 16
229 342 12
229 343 4
229 344 20
230 191 -2
230 195 -2
230 196 4
230 197 2
230 198 2
230 204 2
230 205 4
230 206 -2
230 207 -2
230 208 -2
230 292 8
230 295 16
230 325 8
230 326 16
230 328 8
230 331 6
230 332 12
230 333 6
230 335 6
230 340 8
230 341 6
230 343 12
230 344 10
231 199 -2
231 200 -2
231 201 2
231 202 -2
231 204 -2
231 205 8
231 206 2
231 207 2
231 293 12
231 295 12
231 324 8
231 325 8
231 326 8
231 328 8
231 332 6
231 333 6
231 335 12
231 336 -4
231 337 4
231 339 16
231 341 12
231 342 -4
232 193 -2
232 197 2
232 199 -2
232 200 4
232 201 -4
232 202 -2
232 203 -2
232 204 2
232 206 4
232 208 2
232 209 -2
232 210 4
232 293 4
232 294 8
232 296 12
232 324 8
232 326 8
232 327 16
232 329 8
232 330 -4
232 331 6
232 333 12
232 334 18
232 336 12
232 339 8
232 340 8
232 341 2
232 342 -2
233 194 -2
233 198 2
233 199 -2
233 201 -2
233 202 4
233 203 2
233 204 -4
233 206 2
233 207 4
233 208 -2
233 209 -2
233 210 -4
233 294 8
233 295 4
233 296 12
233 325 8
233 326 8
233 327 16
233 329 8
233 330 4
233 331 6
233 332 12
233 334 18
233 336 4
233 339 8
233 340 8
233 341 2
233 342 6
234 200 -2
234 207 2
234 208 4
234 209 2
234 296 8
234 327 8
234 330 8
234 332 6
234 333 6
234 337 -4
235 189 16
235 281 4
235 297 16
235 323 4
235 345 32
235 352 12
235 355 4
235 357 12
236 189 2
236 190 12
236 198 -2
236 199 4
236 200 -2
236 205 4
236 282 4
236 297 4
236 298 12
236 323 4
236 324 -4
236 345 16
236 346 16
236 348 12
236 352 6
236 353 4
236 354 -2
236 356 2
236 357 6
236 359 12
237 191 12
237 201 -2
237 204 -2
237 205 8
237 283 4
237 297 4
237 299 12
237 324 4
237 325 4
237 347 32
237 348 -4
237 355 8
237 358 -4
237 359 8
238 189 2
238 192 12
238 193 -2
238 199 -4
238 205 4
238 207 -2
238 284 4
238 297 4
238 300 12
238 323 -4
238 325 4
238 345 16
238 346 -16
238 348 -4
238 352 6
238 353 -4
238 354 2
238 355 8
238 356 2
238 357 -6
238 358 -8
238 359 12
239 190 2
239 192 -2
239 193 8
239 198 -8
239 202 -2
239 206 2
239 285 4
239 298 8
239 300 -8
239 323 4
239 326 -4
239 346 16
239 348 8
239 353 8
239 359 -8
240 191 2
240 194 8
240 195 -2
240 196 2
240 198 -2
240 200 -2
240 203 -2
240 204 -4
240 206 4
240 286 4
240 298 4
240 299 4
240 301 8
240 324 4
240 326 -4
240 327 4
240 345 16
240 347 32
240 352 6
240 353 4
240 354 -2
240 355 4
240 356 6
240 357 -6
240 358 -4
240 359 4
241 190 2
241 192 2
241 194 -2
241 195 8
241 197 -2
241 200 -4
241 202 2
241 206 2
241 207 -4
241 287 4
241 298 4
241 300 4
241 301 -8
241 324 -4
241 325 4
241 327 -4
241 349 -4
241 350 12
241 352 -12
241 354 -4
241 355 4
241 356 8
242 196 8
242 201 -2
242 204 -2
242 288 4
242 299 8
242 326 4
242 353 -4
242 355 4
242 356 -4
242 359 8
243 191 2
243 193 -2
243 195 -2
243 196 2
243 197 8
243 201 -4
243 202 4
243 203 -2
243 207 -2
243 289 4
243 299 4
243 300 4
243 301 8
243 325 -4
243 326 4
243 327 4
243 345 16
243 347 32
243 352 6
243 353 -4
243 354 -6
243 355 4
243 356 14
243 357 6
243 358 4
243 359 4
244 190 10
244 191 -4
244 192 -2
244 193 8
244 194 -2
244 197 2
244 198 -8
244 199 8
244 290 4
244 302 20
244 328 -4
244 348 24
244 360 24
244 362 4
244 364 4
244 366 16
244 367 4
245 189 2
245 191 2
245 193 -2
245 194 2
245 195 -2
245 196 -2
245 197 2
245 198 2
245 200 8
245 203 2
245 204 -8
245 205 -4
245 291 4
245 302 4
245 303 16
245 328 -4
245 329 4
245 348 8
245 349 16
245 360 6
245 361 12
245 362 4
245 363 2
245 364 2
245 365 30
245 366 8
245 367 8
246 189 -2
246 191 -2
246 193 -2
246 194 -2
246 195 10
246 196 2
246 197 -2
246 198 2
246 201 8
246 203 -2
246 205 4
246 207 -8
246 292 4
246 302 4
246 304 16
246 328 -4
246 329 -4
246 348 8
246 350 16
246 360 6
246 361 12
246 362 4
246 363 2
246 364 10
246 365 30
246 366 8
246 367 8
247 191 2
247 193 -2
247 194 2
247 199 -2
247 200 -10
247 201 -2
247 202 4
247 203 2
247 204 2
247 205 -4
247 206 -2
247 208 10
247 209 2
247 293 4
247 303 8
247 305 12
247 328 -4
247 330 4
247 349 8
247 350 8
247 360 6
247 361 6
247 362 14
247 363 -2
247 366 8
248 190 -2
248 192 2
248 194 -2
248 197 2
248 199 -4
248 200 -2
248 201 -2
248 203 4
248 204 2
248 207 2
248 209 8
248 294 4
248 303 4
248 304 4
248 306 12
248 329 -8
248 330 4
248 348 8
248 349 8
248 350 8
248 351 24
248 361 12
248 362 4
248 363 8
248 364 8
248 366 16
249 191 -2
249 197 -2
249 198 2
249 199 -2
249 201 -2
249 202 2
249 203 -2
249 204 10
249 205 4
249 206 4
249 207 2
249 208 -10
249 209 2
249 295 4
249 304 8
249 305 12
249 328 -4
249 330 -4
249 349 8
249 350 8
249 360 6
249 361 6
249 362 6
249 363 -2
249 366 8
249 367 8
250 193 -2
250 194 -2
250 197 2
250 198 2
250 200 -4
250 201 -2
250 202 -2
250 204 2
250 206 2
250 207 4
250 209 -12
250 210 8
250 296 4
250 305 4
250 306 16
250 329 -4
250 330 -8
250 349 8
250 350 8
250 351 24
250 360 12
250 361 12
250 363 4
250 364 -4
250 367 4
251 189 12
251 193 -2
251 198 -2
251 297 8
251 307 12
251 331 4
251 352 8
251 369 4
251 370 12
252 189 2
252 190 8
252 192 -2
252 194 -2
252 196 2
252 198 -4
252 298 8
252 307 4
252 308 8
252 331 4
252 332 -4
252 352 8
252 360 12
252 368 -2
252 369 4
252 370 6
253 191 8
253 193 -2
253 195 -4
253 196 4
253 198 -2
253 299 8
253 307 4
253 309 16
253 332 4
253 333 4
253 360 -4
253 368 -4
253 369 8
254 189 2
254 190 -2
254 192 8
254 193 -4
254 196 2
254 197 -2
254 300 8
254 307 4
254 308 -8
254 331 -4
254 333 4
254 352 8
254 360 -4
254 368 -6
254 369 12
254 370 -6
255 190 -2
255 191 4
255 192 -2
255 194 2
255 195 -4
255 197 2
255 301 8
255 309 8
255 332 4
255 333 -4
255 334 12
255 352 16
255 361 -4
255 369 4
256 190 6
256 192 -6
256 193 14
256 196 -4
256 198 -6
256 199 12
256 200 -2
256 202 -2
256 206 2
256 207 2
256 302 8
256 310 16
256 323 8
256 335 -4
256 353 16
256 368 12
256 371 4
257 189 2
257 191 2
257 193 2
257 194 6
257 195 -6
257 196 -2
257 199 -4
257 200 10
257 202 -8
257 204 -6
257 205 -4
257 206 2
257 207 2
257 208 -2
257 209 -2
257 210 4
257 303 8
257 310 4
257 311 12
257 324 8
257 335 -4
257 336 4
257 353 8
257 354 8
257 362 -12
257 368 6
257 371 2
257 372 24
258 189 -2
258 191 -2
258 195 6
258 196 2
258 197 -6
258 198 -2
258 199 -4
258 200 -2
258 201 14
258 202 -2
258 205 4
258 207 -2
258 208 2
258 209 -2
258 210 -4
258 304 8
258 310 4
258 312 12
258 325 8
258 335 -4
258 336 -4
258 353 8
258 354 8
258 362 -4
258 368 6
258 371 10
258 372 24
259 193 -2
259 194 2
259 197 -2
259 198 2
259 201 -6
259 202 6
259 204 6
259 206 -6
259 208 -4
259 209 -4
259 305 8
259 311 8
259 312 8
259 326 8
259 335 -4
259 354 8
259 362 -8
259 368 12
259 371 -4
260 190 -2
260 192 2
260 193 -2
260 194 -4
260 197 4
260 198 2
260 200 -2
260 202 -2
260 206 2
260 207 2
260 209 4
260 210 -8
260 306 8
260 311 4
260 312 4
260 313 24
260 327 8
260 336 -8
260 353 8
260 354 16
260 363 -8
260 368 12
260 371 4
261 189 -4
261 190 -6
261 192 2
261 193 2
261 194 -2
261 195 4
261 197 -2
261 198 2
261 314 20
261 328 4
261 337 4
261 355 24
261 369 24
261 373 32
262 189 4
262 190 -4
262 191 4
262 192 -4
262 193 -2
262 194 -4
262 197 4
262 198 -2
262 200 -2
262 201 2
262 204 2
262 207 -2
262 314 4
262 315 16
262 329 4
262 355 16
262 356 16
262 364 4
262 369 12
262 373 32
263 190 2
263 192 2
263 193 -4
263 194 2
263 195 -4
263 197 2
263 198 -4
263 200 -6
263 201 6
263 204 -2
263 207 2
263 315 8
263 330 4
263 356 8
263 369 12
263 371 4
263 373 -32
264 189 4
264 316 24
264 338 -24
264 357 40
264 365 -40
264 370 48
264 372 -48
265 189 8
265 190 -2
265 192 -2
265 307 12
265 317 8
265 339 4
265 345 16
265 372 -12
265 373 8
266 190 4
266 192 -4
266 308 12
266 339 4
266 340 -4
266 346 16
266 366 8
266 372 -12
266 373 -8
267 190 -2
267 191 4
267 192 -2
267 309 12
267 317 4
267 340 4
267 347 16
267 366 -4
267 373 4
268 190 6
268 192 -6
268 193 10
268 198 -10
268 199 12
268 201 -2
268 202 2
268 204 2
268 205 -8
268 206 -2
268 310 12
268 318 12
268 331 12
268 341 -4
268 348 16
268 358 8
268 371 -4
269 189 2
269 194 6
269 195 -6
269 196 -2
269 198 2
269 199 2
269 200 4
269 202 2
269 204 -8
269 206 -8
269 207 -2
269 208 -2
269 209 2
269 311 12
269 318 4
269 319 8
269 332 12
269 341 -4
269 342 4
269 349 16
269 358 8
269 367 -12
269 370 -18
269 371 2
270 189 -2
270 193 -2
270 195 6
270 196 2
270 197 -6
270 199 2
270 200 2
270 206 -2
270 207 -12
270 208 2
270 209 2
270 312 12
270 318 4
270 319 8
270 333 12
270 341 -4
270 342 -4
270 350 16
270 358 8
270 367 -4
270 370 -18
270 371 -6
271 190 -2
271 192 2
271 194 -2
271 197 2
271 200 2
271 201 2
271 203 -4
271 204 -2
271 207 -2
271 209 4
271 313 12
271 319 4
271 334 12
271 342 -4
271 351 16
271 358 8
271 371 -4
272 190 -2
272 191 8
272 192 -2
272 193 -4
272 194 -6
272 196 16
272 197 -6
272 198 4
272 201 4
272 202 -6
272 204 4
272 205 16
272 206 -6
272 314 8
272 320 16
272 335 4
272 343 4
272 359 32
272 369 12
273 189 4
273 191 4
273 193 -4
273 194 4
273 195 -4
273 196 4
273 197 4
273 198 -4
273 200 -4
273 202 4
273 203 -12
273 204 8
273 206 12
273 207 -4
273 208 -8
273 210 -8
273 315 8
273 320 4
273 321 12
273 336 4
273 359 32
273 367 4
273 369 12
274 190 -4
274 191 4
274 192 12
274 193 -8
274 198 8
274 199 -8
274 316 12
274 322 20
274 337 4
274 344 -20
274 358 -32
274 366 -32
274 368 -36
275 317 16
275 344 4
275 352 24
275 365 -12
276 190 6
276 192 -6
276 193 4
276 194 2
276 196 -4
276 197 -2
276 198 -12
276 199 8
276 200 2
276 201 2
276 204 -2
276 207 -2
276 318 16
276 322 -8
276 339 16
276 343 -4
276 353 24
276 360 24
277 190 -2
277 192 2
277 193 4
277 194 2
277 195 -4
277 197 -10
277 198 -4
277 199 4
277 200 6
277 201 6
277 204 -6
277 207 -6
277 319 16
277 322 -8
277 340 16
277 343 -4
277 354 24
277 357 -24
277 361 24
277 364 -8
278 191 4
278 193 -2
278 196 8
278 198 -2
278 199 -4
278 200 -4
278 202 -2
278 205 12
278 206 -2
278 207 -4
278 208 -4
278 320 12
278 341 4
278 355 8
279 189 4
279 190 -2
279 191 4
279 192 -2
279 194 2
279 196 4
279 197 2
279 200 -10
279 201 -2
279 202 8
279 204 -2
279 205 8
279 207 -2
279 208 -8
279 210 -8
279 320 4
279 321 12
279 342 4
279 355 16
279 356 8
279 362 4
280 190 2
280 192 2
280 193 -2
280 194 2
280 195 -4
280 197 2
280 198 -2
280 200 -2
280 201 2
280 202 2
280 204 2
280 206 2
280 207 -2
280 209 -4
280 210 -4
280 321 4
280 356 16
280 363 4
281 211 6
281 212 -2
281 213 -2
281 214 -2
281 215 2
281 220 2
281 374 48
281 379 4
281 384 16
281 391 12
281 394 4
281 396 12
282 211 2
282 212 4
282 216 -2
282 217 -2
282 218 2
282 220 -2
282 221 -2
282 374 12
282 375 36
282 379 4
282 380 -4
282 384 8
282 385 8
282 387 12
282 391 6
282 392 4
282 393 -2
282 395 2
282 396 6
282 398 12
283 213 4
283 215 2
283 216 -2
283 219 -2
283 220 2
283 221 2
283 222 -2
283 374 12
283 376 36
283 380 4
283 381 4
283 386 16
283 387 -4
283 394 8
283 397 -4
283 398 8
284 211 2
284 214 4
284 215 -2
284 217 -2
284 218 2
284 219 -2
284 222 2
284 374 12
284 377 36
284 379 -4
284 381 4
284 384 8
284 385 -8
284 387 -4
284 391 6
284 392 -4
284 393 2
284 394 8
284 395 2
284 396 -6
284 397 -8
284 398 12
285 212 2
285 214 -2
285 215 2
285 220 -2
285 221 -2
285 222 -2
285 375 24
285 377 -24
285 379 4
285 382 -4
285 385 8
285 387 8
285 392 8
285 398 -8
286 213 2
286 216 2
286 217 -2
286 218 2
286 220 -2
286 221 -2
286 224 -4
286 375 12
286 376 12
286 378 24
286 380 4
286 382 -4
286 383 4
286 384 8
286 386 16
286 391 6
286 392 4
286 393 -2
286 394 4
286 395 6
286 396 -6
286 397 -4
286 398 4
287 212 2
287 214 2
287 216 -2
287 217 2
287 219 -2
287 223 4
287 224 -2
287 375 12
287 377 12
287 378 -24
287 380 -4
287 381 4
287 383 -4
287 388 -4
287 389 12
287 391 -12
287 393 -4
287 394 4
287 395 8
288 218 2
288 221 2
288 222 -2
288 223 -2
288 376 24
288 382 4
288 392 -4
288 394 4
288 395 -4
288 398 8
289 213 2
289 215 -2
289 217 -2
289 218 2
289 219 2
289 222 2
289 224 -4
289 376 12
289 377 12
289 378 24
289 381 -4
289 382 4
289 383 4
289 384 8
289 386 16
289 391 6
289 392 -4
289 393 -6
289 394 4
289 395 14
289 396 6
289 397 4
289 398 4
290 211 4
290 212 2
290 214 -2
290 215 2
290 220 -2
290 225 8
290 226 -2
290 227 -2
290 228 2
290 230 2
290 379 40
290 399 24
290 405 24
290 407 4
290 409 4
290 411 16
290 412 4
291 211 2
291 212 -2
291 213 4
291 214 2
291 216 4
291 217 -2
291 218 -2
291 221 2
291 225 2
291 226 6
291 229 -2
291 230 2
291 231 2
291 233 2
291 379 8
291 380 32
291 399 8
291 400 16
291 403 12
291 405 6
291 406 12
291 407 4
291 408 2
291 409 2
291 410 30
291 411 8
291 412 8
292 211 -2
292 212 -2
292 213 4
292 214 2
292 217 2
292 218 2
292 219 -4
292 222 2
292 225 2
292 227 6
292 228 2
292 229 -2
292 231 2
292 232 2
292 379 8
292 381 32
292 399 8
292 401 16
292 403 4
292 405 6
292 406 12
292 407 4
292 408 2
292 409 10
292 410 30
292 411 8
292 412 8
293 213 2
293 215 -2
293 216 -2
293 217 2
293 218 2
293 221 2
293 222 -2
293 223 2
293 226 2
293 228 4
293 230 2
293 231 2
293 232 -2
293 233 2
293 234 6
293 380 16
293 382 24
293 400 8
293 401 8
293 403 8
293 405 6
293 406 6
293 407 14
293 408 -2
293 411 8
294 212 -2
294 214 2
294 215 -2
294 216 4
294 217 -4
294 219 4
294 220 2
294 226 2
294 227 2
294 229 4
294 231 4
294 232 2
294 233 2
294 380 8
294 381 8
294 383 24
294 399 8
294 400 8
294 401 8
294 402 24
294 404 8
294 406 12
294 407 4
294 408 8
294 409 8
294 411 16
295 213 -2
295 217 -2
295 218 6
295 219 2
295 220 2
295 221 -2
295 222 2
295 223 -2
295 227 2
295 228 2
295 230 4
295 231 2
295 232 2
295 233 -2
295 234 6
295 381 16
295 382 24
295 400 8
295 401 8
295 403 8
295 405 6
295 406 6
295 407 6
295 408 -2
295 411 8
295 412 8
296 215 -2
296 216 -2
296 219 2
296 220 2
296 221 2
296 222 -6
296 223 4
296 228 2
296 229 4
296 230 2
296 232 4
296 233 4
296 382 8
296 383 32
296 400 8
296 401 8
296 402 24
296 404 8
296 405 12
296 406 12
296 408 4
296 409 -4
296 412 4
297 211 12
297 215 -2
297 220 -2
297 235 4
297 236 -2
297 237 -2
297 238 -2
297 251 6
297 374 12
297 384 24
297 399 4
297 413 16
297 417 4
297 418 12
298 211 2
298 212 8
298 214 -2
298 216 -2
298 218 2
298 220 -4
298 235 2
298 236 2
298 238 -2
298 240 -4
298 241 -2
298 242 4
298 252 6
298 375 12
298 384 8
298 385 16
298 399 4
298 400 -4
298 413 16
298 414 12
298 416 -2
298 417 4
298 418 6
299 213 8
299 215 -2
299 217 -4
299 218 4
299 220 -2
299 237 2
299 240 -2
299 241 -4
299 243 -2
299 253 6
299 376 12
299 384 8
299 386 32
299 400 4
299 401 4
299 414 -4
299 416 -4
299 417 8
300 211 2
300 212 -2
300 214 8
300 215 -4
300 218 2
300 219 -2
300 235 2
300 236 -2
300 238 2
300 241 -2
300 242 4
300 243 -4
300 254 6
300 377 12
300 384 8
300 385 -16
300 399 -4
300 401 4
300 413 16
300 414 -4
300 416 -6
300 417 12
300 418 -6
301 212 -2
301 213 4
301 214 -2
301 216 2
301 217 -4
301 219 2
301 236 -2
301 237 4
301 238 -2
301 240 -2
301 243 -2
301 255 6
301 378 12
301 386 16
301 400 4
301 401 -4
301 402 12
301 413 32
301 415 -4
301 417 4
302 212 10
302 213 -4
302 214 -2
302 215 8
302 216 -2
302 219 2
302 220 -8
302 244 6
302 245 -2
302 246 -2
302 247 2
302 249 2
302 256 4
302 379 8
302 387 32
302 403 -4
302 414 16
302 419 12
302 420 4
302 421 4
303 211 2
303 213 2
303 215 -2
303 216 2
303 217 -2
303 218 -4
303 219 2
303 220 2
303 221 8
303 224 2
303 244 2
303 245 4
303 248 -2
303 249 4
303 250 2
303 257 4
303 380 8
303 387 8
303 388 24
303 403 -4
303 404 4
303 414 8
303 415 8
303 419 6
303 420 4
303 421 2
303 422 24
304 211 -2
304 213 -2
304 215 -2
304 216 -2
304 217 10
304 218 4
304 219 -2
304 220 2
304 222 8
304 224 -2
304 244 2
304 246 4
304 247 4
304 248 -2
304 250 2
304 258 4
304 381 8
304 387 8
304 389 24
304 403 -4
304 404 -4
304 414 8
304 415 8
304 419 6
304 420 4
304 421 10
304 422 24
305 215 -2
305 216 2
305 219 -2
305 220 2
305 221 -12
305 222 -4
305 223 4
305 245 2
305 246 2
305 247 2
305 249 2
305 250 2
305 259 4
305 382 8
305 388 16
305 389 16
305 403 -4
305 415 8
305 419 12
305 420 8
305 421 -4
306 212 -2
306 214 2
306 215 -2
306 216 -4
306 219 4
306 220 2
306 221 -4
306 222 -4
306 224 4
306 245 2
306 246 2
306 247 2
306 248 6
306 249 2
306 260 4
306 383 8
306 388 8
306 389 8
306 390 48
306 404 -8
306 414 8
306 415 16
306 419 12
306 420 4
306 421 4
307 211 8
307 212 -2
307 214 -2
307 251 2
307 252 -4
307 253 -2
307 254 -4
307 265 8
307 384 16
307 391 16
307 405 4
307 423 -12
307 424 8
308 212 4
308 214 -4
308 266 8
308 385 16
308 405 4
308 406 -4
308 419 8
308 423 -12
308 424 -8
309 212 -2
309 213 4
309 214 -2
309 252 -2
309 254 -2
309 255 -2
309 267 8
309 386 16
309 391 8
309 406 4
309 419 -4
309 424 4
310 212 6
310 214 -6
310 215 14
310 218 -4
310 220 -6
310 221 -2
310 222 -2
310 256 4
310 257 -2
310 258 -2
310 259 4
310 268 6
310 387 16
310 392 24
310 399 8
310 407 -4
310 416 8
311 211 2
311 216 6
311 217 -6
311 218 -2
311 220 2
311 221 4
311 223 -6
311 256 2
311 257 2
311 258 2
311 259 2
311 269 6
311 388 16
311 392 8
311 393 16
311 400 8
311 407 -4
311 408 4
311 416 8
311 420 -12
311 423 18
312 211 -2
312 215 -2
312 217 6
312 218 2
312 219 -6
312 222 4
312 223 -2
312 256 2
312 257 2
312 258 2
312 259 2
312 270 6
312 389 16
312 392 8
312 393 16
312 401 8
312 407 -4
312 408 -4
312 416 8
312 420 -4
312 423 18
313 212 -2
313 214 2
313 216 -2
313 219 2
313 221 2
313 222 2
313 224 -4
313 257 2
313 258 2
313 271 6
313 390 16
313 393 8
313 402 8
313 408 -4
313 416 8
314 211 -4
314 212 -6
314 214 2
314 215 2
314 216 -2
314 217 4
314 219 -2
314 220 2
314 261 6
314 262 -2
314 263 4
314 272 -4
314 394 32
314 403 4
314 409 4
314 417 16
314 424 24
315 211 4
315 212 -4
315 213 4
315 214 -4
315 215 -4
315 216 -4
315 219 4
315 220 -4
315 221 -4
315 222 4
315 261 4
315 262 4
315 263 -4
315 273 -4
315 394 8
315 395 24
315 404 4
315 417 16
315 421 4
315 424 24
316 211 4
316 264 12
316 274 -2
316 396 40
316 410 -20
316 418 32
316 422 -32
316 423 -36
317 265 -4
317 267 -4
317 275 10
317 391 24
317 411 4
317 413 16
317 422 -12
318 212 6
318 214 -6
318 215 4
318 216 2
318 218 -4
318 219 -2
318 220 -12
318 221 2
318 222 2
318 268 2
318 276 8
318 392 24
318 397 16
318 405 12
318 412 -4
318 414 16
319 212 -2
319 214 2
319 215 4
319 216 2
319 217 -4
319 219 -10
319 220 -4
319 221 6
319 222 6
319 268 4
319 269 2
319 270 2
319 271 -6
319 277 8
319 393 24
319 397 16
319 406 12
319 412 -4
319 415 16
319 418 -24
319 421 -8
320 212 -2
320 213 8
320 214 -2
320 215 -6
320 216 -6
320 218 16
320 219 -6
320 220 2
320 221 -4
320 222 4
320 223 -8
320 272 4
320 273 -2
320 278 4
320 279 -6
320 394 16
320 398 48
320 407 4
320 412 4
320 417 8
321 211 4
321 212 -2
321 213 4
321 214 -2
321 215 -2
321 216 2
321 217 -4
321 218 4
321 219 2
321 220 -2
321 221 -12
321 222 4
321 223 4
321 224 -12
321 272 4
321 273 -2
321 279 2
321 280 -12
321 395 16
321 398 16
321 408 4
321 417 16
321 420 4
322 212 -4
322 213 4
322 214 12
322 215 -8
322 220 8
322 274 10
322 276 -4
322 277 4
322 396 24
322 397 -32
322 409 4
322 411 -16
322 416 -24
322 419 -24
323 225 16
323 231 4
323 235 4
323 236 2
323 238 -2
323 239 2
323 256 2
323 379 4
323 399 16
323 425 32
323 429 12
323 430 4
323 431 4
324 225 2
324 226 12
324 230 2
324 231 6
324 232 2
324 235 2
324 236 -2
324 237 4
324 238 2
324 240 4
324 241 -2
324 242 -4
324 257 2
324 380 4
324 399 4
324 400 12
324 425 16
324 426 16
324 427 12
324 429 6
324 430 4
324 431 2
324 432 24
325 225 2
325 227 12
325 228 2
325 231 6
325 233 2
325 235 -2
325 236 -2
325 237 4
325 238 2
325 241 2
325 242 4
325 243 -4
325 258 2
325 381 4
325 399 4
325 401 12
325 425 16
325 426 16
325 427 4
325 429 6
325 430 4
325 431 10
325 432 24
326 226 2
326 227 2
326 228 8
326 230 8
326 232 2
326 233 2
326 239 -2
326 240 -2
326 242 8
326 243 2
326 259 2
326 382 4
326 400 8
326 401 8
326 426 16
326 427 8
326 429 12
326 430 8
326 431 -4
327 226 2
327 227 2
327 228 2
327 229 12
327 230 2
327 232 4
327 233 4
327 236 -2
327 238 2
327 239 -4
327 240 2
327 241 -4
327 243 6
327 260 2
327 383 4
327 400 4
327 401 4
327 402 24
327 425 16
327 426 32
327 428 8
327 429 12
327 430 4
327 431 4
328 225 4
328 226 10
328 227 2
328 228 6
328 229 -4
328 230 6
328 231 8
328 244 -2
328 247 -2
328 249 -2
328 261 4
328 403 20
328 427 24
328 433 24
328 435 16
329 225 4
329 226 4
329 227 4
329 228 -2
329 229 8
329 230 -2
329 231 -4
329 232 6
329 233 6
329 244 -4
329 245 4
329 246 -4
329 247 2
329 248 -4
329 249 2
329 250 -2
329 262 4
329 403 4
329 404 16
329 427 16
329 428 16
329 433 12
329 435 16
330 226 2
330 227 2
330 229 4
330 231 -4
330 232 -6
330 233 2
330 234 24
330 245 -2
330 246 -2
330 247 6
330 248 2
330 249 -2
330 250 -4
330 263 4
330 404 8
330 428 8
330 433 12
330 434 4
330 435 -16
331 225 12
331 228 2
331 230 2
331 251 4
331 252 2
331 254 -2
331 268 2
331 399 8
331 405 12
331 429 8
331 437 4
332 225 2
332 226 8
332 227 2
332 228 2
332 229 2
332 230 4
332 251 2
332 252 -2
332 253 2
332 254 2
332 255 4
332 269 2
332 400 8
332 405 4
332 406 8
332 429 8
332 433 12
332 436 36
332 437 -2
333 225 2
333 226 2
333 227 8
333 228 4
333 229 2
333 230 2
333 251 -2
333 252 -2
333 253 6
333 254 2
333 255 -4
333 270 2
333 401 8
333 405 4
333 406 8
333 429 8
333 433 4
333 436 36
333 437 6
334 226 2
334 227 2
334 229 4
334 252 -2
334 254 2
334 255 4
334 271 2
334 402 8
334 406 4
334 429 8
334 437 4
335 225 4
335 226 6
335 227 6
335 228 14
335 230 6
335 231 8
335 232 -4
335 233 -4
335 256 -2
335 259 -2
335 272 4
335 403 8
335 407 16
335 430 16
335 437 12
336 225 4
336 226 4
336 227 4
336 229 12
336 231 -4
336 232 8
336 234 -12
336 256 -4
336 257 4
336 258 -4
336 259 4
336 260 -4
336 273 4
336 404 8
336 407 4
336 408 12
336 430 16
336 434 -4
336 437 12
337 226 -4
337 227 4
337 261 4
337 274 -2
337 409 20
337 431 32
337 435 32
337 437 36
338 264 -2
338 410 20
338 432 32
338 436 36
339 225 8
339 226 2
339 227 2
339 265 4
339 266 2
339 276 2
339 405 12
339 411 8
339 425 16
340 225 4
340 226 6
340 227 6
340 266 -6
340 267 8
340 277 2
340 406 12
340 411 8
340 426 16
340 432 24
340 435 8
341 225 4
341 226 6
341 227 6
341 228 8
341 230 8
341 231 12
341 232 -4
341 233 -4
341 234 -12
341 268 -2
341 278 8
341 407 12
341 412 12
341 427 16
341 431 8
342 225 4
342 226 2
342 227 2
342 229 8
342 231 4
342 232 -4
342 233 4
342 234 -12
342 268 -4
342 269 6
342 270 -2
342 271 -6
342 279 4
342 408 12
342 412 4
342 428 16
342 431 16
342 434 4
343 225 4
343 226 4
343 227 4
343 228 4
343 229 -8
343 230 12
343 231 8
343 232 -4
343 233 -4
343 272 4
343 276 -2
343 277 2
343 409 8
343 412 16
343 430 24
343 433 24
344 225 8
344 274 -2
344 275 4
344 410 12
344 411 16
344 429 24
345 235 8
345 236 -2
345 238 -2
345 265 8
345 384 4
345 413 8
345 425 4
345 439 -12
345 440 8
346 236 4
346 238 -4
346 266 8
346 385 4
346 425 4
346 426 -4
346 438 8
346 439 -12
346 440 -8
347 236 -2
347 237 4
347 238 -2
347 267 8
347 386 4
347 413 4
347 426 4
347 438 -4
347 440 4
348 236 10
348 237 -4
348 238 -2
348 239 8
348 240 -2
348 243 2
348 244 12
348 247 2
348 249 2
348 268 8
348 387 4
348 399 4
348 414 12
348 427 -4
348 438 16
348 442 4
349 235 2
349 239 -4
349 240 2
349 241 -2
349 242 -4
349 243 2
349 244 2
349 245 8
349 246 2
349 247 2
349 248 2
349 249 4
349 269 8
349 388 4
349 400 4
349 414 4
349 415 8
349 427 -4
349 428 4
349 438 16
349 441 18
349 442 -2
350 235 -2
350 239 -4
350 240 -2
350 241 10
350 242 4
350 243 -2
350 244 2
350 245 2
350 246 8
350 247 4
350 248 2
350 249 2
350 270 8
350 389 4
350 401 4
350 414 4
350 415 8
350 427 -4
350 428 -4
350 438 16
350 441 18
350 442 6
351 236 -2
351 238 2
351 240 -2
351 243 2
351 245 2
351 246 2
351 248 4
351 271 8
351 390 4
351 402 4
351 415 4
351 428 -4
351 438 16
351 442 4
352 275 20
352 391 4
352 413 16
352 429 4
352 441 -12
353 236 6
353 238 -6
353 239 8
353 240 2
353 242 -8
353 243 -2
353 256 8
353 257 2
353 258 2
353 276 12
353 392 4
353 414 8
353 416 8
353 425 16
353 430 -4
354 236 -2
354 238 2
354 239 4
354 240 2
354 241 -4
354 243 -10
354 256 4
354 257 6
354 258 6
354 277 12
354 393 4
354 415 8
354 416 8
354 426 16
354 430 -4
354 439 48
354 442 -8
355 235 -4
355 236 -6
355 238 2
355 240 -2
355 241 4
355 243 -2
355 261 12
355 263 -4
355 394 4
355 417 12
355 427 4
355 431 4
355 440 32
356 235 4
356 236 -6
356 237 4
356 238 -6
356 240 -6
356 241 4
356 243 2
356 261 4
356 262 4
356 263 -4
356 395 4
356 417 4
356 428 4
356 440 64
356 442 4
357 235 4
357 264 20
357 396 4
357 418 16
357 432 -16
357 439 -48
357 441 -24
358 236 4
358 237 -4
358 238 -12
358 239 8
358 268 8
358 274 -16
358 397 4
358 416 12
358 418 -12
358 429 12
358 431 -4
358 438 32
359 236 -2
359 237 4
359 238 -2
359 239 -4
359 240 -6
359 242 8
359 243 -6
359 272 8
359 273 -4
359 398 4
359 417 8
359 430 4
360 244 8
360 245 2
360 246 2
360 252 10
360 253 -4
360 254 -2
360 276 8
360 405 4
360 414 8
360 419 8
360 433 -4
361 244 4
361 245 6
361 246 6
361 252 -2
361 254 2
361 255 -4
361 277 8
361 406 4
361 415 8
361 419 8
361 433 -4
361 441 24
362 244 4
362 245 6
362 246 6
362 247 12
362 249 4
362 250 -8
362 256 -4
362 257 -10
362 258 -2
362 259 -4
362 260 4
362 279 4
362 407 4
362 420 12
362 427 -8
362 434 4
362 442 8
363 244 4
363 245 2
363 246 2
363 248 8
363 250 -4
363 256 -4
363 257 -2
363 258 -2
363 259 4
363 260 -4
363 280 8
363 408 4
363 420 4
363 428 -8
363 442 16
364 245 -4
364 246 4
364 262 4
364 409 4
364 421 16
364 435 -16
364 442 24
365 264 -8
365 275 -4
365 410 4
365 422 16
365 441 24
366 244 8
366 266 8
366 267 -8
366 274 -8
366 411 4
366 419 12
366 422 12
366 435 -4
366 438 16
367 244 4
367 245 4
367 246 4
367 247 4
367 248 -8
367 249 12
367 250 -4
367 268 -4
367 269 -8
367 271 12
367 273 4
367 412 4
367 420 12
367 421 8
367 433 -12
367 434 -4
368 252 4
368 253 -4
368 254 -12
368 256 8
368 274 -12
368 416 8
368 419 8
368 423 12
368 429 8
368 437 -4
369 251 -4
369 252 -8
369 255 -8
369 261 8
369 262 -4
369 417 8
369 424 16
369 433 4
369 437 4
370 251 4
370 264 16
370 418 8
370 423 -12
370 436 -24
370 441 -16
371 257 -4
371 258 4
371 263 4
371 269 4
371 270 -4
371 421 8
371 431 8
371 434 4
371 437 -12
371 442 -16
372 264 -12
372 265 -4
372 422 8
372 423 12
372 432 8
372 439 16
373 265 -4
373 266 -4
373 267 -4
373 424 12
373 435 4
373 440 16
374 281 4
374 282 -2
374 283 -2
374 284 -2
374 443 48
374 446 4
374 450 8
374 454 4
374 455 12
375 281 2
375 282 2
375 284 -2
375 286 -4
375 287 -2
375 288 4
375 443 16
375 444 32
375 446 4
375 447 -4
375 450 8
375 451 12
375 453 -2
375 454 4
375 455 6
376 283 2
376 286 -2
376 287 -4
376 289 -2
376 443 16
376 445 64
376 447 4
376 448 4
376 451 -4
376 453 -4
376 454 8
377 281 2
377 282 -2
377 284 2
377 287 -2
377 288 4
377 289 -4
377 443 16
377 444 -32
377 446 -4
377 448 4
377 450 8
377 451 -4
377 453 -6
377 454 12
377 455 -6
378 282 -2
378 283 4
378 284 -2
378 286 -2
378 289 -2
378 445 32
378 447 4
378 448 -4
378 449 12
378 450 16
378 452 -4
378 454 4
379 281 4
379 282 2
379 284 -2
379 285 2
379 290 6
379 291 -2
379 292 -2
379 293 2
379 295 2
379 446 48
379 456 16
379 460 12
379 461 4
379 462 4
380 281 2
380 282 -2
380 283 4
380 284 2
380 286 4
380 287 -2
380 288 -4
380 290 2
380 291 4
380 294 -2
380 295 4
380 296 2
380 446 12
380 447 36
380 456 8
380 457 8
380 458 12
380 460 6
380 461 4
380 462 2
380 463 24
381 281 -2
381 282 -2
381 283 4
381 284 2
381 287 2
381 288 4
381 289 -4
381 290 2
381 292 4
381 293 4
381 294 -2
381 296 2
381 446 12
381 448 36
381 456 8
381 457 8
381 458 4
381 460 6
381 461 4
381 462 10
381 463 24
382 285 -2
382 286 -2
382 288 8
382 289 2
382 291 2
382 292 2
382 293 2
382 295 2
382 296 2
382 447 24
382 448 24
382 457 8
382 458 8
382 460 12
382 461 8
382 462 -4
383 282 -2
383 284 2
383 285 -4
383 286 2
383 287 -4
383 289 6
383 291 2
383 292 2
383 293 2
383 294 6
383 295 2
383 447 12
383 448 12
383 449 72
383 456 8
383 457 16
383 459 8
383 460 12
383 461 4
383 462 4
384 281 8
384 282 -2
384 284 -2
384 297 2
384 298 -4
384 299 -2
384 300 -4
384 307 6
384 443 24
384 450 24
384 456 4
384 465 -12
384 466 8
385 282 4
385 284 -4
385 308 6
385 444 24
385 456 4
385 457 -4
385 464 8
385 465 -12
385 466 -8
386 282 -2
386 283 4
386 284 -2
386 298 -2
386 300 -2
386 301 -2
386 309 6
386 445 24
386 450 12
386 457 4
386 464 -4
386 466 4
387 282 10
387 283 -4
387 284 -2
387 285 8
387 286 -2
387 289 2
387 302 4
387 303 -2
387 304 -2
387 305 4
387 310 4
387 446 12
387 451 36
387 458 -4
387 464 8
387 468 4
388 281 2
388 285 -4
388 286 2
388 287 -2
388 288 -4
388 289 2
388 302 2
388 303 2
388 304 2
388 305 2
388 311 4
388 447 12
388 451 12
388 452 24
388 458 -4
388 459 4
388 464 8
388 467 18
388 468 -2
389 281 -2
389 285 -4
389 286 -2
389 287 10
389 288 4
389 289 -2
389 302 2
389 303 2
389 304 2
389 305 2
389 312 4
389 448 12
389 451 12
389 452 24
389 458 -4
389 459 -4
389 464 8
389 467 18
389 468 6
390 282 -2
390 284 2
390 286 -2
390 289 2
390 303 2
390 304 2
390 313 4
390 449 12
390 452 12
390 459 -4
390 464 8
390 468 4
391 307 -4
391 309 -4
391 317 8
391 450 24
391 460 4
391 467 -12
392 282 6
392 284 -6
392 285 8
392 286 2
392 288 -8
392 289 -2
392 310 2
392 318 6
392 451 24
392 453 24
392 456 8
392 461 -4
393 282 -2
393 284 2
393 285 4
393 286 2
393 287 -4
393 289 -10
393 310 4
393 311 2
393 312 2
393 313 -6
393 319 6
393 452 24
393 453 24
393 457 8
393 461 -4
393 465 24
393 468 -8
394 281 -4
394 282 -6
394 284 2
394 286 -2
394 287 4
394 289 -2
394 314 4
394 315 -2
394 320 -4
394 454 36
394 458 4
394 462 4
394 466 16
395 281 4
395 282 -6
395 283 4
395 284 -6
395 286 -6
395 287 4
395 289 2
395 314 4
395 315 -2
395 321 -4
395 454 12
395 459 4
395 466 32
395 468 4
396 281 4
396 316 10
396 322 -2
396 455 48
396 463 -16
396 465 -24
396 467 -24
397 282 4
397 283 -4
397 284 -12
397 285 8
397 318 4
397 319 -4
397 322 -8
397 453 36
397 455 -36
397 460 12
397 462 -4
397 464 16
398 282 -2
398 283 4
398 284 -2
398 285 -4
398 286 -6
398 288 8
398 289 -6
398 320 2
398 321 -6
398 454 24
398 461 4
399 290 12
399 293 2
399 295 2
399 297 4
399 298 2
399 300 -2
399 310 2
399 323 4
399 324 -2
399 325 -2
399 326 4
399 331 6
399 446 12
399 456 24
399 469 16
399 472 4
400 290 2
400 291 8
400 292 2
400 293 2
400 294 2
400 295 4
400 297 2
400 298 -2
400 299 2
400 300 2
400 301 4
400 311 2
400 323 2
400 324 2
400 325 2
400 326 2
400 332 6
400 447 12
400 456 8
400 457 16
400 469 16
400 470 12
400 471 18
400 472 -2
401 290 2
401 291 2
401 292 8
401 293 4
401 294 2
401 295 2
401 297 -2
401 298 -2
401 299 6
401 300 2
401 301 -4
401 312 2
401 323 2
401 324 2
401 325 2
401 326 2
401 333 6
401 448 12
401 456 8
401 457 16
401 469 16
401 470 4
401 471 18
401 472 6
402 291 2
402 292 2
402 294 4
402 298 -2
402 300 2
402 301 4
402 313 2
402 324 2
402 325 2
402 334 6
402 449 12
402 457 8
402 469 16
402 472 4
403 290 4
403 291 10
403 292 2
403 293 6
403 294 -4
403 295 6
403 302 -2
403 305 -2
403 314 4
403 328 6
403 329 -2
403 330 4
403 335 4
403 458 32
403 470 16
403 473 12
404 290 4
404 291 4
404 292 4
404 293 -4
404 294 8
404 295 -4
404 296 4
404 302 -4
404 303 4
404 304 -4
404 305 4
404 306 -4
404 315 4
404 328 4
404 329 4
404 330 -4
404 336 4
404 458 8
404 459 24
404 470 16
404 473 12
405 290 8
405 291 2
405 292 2
405 307 4
405 308 2
405 318 2
405 331 2
405 339 8
405 456 16
405 460 16
406 290 4
406 291 6
406 292 6
406 308 -6
406 309 8
406 319 2
406 331 4
406 332 2
406 333 2
406 334 -6
406 340 8
406 457 16
406 460 16
406 471 24
406 473 8
407 290 4
407 291 6
407 292 6
407 293 12
407 295 4
407 296 -8
407 310 -2
407 320 4
407 335 4
407 336 -2
407 341 6
407 458 16
407 461 24
407 472 8
408 290 4
408 291 2
408 292 2
408 294 8
408 296 -4
408 310 -4
408 311 6
408 312 -2
408 313 -6
408 321 4
408 335 4
408 336 -2
408 342 6
408 459 16
408 461 8
408 472 16
409 291 -4
409 292 4
409 314 4
409 322 -2
409 337 10
409 343 -4
409 462 32
409 472 24
409 473 24
410 316 -2
410 338 12
410 344 -2
410 463 32
410 471 24
411 290 8
411 317 4
411 322 -2
411 339 4
411 340 -4
411 344 10
411 460 24
411 463 24
411 469 16
412 290 4
412 291 4
412 292 4
412 293 4
412 294 -8
412 295 12
412 296 -4
412 318 -2
412 319 2
412 320 4
412 341 2
412 342 -6
412 343 8
412 461 24
412 462 16
412 470 16
413 317 8
413 345 -4
413 347 -4
413 352 6
413 450 12
413 469 4
413 474 -12
414 298 10
414 299 -4
414 300 -2
414 302 8
414 303 2
414 304 2
414 318 8
414 348 2
414 353 4
414 360 6
414 451 12
414 456 8
414 464 16
414 470 -4
415 298 -2
415 300 2
415 301 -4
415 302 4
415 303 6
415 304 6
415 319 8
415 348 4
415 349 2
415 350 2
415 351 -6
415 354 4
415 361 6
415 452 12
415 457 8
415 464 16
415 470 -4
415 474 48
416 298 4
416 299 -4
416 300 -12
416 310 8
416 322 -12
416 353 4
416 354 -4
416 358 6
416 368 6
416 453 12
416 464 16
416 465 24
416 469 16
416 472 -4
417 297 -4
417 298 -8
417 301 -8
417 314 8
417 315 -4
417 355 2
417 356 -6
417 359 -8
417 369 6
417 454 12
417 466 32
417 470 4
417 472 4
418 297 4
418 316 16
418 357 8
418 358 2
418 370 6
418 455 12
418 465 -24
418 471 -12
418 474 -32
419 302 8
419 308 8
419 309 -8
419 322 -8
419 360 4
419 361 -4
419 366 8
419 368 4
419 460 8
419 464 16
419 467 24
419 473 -4
420 302 4
420 303 4
420 304 4
420 305 8
420 306 -8
420 310 -4
420 311 -8
420 313 12
420 321 4
420 362 2
420 363 -6
420 367 6
420 461 8
420 468 16
420 470 -8
421 303 -4
421 304 4
421 315 4
421 364 8
421 367 -4
421 371 4
421 462 8
421 468 24
421 473 -12
422 316 -8
422 317 -4
422 365 10
422 366 -2
422 372 4
422 463 8
422 467 24
422 474 16
423 307 -4
423 316 -12
423 368 -2
423 370 -6
423 372 8
423 465 16
423 467 16
423 471 8
424 307 -4
424 308 -4
424 309 -4
424 369 -4
424 373 8
424 466 16
424 473 4
425 323 8
425 324 2
425 325 2
425 339 8
425 345 4
425 346 2
425 353 2
425 456 4
425 469 8
426 323 4
426 324 6
426 325 6
426 340 8
426 346 -6
426 347 8
426 354 2
426 457 4
426 469 8
426 475 72
426 476 8
427 323 4
427 324 10
427 325 2
427 326 4
427 327 -4
427 328 12
427 330 -4
427 341 8
427 348 -2
427 355 4
427 362 -2
427 458 4
427 470 12
427 476 16
428 323 4
428 324 2
428 325 2
428 326 -4
428 327 4
428 328 4
428 329 4
428 330 -4
428 342 8
428 348 -4
428 349 6
428 350 -2
428 351 -6
428 356 4
428 363 -2
428 459 4
428 470 4
428 476 32
429 323 8
429 331 8
429 344 20
429 352 4
429 358 2
429 368 2
429 460 4
429 469 16
429 471 12
430 323 4
430 324 4
430 325 4
430 326 8
430 327 -8
430 335 8
430 336 -4
430 343 12
430 353 -2
430 354 2
430 359 8
430 461 4
430 470 8
430 472 8
431 324 -4
431 325 4
431 337 16
431 355 4
431 358 2
431 371 2
431 462 4
431 472 12
431 476 32
432 338 24
432 357 -2
432 372 2
432 463 4
432 471 12
432 475 48
433 328 8
433 329 -4
433 331 4
433 332 8
433 334 -12
433 343 8
433 360 -2
433 361 2
433 367 -2
433 369 4
433 470 8
433 473 8
434 330 4
434 336 -4
434 342 4
434 362 4
434 367 -4
434 371 4
435 337 8
435 364 -2
435 366 2
435 373 8
435 473 12
435 476 16
436 338 12
436 370 -2
436 471 8
437 332 -4
437 333 4
437 337 12
437 368 2
437 369 4
437 371 -2
437 472 8
437 473 8
438 346 8
438 347 -8
438 348 8
438 358 8
438 366 8
438 464 4
438 469 4
438 474 12
438 476 -4
439 345 -4
439 357 -12
439 372 8
439 465 4
439 474 8
439 475 24
440 345 -4
440 346 -4
440 347 -4
440 373 8
440 466 4
440 476 4
441 352 -4
441 357 -8
441 365 20
441 370 -8
441 467 4
441 471 4
441 474 16
442 349 -4
442 350 4
442 356 4
442 364 12
442 371 -8
442 468 4
442 472 4
442 476 -16
443 374 2
443 375 -4
443 376 -2
443 377 -4
443 477 40
443 478 4
443 481 -12
443 482 8
444 478 4
444 479 -4
444 480 8
444 481 -12
444 482 -8
445 375 -2
445 377 -2
445 378 -2
445 477 20
445 479 4
445 480 -4
445 482 4
446 374 4
446 375 2
446 377 -2
446 379 4
446 380 -2
446 381 -2
446 382 4
446 478 48
446 483 8
446 486 4
447 374 2
447 375 -2
447 376 2
447 377 2
447 378 4
447 379 2
447 380 2
447 381 2
447 382 2
447 478 16
447 479 32
447 483 8
447 484 12
447 485 18
447 486 -2
448 374 -2
448 375 -2
448 376 6
448 377 2
448 378 -4
448 379 2
448 380 2
448 381 2
448 382 2
448 478 16
448 479 32
448 483 8
448 484 4
448 485 18
448 486 6
449 375 -2
449 377 2
449 378 4
449 380 2
449 381 2
449 479 16
449 483 8
449 486 4
450 384 -4
450 386 -4
450 391 6
450 477 40
450 483 4
450 487 -12
451 375 10
451 376 -4
451 377 -2
451 387 2
451 392 4
451 478 16
451 480 32
451 484 -4
452 375 -2
452 377 2
452 378 -4
452 387 4
452 388 2
452 389 2
452 390 -6
452 393 4
452 479 16
452 480 32
452 484 -4
452 487 24
453 375 4
453 376 -4
453 377 -12
453 392 4
453 393 -4
453 397 6
453 480 32
453 481 48
453 483 8
453 486 -4
454 374 -4
454 375 -8
454 378 -8
454 394 2
454 395 -6
454 398 -8
454 482 64
454 484 4
454 486 4
455 374 4
455 396 8
455 397 2
455 481 -48
455 485 -12
455 487 -16
456 379 8
456 380 2
456 381 2
456 384 4
456 385 2
456 392 2
456 399 2
456 405 6
456 478 24
456 483 24
457 379 4
457 380 6
457 381 6
457 385 -6
457 386 8
457 393 2
457 399 4
457 400 2
457 401 2
457 402 -6
457 406 6
457 479 24
457 483 24
457 488 48
457 489 8
458 379 4
458 380 10
458 381 2
458 382 4
458 383 -4
458 387 -2
458 394 4
458 403 4
458 404 -2
458 407 4
458 484 36
458 489 8
459 379 4
459 380 2
459 381 2
459 382 -4
459 383 4
459 387 -4
459 388 6
459 389 -2
459 390 -6
459 395 4
459 403 4
459 404 -2
459 408 4
459 484 12
459 489 16
460 379 8
460 391 4
460 397 2
460 405 4
460 406 -4
460 411 8
460 483 24
460 485 36
461 379 4
461 380 4
461 381 4
461 382 8
461 383 -8
461 392 -2
461 393 2
461 398 8
461 407 2
461 408 -6
461 412 6
461 484 24
461 486 24
462 380 -4
462 381 4
462 394 4
462 397 2
462 409 8
462 412 -4
462 486 36
462 489 16
463 396 -2
463 410 10
463 411 -2
463 485 36
463 488 16
464 385 8
464 386 -8
464 387 8
464 397 8
464 414 4
464 415 -4
464 416 4
464 419 6
464 480 24
464 483 12
464 487 36
464 489 -4
465 384 -4
465 396 -12
465 416 -2
465 418 -6
465 423 6
465 481 24
465 487 24
465 488 16
466 384 -4
466 385 -4
466 386 -4
466 417 -4
466 424 6
466 482 24
466 489 4
467 391 -4
467 396 -8
467 419 -2
467 422 8
467 423 4
467 485 12
467 487 24
468 388 -4
468 389 4
468 395 4
468 420 -4
468 421 6
468 486 12
468 489 -8
469 399 8
469 411 8
469 413 4
469 416 2
469 425 4
469 426 -4
469 429 6
469 483 12
469 488 24
470 399 4
470 400 8
470 402 -12
470 403 8
470 404 -4
470 412 8
470 414 -2
470 415 2
470 417 4
470 420 -2
470 427 2
470 428 -6
470 430 4
470 433 6
470 484 12
470 489 16
471 410 20
471 418 -2
471 423 2
471 429 -2
471 432 8
471 436 12
471 485 12
471 488 32
472 400 -4
472 401 4
472 409 12
472 416 2
472 417 4
472 430 -4
472 431 6
472 437 6
472 486 12
472 489 16
473 409 8
473 419 2
473 421 -2
473 424 8
473 433 -4
473 435 8
473 437 4
473 489 16
474 413 -4
474 418 -8
474 422 8
474 438 -2
474 439 4
474 441 6
474 487 12
474 488 8
475 432 8
475 439 2
475 488 4
476 431 8
476 435 8
476 438 2
476 440 8
476 442 -2
476 489 4
477 443 -4
477 445 -4
477 490 4
477 491 -12
478 443 4
478 444 2
478 446 2
478 490 40
479 444 -6
479 445 8
479 446 4
479 447 2
479 448 2
479 449 -6
479 490 40
479 492 24
479 493 8
480 444 8
480 445 -8
480 451 4
480 452 -4
480 453 4
480 490 20
480 491 60
480 493 -4
481 443 -4
481 453 -2
481 455 -6
481 491 40
481 492 8
482 443 -4
482 444 -4
482 445 -4
482 454 -4
482 493 4
483 446 8
483 450 4
483 453 2
483 456 4
483 457 -4
483 460 6
483 490 40
483 492 48
484 446 4
484 447 8
484 449 -12
484 451 -2
484 452 2
484 454 4
484 458 2
484 459 -6
484 461 4
484 493 32
485 455 -2
485 460 -2
485 463 8
485 492 32
486 447 -4
486 448 4
486 453 2
486 454 4
486 461 -4
486 462 6
486 493 32
487 450 -4
487 455 -8
487 464 -2
487 465 4
487 467 6
487 491 40
487 492 16
488 463 8
488 465 2
488 469 -2
488 471 6
488 492 24
489 462 8
489 464 2
489 466 8
489 468 -2
489 470 -4
489 472 4
489 473 6
489 493 24
490 477 4
490 478 4
490 479 -4
490 494 72
491 477 -4
491 480 -2
491 481 4
491 494 24
492 481 2
492 483 -2
492 485 6
492 494 60
493 480 2
493 482 8
493 484 -4
493 486 4
494 490 -2
495 515 16
495 525 4
495 539 16
495 549 12
495 553 4
495 558 12
495 571 -20
495 572 4
496 515 4
496 516 12
496 525 4
496 526 -4
496 539 8
496 540 8
496 542 12
496 549 6
496 550 4
496 551 -2
496 554 2
496 558 6
496 564 8
496 567 6
496 568 2
496 571 -10
496 572 -2
496 573 2
497 515 4
497 517 12
497 526 4
497 527 4
497 541 8
497 542 -4
497 551 2
497 552 -2
497 553 6
497 555 2
497 558 6
497 559 -6
497 560 12
497 563 -2
497 564 4
497 565 4
497 569 2
497 571 10
497 572 4
497 574 2
498 515 4
498 518 12
498 527 4
498 528 -4
498 542 4
498 553 4
498 554 2
498 556 2
498 559 -6
498 560 6
498 563 -4
498 564 8
498 566 8
498 567 4
498 572 4
499 515 4
499 519 12
499 528 4
499 529 4
499 541 8
499 542 -4
499 551 -2
499 552 2
499 553 6
499 555 2
499 558 -6
499 559 12
499 560 6
499 563 -6
499 564 4
499 565 -4
499 568 -2
499 571 -10
499 572 4
499 574 -2
500 515 4
500 520 12
500 525 -4
500 529 4
500 539 8
500 540 -8
500 542 -4
500 549 6
500 550 -4
500 551 2
500 553 8
500 556 2
500 558 -6
500 563 -8
500 564 8
500 567 2
500 569 -2
500 571 10
500 572 6
500 573 2
501 516 8
501 520 -8
501 525 4
501 530 -4
501 540 8
501 542 8
501 550 8
501 554 2
501 556 -2
501 564 -8
501 567 4
501 568 2
501 569 2
502 516 4
502 517 4
502 521 8
502 526 4
502 530 -4
502 531 4
502 539 8
502 541 8
502 549 6
502 550 4
502 551 -2
502 553 4
502 554 4
502 557 2
502 561 -6
502 562 12
502 563 -2
502 564 4
502 565 -4
502 567 4
502 568 -4
502 570 6
502 571 10
502 572 2
502 573 2
502 574 -4
503 516 4
503 518 4
503 522 8
503 527 4
503 531 -4
503 532 -4
503 543 4
503 544 12
503 549 -6
503 552 -2
503 554 4
503 555 4
503 557 -2
503 558 6
503 561 -6
503 562 6
503 563 -2
503 565 8
503 566 -8
503 567 2
503 568 -6
503 569 2
503 572 -2
503 573 6
503 574 -10
504 516 4
504 519 4
504 523 8
504 528 4
504 532 -4
504 533 4
504 541 8
504 543 -4
504 545 12
504 549 6
504 552 -2
504 554 6
504 556 4
504 562 6
504 563 -4
504 564 4
504 565 8
504 566 8
504 567 2
504 568 -2
504 572 2
504 573 -2
504 574 -6
505 516 4
505 520 4
505 521 -8
505 526 -4
505 529 4
505 533 -4
505 543 -4
505 546 12
505 549 -12
505 551 -4
505 553 4
505 554 8
505 559 -6
505 560 6
505 562 -12
505 568 2
505 569 6
505 573 4
506 517 8
506 519 8
506 530 4
506 534 4
506 550 -8
506 553 4
506 554 -4
506 555 4
506 556 -4
506 561 12
506 564 8
506 572 4
506 573 -4
507 517 4
507 518 4
507 523 8
507 531 4
507 534 4
507 535 -4
507 539 8
507 544 8
507 550 -4
507 551 -4
507 554 10
507 557 6
507 558 6
507 561 6
507 563 2
507 564 4
507 565 4
507 566 8
507 567 2
507 568 -6
507 570 6
507 572 4
507 573 4
507 574 -4
508 517 4
508 519 4
508 524 24
508 532 4
508 535 4
508 536 4
508 544 -4
508 545 -4
508 552 -4
508 555 12
508 557 -4
508 559 6
508 560 -6
508 566 16
508 568 6
508 569 2
508 573 -4
508 574 4
509 517 4
509 520 4
509 522 -8
509 527 -4
509 533 4
509 536 4
509 541 8
509 544 -4
509 546 -4
509 549 6
509 552 -6
509 554 4
509 555 8
509 556 6
509 562 -6
509 563 4
509 564 4
509 566 8
509 567 -2
509 569 10
509 572 2
509 573 6
509 574 6
510 518 4
510 519 4
510 522 -8
510 534 -4
510 535 4
510 537 4
510 539 8
510 545 -8
510 550 4
510 551 -4
510 555 8
510 556 2
510 557 6
510 558 -6
510 561 -6
510 563 -2
510 564 4
510 565 -4
510 566 8
510 567 -2
510 568 8
510 569 6
510 570 -6
510 572 4
510 573 4
510 574 4
511 518 4
511 520 4
511 523 -8
511 528 -4
511 536 4
511 537 -4
511 545 -4
511 546 4
511 549 -6
511 552 -6
511 555 4
511 556 12
511 557 -2
511 558 -6
511 561 6
511 562 -6
511 563 2
511 565 -8
511 566 8
511 567 -2
511 568 -2
511 569 6
511 572 -2
511 573 -2
511 574 2
512 519 4
512 520 4
512 521 8
512 529 -4
512 530 4
512 537 4
512 539 8
512 541 8
512 549 6
512 550 -4
512 551 -6
512 553 4
512 556 12
512 557 2
512 561 6
512 562 12
512 563 2
512 564 4
512 565 -4
512 567 -4
512 569 -4
512 570 -6
512 571 -10
512 572 2
512 573 10
512 574 -4
513 522 4
513 523 4
513 531 4
513 533 -4
513 537 4
513 538 -4
513 540 16
513 547 8
513 551 -8
513 552 4
513 554 4
513 556 -4
513 557 -8
513 562 12
513 567 4
513 568 -4
513 569 -4
513 570 -12
513 574 -4
514 521 4
514 522 -4
514 523 4
514 524 12
514 532 4
514 536 -4
514 538 8
514 541 16
514 547 -4
514 548 -4
514 555 4
514 557 12
514 559 6
514 560 -6
514 566 8
514 568 6
514 569 -6
514 570 12
514 572 4
514 573 8
515 495 4
515 496 -2
515 497 -2
515 498 -2
515 499 -2
515 500 -2
515 575 24
515 578 4
515 585 8
515 590 4
515 593 12
515 597 -20
515 598 4
516 495 2
516 496 2
516 500 -2
516 502 -4
516 503 -2
516 504 -2
516 505 -2
516 506 2
516 575 8
516 576 16
516 578 4
516 579 -4
516 585 8
516 586 12
516 589 -2
516 590 4
516 591 2
516 593 6
516 597 -10
516 599 8
516 600 2
517 497 2
517 501 2
517 502 -2
517 503 -2
517 505 -2
517 507 -2
517 508 -2
517 509 -2
517 575 8
517 577 16
517 579 4
517 580 4
517 586 -4
517 589 -4
517 590 6
517 591 4
517 592 4
517 593 6
517 594 -6
517 595 12
517 597 10
517 598 4
517 599 -2
517 600 4
518 498 2
518 503 -2
518 504 -2
518 506 4
518 507 -2
518 509 -2
518 510 -2
518 511 -2
518 575 8
518 580 4
518 581 -4
518 586 4
518 589 -4
518 590 4
518 592 8
518 594 -6
518 595 6
518 598 8
518 599 4
519 499 2
519 501 -2
519 504 -2
519 505 -2
519 508 -2
519 510 -2
519 511 -2
519 512 -2
519 575 8
519 577 16
519 581 4
519 582 4
519 586 -4
519 589 -4
519 590 6
519 591 -4
519 592 4
519 593 -6
519 594 12
519 595 6
519 597 -10
519 598 4
519 599 2
519 600 -4
520 495 2
520 496 -2
520 500 2
520 505 -2
520 506 2
520 509 -2
520 511 -2
520 512 -4
520 575 8
520 576 -16
520 578 -4
520 582 4
520 585 8
520 586 -4
520 589 -6
520 590 12
520 591 -2
520 593 -6
520 597 10
520 598 8
520 600 -2
521 496 -2
521 497 2
521 499 2
521 500 -2
521 507 -2
521 510 -2
521 514 -2
521 577 8
521 579 4
521 582 -4
521 583 4
521 585 16
521 587 -4
521 590 4
521 591 -8
521 594 6
521 595 -6
521 596 36
521 598 4
521 600 -8
522 497 -2
522 498 2
522 504 2
522 507 2
522 508 -2
522 512 2
522 513 -2
522 514 2
522 576 8
522 577 -8
522 580 4
522 583 -4
522 584 -4
522 585 -8
522 587 4
522 588 8
522 589 -4
522 591 4
522 592 -16
522 593 6
522 596 18
522 598 -8
522 599 2
522 600 -14
523 498 -2
523 499 2
523 502 -2
523 508 2
523 509 -2
523 510 -2
523 513 -2
523 514 -2
523 576 8
523 577 8
523 581 4
523 583 4
523 584 -4
523 585 8
523 587 -4
523 588 8
523 589 -4
523 591 12
523 593 6
523 596 18
523 598 8
523 599 2
523 600 -6
524 503 -2
524 511 -2
524 514 -2
524 577 8
524 584 4
524 588 -4
524 592 8
524 594 6
524 595 -6
524 600 4
525 495 4
525 496 2
525 497 -2
525 499 2
525 500 -2
525 501 2
525 578 16
525 601 16
525 609 12
525 610 4
525 613 4
525 620 4
525 623 -4
526 495 2
526 496 -2
526 497 4
526 498 2
526 502 2
526 504 2
526 505 -2
526 506 -2
526 578 4
526 579 12
526 601 8
526 602 8
526 604 12
526 609 6
526 610 4
526 611 2
526 614 2
526 617 6
526 618 -12
526 619 40
526 623 6
526 624 -2
527 496 -2
527 497 4
527 498 2
527 499 -2
527 503 2
527 507 -2
527 508 2
527 509 -2
527 578 4
527 580 12
527 603 8
527 604 -4
527 611 2
527 612 4
527 613 6
527 615 2
527 617 6
527 618 -6
527 620 6
527 621 8
527 622 -4
527 623 6
528 497 2
528 498 -2
528 499 4
528 500 2
528 504 2
528 508 -2
528 510 2
528 511 -2
528 578 4
528 581 12
528 603 8
528 604 4
528 611 -2
528 612 4
528 613 6
528 614 2
528 617 6
528 618 -6
528 620 -2
528 621 8
528 622 -4
528 623 6
529 495 -2
529 498 -2
529 499 4
529 500 2
529 505 2
529 506 2
529 509 -2
529 512 -2
529 578 4
529 582 12
529 601 8
529 602 8
529 604 4
529 609 6
529 610 4
529 611 -2
529 613 8
529 615 2
529 617 6
529 618 12
529 619 40
529 620 8
529 623 -2
529 624 -2
530 497 2
530 499 -2
530 501 -2
530 502 -2
530 503 2
530 506 4
530 511 -2
530 512 2
530 579 8
530 582 8
530 602 8
530 604 8
530 609 12
530 610 8
530 613 -8
530 614 2
530 615 2
530 623 4
530 624 4
531 498 2
531 501 -2
531 502 4
531 503 -4
531 504 -4
531 507 4
531 513 2
531 514 2
531 579 4
531 580 4
531 583 8
531 601 8
531 603 8
531 609 6
531 610 4
531 611 -2
531 613 4
531 614 -4
531 616 6
531 620 2
531 621 4
531 622 8
531 623 4
531 624 2
532 499 2
532 502 2
532 503 -2
532 504 -2
532 505 2
532 508 2
532 510 2
532 514 2
532 579 4
532 581 4
532 584 8
532 603 8
532 605 4
532 606 12
532 609 6
532 612 -4
532 614 6
532 615 -4
532 617 6
532 618 6
532 620 -4
532 622 12
532 623 4
532 624 -4
533 496 -2
533 500 2
533 503 -2
533 504 4
533 505 -4
533 507 2
533 509 4
533 510 -2
533 511 2
533 513 -2
533 579 4
533 582 4
533 583 8
533 602 16
533 605 4
533 607 12
533 609 12
533 611 4
533 613 -4
533 614 8
533 618 12
533 620 4
533 621 4
533 622 8
533 624 -4
534 503 -2
534 506 4
534 507 2
534 510 -2
534 511 2
534 580 8
534 581 8
534 613 4
534 614 -2
534 615 -2
534 620 -4
534 621 8
534 622 4
534 623 8
534 624 -4
535 504 -2
535 507 -2
535 508 4
535 509 2
535 510 2
535 580 4
535 581 4
535 584 8
535 601 8
535 606 8
535 610 -4
535 611 4
535 614 10
535 615 2
535 616 -12
535 617 12
535 620 4
535 621 4
535 622 8
535 623 4
536 497 -2
536 505 -2
536 507 -2
536 508 6
536 509 2
536 511 2
536 512 -2
536 514 -2
536 580 4
536 582 4
536 584 8
536 603 8
536 606 4
536 607 -4
536 609 6
536 612 12
536 614 -4
536 615 14
536 617 6
536 618 6
536 620 -4
536 622 4
536 623 4
536 624 4
537 498 -2
537 501 -2
537 509 4
537 510 4
537 511 -4
537 512 4
537 513 2
537 514 -2
537 581 4
537 582 4
537 583 8
537 601 8
537 603 8
537 609 6
537 610 4
537 611 -6
537 613 4
537 615 4
537 616 6
537 620 2
537 621 4
537 623 4
537 624 10
538 502 -2
538 503 -2
538 507 -2
538 510 2
538 511 2
538 512 2
538 513 -6
538 514 8
538 583 8
538 584 8
538 602 16
538 603 8
538 608 8
538 612 8
538 614 4
538 615 4
538 616 24
538 618 12
538 622 4
538 623 4
538 624 12
539 495 8
539 496 -2
539 500 -2
539 575 4
539 585 8
539 601 4
539 626 -20
539 627 8
539 628 12
540 496 4
540 497 -2
540 499 2
540 500 -4
540 576 4
540 601 4
540 602 -4
540 625 8
540 626 -20
540 627 -8
540 628 12
541 496 -2
541 497 4
541 498 -4
541 499 4
541 500 -2
541 577 4
541 585 8
541 602 4
541 603 4
541 625 -8
541 627 8
541 629 12
542 496 10
542 497 -4
542 498 4
542 499 -4
542 500 -2
542 501 8
542 502 -2
542 512 2
542 578 4
542 586 12
542 604 -4
542 625 8
542 631 4
542 632 4
542 636 -4
543 495 2
543 497 2
543 499 -2
543 501 -2
543 502 2
543 503 4
543 504 -4
543 505 -2
543 506 -2
543 507 4
543 512 -2
543 513 2
543 579 4
543 586 4
543 587 8
543 604 -4
543 605 4
543 625 8
543 630 30
543 631 -2
543 632 -4
543 633 2
543 634 6
543 635 -12
543 636 8
544 497 -2
544 498 2
544 501 -2
544 502 -2
544 503 10
544 504 -2
544 507 4
544 508 -2
544 509 -2
544 510 -2
544 513 -2
544 514 2
544 580 4
544 586 4
544 588 8
544 605 -4
544 606 -4
544 631 4
544 632 6
544 633 -2
544 634 6
544 635 -6
544 636 8
545 498 -2
545 499 2
545 501 -2
545 504 10
545 507 2
545 508 -6
545 509 2
545 510 -4
545 511 -2
545 512 2
545 513 -2
545 514 -2
545 581 4
545 586 4
545 588 8
545 606 -4
545 607 4
545 631 -4
545 632 6
545 633 -2
545 634 6
545 635 -6
545 636 8
546 495 -2
546 497 2
546 499 -2
546 501 -2
546 502 2
546 505 10
546 506 2
546 509 -4
546 510 -4
546 511 4
546 512 -2
546 513 2
546 582 4
546 586 4
546 587 8
546 604 -4
546 607 -4
546 625 8
546 630 30
546 631 6
546 632 4
546 633 2
546 634 6
546 635 12
547 496 -2
547 500 2
547 502 -2
547 503 2
547 504 -2
547 509 2
547 511 -2
547 512 2
547 513 4
547 514 -4
547 583 4
547 587 8
547 588 4
547 605 -4
547 607 -4
547 608 -4
547 625 16
547 631 8
547 632 4
547 633 8
547 635 12
547 636 8
548 497 -2
548 499 2
548 502 -2
548 503 -4
548 504 2
548 507 -2
548 509 -2
548 510 2
548 511 4
548 512 2
548 513 4
548 514 -4
548 584 4
548 587 4
548 588 8
548 606 -4
548 625 8
548 631 -4
548 633 12
548 634 12
548 635 12
548 636 4
549 585 8
549 609 4
549 630 -20
549 637 12
550 496 6
550 497 2
550 499 -2
550 500 -6
550 501 8
550 502 2
550 506 -8
550 512 -2
550 586 8
550 589 8
550 601 8
550 610 -4
551 497 2
551 499 -2
551 501 4
551 503 2
551 504 2
551 505 -4
551 507 -4
551 509 -2
551 510 -4
551 511 -2
551 512 -8
551 587 8
551 589 8
551 602 8
551 610 -4
551 611 4
551 626 40
551 631 -8
551 638 8
551 639 12
552 496 -2
552 497 -4
552 499 4
552 500 2
552 502 2
552 503 2
552 504 2
552 508 -4
552 509 -10
552 511 -10
552 512 -2
552 588 8
552 589 8
552 603 8
552 611 -4
552 612 -8
552 638 8
552 639 12
553 495 -4
553 496 -6
553 497 -2
553 498 -4
553 499 -2
553 500 2
553 503 2
553 507 -2
553 510 -2
553 511 2
553 590 12
553 604 4
553 613 4
553 627 8
553 640 8
553 641 12
554 495 2
554 496 -4
554 497 2
554 498 -4
554 501 -2
554 502 -6
554 503 -6
554 504 -2
554 505 2
554 506 2
554 507 4
554 508 2
554 510 -6
554 511 2
554 514 -2
554 590 4
554 591 8
554 605 4
554 613 4
554 614 -4
554 627 8
554 632 12
554 638 -2
554 640 8
554 641 6
555 497 -2
555 499 -2
555 502 -2
555 504 -6
555 506 -4
555 507 -6
555 509 2
555 510 2
555 512 -2
555 514 -4
555 590 4
555 592 16
555 606 4
555 614 4
555 615 4
555 632 -4
555 638 -4
555 640 16
556 495 2
556 498 -4
556 499 2
556 500 -4
556 501 2
556 503 2
556 505 -6
556 506 2
556 507 -6
556 508 2
556 509 -2
556 510 -4
556 511 2
556 512 2
556 514 -2
556 590 4
556 591 -8
556 607 4
556 613 -4
556 615 4
556 627 8
556 632 -4
556 638 -6
556 640 24
556 641 -6
557 496 -2
557 497 2
557 499 2
557 500 -2
557 502 -4
557 503 2
557 504 -4
557 505 4
557 507 -2
557 508 4
557 509 -4
557 510 -2
557 511 2
557 512 -4
557 513 -8
557 514 -4
557 592 8
557 608 4
557 614 4
557 615 -4
557 616 12
557 627 16
557 633 -4
557 640 8
558 495 4
558 497 2
558 499 -2
558 593 16
558 617 -4
558 628 16
558 637 12
558 639 -4
558 641 4
559 495 2
559 499 4
559 500 2
559 502 2
559 506 -2
559 593 4
559 594 12
559 617 -4
559 618 4
559 628 8
559 629 8
559 634 -12
559 637 6
559 639 -4
559 641 2
560 495 -2
560 496 -2
560 497 4
560 506 2
560 512 -2
560 593 4
560 595 12
560 617 -4
560 618 -4
560 628 8
560 629 8
560 634 -4
560 637 6
560 639 -4
560 641 10
561 497 -2
561 499 2
561 506 4
561 594 8
561 595 8
561 617 -4
561 629 8
561 634 -8
561 637 12
561 639 -8
561 641 -4
562 496 -2
562 500 2
562 501 -4
562 502 2
562 505 -4
562 512 6
562 594 4
562 595 4
562 596 24
562 618 -8
562 628 8
562 629 16
562 635 -8
562 637 12
562 639 -4
562 641 4
563 496 4
563 497 -4
563 498 -4
563 499 -4
563 500 -12
563 501 8
563 589 12
563 597 20
563 609 12
563 620 -4
563 625 16
563 641 -12
564 496 -2
564 497 4
564 498 -4
564 499 4
564 500 -2
564 501 -8
564 502 -6
564 504 -4
564 506 8
564 507 -6
564 509 -4
564 510 -6
564 512 -6
564 590 8
564 598 8
564 610 4
564 621 4
564 639 -12
564 640 8
565 497 4
565 499 -4
565 501 -4
565 502 -4
565 504 8
565 507 4
565 510 -4
565 512 -4
565 513 -12
565 591 8
565 611 4
565 621 4
565 622 -4
565 636 8
565 639 -12
565 640 -8
566 496 -2
566 500 -2
566 502 -2
566 503 -4
566 504 -4
566 507 -2
566 508 8
566 509 -4
566 510 -2
566 511 4
566 512 -2
566 514 -8
566 592 8
566 598 4
566 612 4
566 622 4
566 636 -4
566 640 4
567 496 2
567 497 2
567 498 4
567 499 -2
567 500 6
567 504 -2
567 507 2
567 509 2
567 510 -2
567 593 12
567 599 12
567 613 4
567 623 -4
567 638 -4
568 495 2
568 498 2
568 499 2
568 501 -4
568 502 -2
568 503 -8
568 504 -4
568 505 6
568 506 -2
568 507 -2
568 508 2
568 510 12
568 511 2
568 512 4
568 514 2
568 594 12
568 599 4
568 600 8
568 614 4
568 623 -4
568 624 4
568 636 -12
568 637 -18
568 638 2
569 495 -2
569 497 -2
569 498 -2
569 501 -4
569 502 -4
569 503 -2
569 505 2
569 506 2
569 507 -4
569 508 6
569 509 12
569 510 2
569 511 8
569 512 -6
569 514 -2
569 595 12
569 599 4
569 600 8
569 615 4
569 623 -4
569 624 -4
569 636 -4
569 637 -18
569 638 -6
570 496 -2
570 500 2
570 502 -2
570 503 -2
570 504 -2
570 509 2
570 511 2
570 512 2
570 513 -8
570 514 4
570 596 12
570 600 4
570 616 4
570 624 -4
570 638 -4
571 495 -4
571 597 16
571 619 16
571 626 24
571 630 24
572 495 -4
572 496 -6
572 500 2
572 502 -2
572 503 2
572 504 -2
572 505 4
572 509 -2
572 511 2
572 512 -2
572 598 12
572 620 4
572 623 4
572 627 8
572 634 -12
573 495 4
573 496 -6
573 497 4
573 498 -4
573 499 4
573 500 -6
573 502 -6
573 503 6
573 504 -6
573 505 4
573 509 2
573 511 -2
573 512 2
573 598 4
573 624 4
573 627 16
573 631 4
573 635 -12
574 496 -2
574 500 2
574 501 4
574 502 -2
574 503 -10
574 504 -2
574 507 -8
574 508 4
574 509 2
574 510 8
574 511 2
574 512 -6
574 599 -8
574 600 8
574 621 -4
574 622 4
574 628 -24
574 632 -8
575 515 2
575 516 -4
575 517 -2
575 518 -2
575 519 -2
575 520 -4
575 642 24
575 643 4
575 647 -20
575 648 8
575 649 12
576 517 -2
576 519 2
576 522 -2
576 523 -2
576 643 4
576 644 -4
576 646 8
576 647 -20
576 648 -8
576 649 12
577 516 -2
577 518 -4
577 520 -2
577 521 -2
577 522 2
577 523 -2
577 524 -6
577 642 24
577 644 4
577 645 4
577 646 -8
577 648 8
577 650 12
578 515 4
578 516 2
578 517 -2
578 519 2
578 520 -2
578 525 4
578 526 -2
578 527 -2
578 528 -2
578 529 -2
578 530 4
578 643 24
578 651 8
578 656 4
578 657 4
578 661 -4
579 515 2
579 516 -2
579 517 4
579 518 2
579 519 -2
579 521 2
579 523 2
579 525 2
579 526 2
579 529 2
579 532 -2
579 533 -2
579 534 2
579 643 8
579 644 16
579 651 8
579 652 12
579 655 30
579 656 -2
579 657 -4
579 658 2
579 659 6
579 660 -12
579 661 8
580 516 -2
580 517 4
580 518 2
580 519 -2
580 522 2
580 523 -2
580 524 6
580 527 2
580 530 2
580 531 -2
580 532 2
580 533 2
580 534 2
580 535 -2
580 536 -2
580 643 8
580 645 16
580 652 -4
580 656 4
580 657 6
580 658 -2
580 659 6
580 660 -6
580 661 8
581 517 2
581 518 -2
581 519 4
581 520 2
581 522 -2
581 523 2
581 524 -6
581 528 2
581 530 2
581 532 -2
581 533 2
581 534 2
581 535 -2
581 536 2
581 537 -2
581 643 8
581 645 16
581 652 4
581 656 -4
581 657 6
581 658 -2
581 659 6
581 660 -6
581 661 8
582 515 -2
582 517 2
582 518 -2
582 519 4
582 520 2
582 521 -2
582 522 2
582 525 2
582 526 2
582 529 2
582 533 -2
582 534 2
582 536 -2
582 643 8
582 644 16
582 651 8
582 652 4
582 655 30
582 656 6
582 657 4
582 658 2
582 659 6
582 660 12
583 516 -2
583 520 2
583 521 4
583 522 -6
583 523 2
583 526 2
583 527 2
583 528 2
583 529 2
583 535 4
583 538 -4
583 644 16
583 645 8
583 651 16
583 653 -4
583 656 8
583 657 4
583 658 8
583 660 12
583 661 8
584 517 -2
584 519 2
584 522 -4
584 523 -4
584 524 12
584 527 2
584 528 2
584 531 2
584 532 2
584 536 2
584 537 2
584 538 -4
584 644 8
584 645 16
584 651 8
584 653 4
584 654 16
584 656 -4
584 658 12
584 659 12
584 660 12
584 661 4
585 539 -4
585 541 -4
585 549 6
585 642 12
585 651 4
585 662 -20
585 663 12
586 516 10
586 517 -2
586 518 4
586 519 -6
586 520 -2
586 542 2
586 544 -2
586 545 -2
586 550 4
586 643 8
586 646 16
586 652 -4
587 517 2
587 519 -2
587 521 -4
587 522 6
587 523 -2
587 542 4
587 544 2
587 545 2
587 547 -4
587 548 -2
587 551 4
587 644 8
587 646 16
587 652 -4
587 653 4
587 662 40
587 664 8
587 665 12
588 516 -2
588 517 -4
588 519 4
588 520 2
588 522 6
588 523 6
588 524 -12
588 543 2
588 544 2
588 545 2
588 546 2
588 547 -2
588 548 -4
588 552 4
588 645 8
588 646 16
588 653 -4
588 654 -8
588 664 8
588 665 12
589 516 4
589 517 -4
589 518 -4
589 519 -4
589 520 -12
589 550 4
589 551 -4
589 552 -4
589 563 6
589 646 16
589 647 40
589 651 8
589 656 -4
589 666 12
590 515 -4
590 516 -6
590 517 -2
590 518 -8
590 519 -2
590 520 2
590 522 4
590 523 -4
590 553 2
590 554 -4
590 555 -2
590 556 -4
590 564 -4
590 648 16
590 652 4
590 657 4
590 666 -12
590 667 24
591 516 -4
591 517 4
591 519 -4
591 520 4
591 521 -8
591 522 -4
591 523 4
591 565 -4
591 653 4
591 657 4
591 658 -4
591 664 8
591 666 -12
591 667 -24
592 516 -2
592 517 -2
592 519 -2
592 520 -2
592 521 -4
592 523 -8
592 554 -2
592 556 -2
592 557 -2
592 566 -4
592 648 8
592 654 4
592 658 4
592 664 -4
592 667 12
593 515 4
593 517 2
593 519 -2
593 558 4
593 559 -2
593 560 -2
593 561 4
593 567 -2
593 649 24
593 659 -4
593 663 8
593 666 -4
594 515 2
594 517 -2
594 519 4
594 520 2
594 521 2
594 558 2
594 559 2
594 560 2
594 561 2
594 568 -2
594 649 8
594 650 16
594 659 -4
594 660 4
594 663 8
594 665 -12
594 666 2
595 515 -2
595 516 -2
595 517 4
595 519 2
595 521 -2
595 558 2
595 559 2
595 560 2
595 561 2
595 569 -2
595 649 8
595 650 16
595 659 -4
595 660 -4
595 663 8
595 665 -4
595 666 -6
596 516 -2
596 520 2
596 521 4
596 559 2
596 560 2
596 570 -2
596 650 8
596 660 -4
596 663 8
596 666 -4
597 515 -4
597 563 -2
597 571 8
597 647 24
597 655 12
597 662 16
598 515 -4
598 516 -8
598 521 -8
598 522 4
598 523 -4
598 564 -4
598 566 -4
598 572 2
598 573 -6
598 648 16
598 656 4
598 661 4
598 665 -12
599 516 2
599 518 4
599 520 6
599 567 2
599 574 4
599 649 24
599 657 4
599 661 -4
600 516 -2
600 520 2
600 521 -8
600 522 -16
600 523 -8
600 524 12
600 567 4
600 568 2
600 569 2
600 570 -6
600 574 4
600 650 24
600 658 4
600 661 -4
600 663 -24
600 664 -8
601 525 8
601 526 2
601 529 2
601 539 4
601 540 2
601 550 2
601 643 4
601 651 8
602 525 4
602 526 4
602 527 2
602 528 2
602 529 4
602 540 -2
602 541 4
602 551 2
602 644 4
602 651 8
602 668 80
602 669 8
602 670 8
602 671 12
603 526 2
603 527 6
603 528 6
603 529 2
603 540 -4
603 541 4
603 552 2
603 645 4
603 651 8
603 670 8
603 671 12
604 525 4
604 526 10
604 527 -4
604 528 4
604 529 2
604 530 8
604 531 -2
604 534 -4
604 537 -2
604 542 -2
604 543 -2
604 544 2
604 545 2
604 546 -2
604 553 4
604 652 12
604 669 8
604 673 4
604 674 12
605 525 2
605 526 4
605 527 2
605 528 -2
605 530 -2
605 531 2
605 532 4
605 533 2
605 537 -2
605 538 -2
605 542 -2
605 543 4
605 544 -4
605 547 -2
605 548 2
605 554 4
605 652 4
605 653 8
605 669 8
605 672 -2
605 673 4
605 674 6
606 527 2
606 528 2
606 530 -4
606 531 -2
606 532 8
606 534 4
606 535 4
606 537 -2
606 538 -4
606 543 2
606 544 -2
606 545 -2
606 546 2
606 548 2
606 555 4
606 652 4
606 654 16
606 672 -4
606 673 8
607 525 2
607 527 -2
607 528 2
607 529 4
607 530 -2
607 531 -2
607 533 10
607 536 -4
607 537 2
607 538 -2
607 542 -2
607 545 4
607 546 -4
607 547 -2
607 548 2
607 556 4
607 652 4
607 653 -8
607 669 8
607 672 -6
607 673 12
607 674 -6
608 526 -2
608 527 2
608 528 2
608 529 -2
608 533 -4
608 535 4
608 543 2
608 544 -2
608 545 -2
608 546 2
608 547 2
608 557 4
608 654 8
608 669 16
608 673 4
609 525 8
609 549 4
609 563 2
609 651 8
609 655 20
609 675 12
610 525 4
610 526 6
610 527 -2
610 528 -2
610 529 6
610 530 8
610 531 -2
610 533 -4
610 537 -2
610 550 -2
610 551 -2
610 552 4
610 564 4
610 652 8
610 656 8
610 676 8
611 526 4
611 527 4
611 528 -4
611 529 -4
611 533 4
611 535 4
611 537 -8
611 551 4
611 552 -4
611 565 4
611 653 8
611 672 -8
611 676 -8
612 526 -2
612 527 2
612 528 2
612 529 -2
612 531 -2
612 533 -4
612 536 8
612 537 -2
612 551 4
612 552 -2
612 566 4
612 654 8
612 656 4
612 672 4
612 676 4
613 525 -4
613 526 -6
613 527 -2
613 528 -2
613 529 2
613 532 2
613 534 4
613 535 -4
613 536 2
613 553 4
613 554 2
613 556 -2
613 567 -2
613 657 12
613 670 8
613 676 8
614 525 2
614 526 -4
614 527 4
614 528 -2
614 531 -6
614 532 -4
614 533 2
614 534 -2
614 535 6
614 553 2
614 554 -2
614 555 2
614 556 2
614 557 4
614 568 -2
614 657 4
614 658 8
614 670 8
614 673 12
614 675 18
614 676 -4
615 525 2
615 527 -2
615 528 4
615 529 -4
615 533 -6
615 534 -2
615 535 -2
615 536 4
615 537 2
615 553 -2
615 554 -2
615 555 6
615 556 2
615 557 -4
615 569 -2
615 657 4
615 658 8
615 670 8
615 673 4
615 675 18
615 676 12
616 526 2
616 529 2
616 531 -2
616 532 2
616 533 -4
616 536 2
616 537 -2
616 554 -2
616 556 2
616 557 4
616 570 -2
616 658 4
616 670 8
616 676 8
617 526 -2
617 529 -2
617 558 -2
617 561 -2
617 659 16
617 671 16
617 675 12
618 525 4
618 526 -4
618 529 4
618 530 -4
618 558 -4
618 559 4
618 560 -4
618 561 4
618 562 -4
618 659 4
618 660 12
618 671 16
618 674 -4
618 675 12
619 571 2
619 655 12
619 668 16
620 526 -4
620 527 4
620 528 -4
620 529 4
620 563 2
620 572 4
620 656 12
620 669 16
620 674 -12
621 526 -2
621 527 6
621 528 6
621 529 -2
621 531 -6
621 534 8
621 537 -6
621 564 4
621 565 2
621 574 2
621 657 8
621 661 8
622 525 4
622 526 2
622 527 2
622 528 2
622 529 2
622 530 -4
622 531 2
622 532 8
622 533 -4
622 534 4
622 535 12
622 537 -6
622 538 -12
622 565 -6
622 566 8
622 574 2
622 658 8
622 661 8
622 671 24
622 673 8
623 525 4
623 526 2
623 527 8
623 528 8
623 529 -6
623 530 -4
623 531 -2
623 532 -2
623 533 -4
623 534 8
623 536 -2
623 537 -2
623 567 -2
623 572 4
623 659 12
623 661 12
623 670 8
624 525 4
624 526 2
624 527 4
624 528 4
624 529 2
624 530 -4
624 531 2
624 532 -6
624 533 -12
624 536 2
624 537 10
624 567 -4
624 568 6
624 569 -2
624 570 -6
624 573 4
624 660 12
624 661 4
624 670 16
624 672 4
625 540 8
625 541 -8
625 542 8
625 563 8
625 646 4
625 651 4
625 662 20
625 669 -4
625 677 12
626 539 -4
626 571 12
626 647 4
626 662 8
626 668 16
627 539 -8
627 540 -8
627 541 -8
627 648 4
627 669 4
627 670 4
627 677 -12
628 539 4
628 558 8
628 559 2
628 560 2
628 649 4
628 663 8
628 671 -4
629 540 -4
629 541 4
629 558 4
629 559 6
629 560 6
629 650 4
629 663 8
629 671 -4
629 677 -8
630 549 -4
630 571 8
630 655 4
630 662 8
631 543 -4
631 544 4
631 545 -4
631 546 4
631 573 4
631 656 4
631 669 -8
631 672 4
632 542 -4
632 543 -6
632 546 2
632 554 10
632 555 -4
632 556 -2
632 657 4
632 664 8
632 673 -4
633 542 4
633 543 -2
633 546 -2
633 547 -8
633 548 4
633 554 -2
633 556 2
633 557 -4
633 658 4
633 664 8
633 673 -4
633 677 24
634 543 -2
634 546 -2
634 558 -4
634 559 -10
634 560 -2
634 561 -4
634 562 4
634 572 -4
634 659 4
634 665 12
634 674 4
634 677 8
635 542 4
635 543 -6
635 546 2
635 558 -4
635 559 -2
635 560 -2
635 561 4
635 562 -4
635 573 -4
635 660 4
635 665 4
635 677 16
636 542 4
636 544 8
636 545 8
636 546 -8
636 547 -8
636 548 -4
636 565 8
636 566 -8
636 567 -4
636 568 -8
636 570 12
636 661 4
636 664 8
636 665 12
636 672 -4
636 673 -4
637 549 4
637 558 8
637 663 8
637 675 -4
638 551 -8
638 554 4
638 555 -4
638 556 -12
638 568 4
638 569 -4
638 664 8
638 666 12
638 670 8
638 672 4
638 676 -8
639 551 -4
639 558 -4
639 559 -4
639 560 -4
639 561 -8
639 562 8
639 564 -4
639 665 8
639 666 8
639 671 8
640 553 -4
640 554 -8
640 557 -8
640 564 -4
640 565 -4
640 566 -4
640 667 24
640 673 4
640 676 4
641 553 4
641 559 -4
641 560 4
641 563 4
641 666 -12
641 674 4
641 675 -12
641 677 -16
642 575 -4
642 577 -4
642 678 4
642 679 -20
642 680 12
643 575 4
643 576 2
643 578 2
643 580 -2
643 581 -2
643 678 24
644 576 -2
644 577 4
644 578 4
644 580 2
644 581 2
644 583 -4
644 584 -2
644 678 24
644 681 40
644 682 8
644 683 8
644 684 12
645 576 -4
645 577 4
645 579 2
645 580 2
645 581 2
645 582 2
645 583 -2
645 584 -4
645 678 24
645 683 8
645 684 12
646 576 8
646 577 -8
646 586 4
646 587 -4
646 588 -4
646 589 4
646 678 12
646 679 60
646 682 -4
646 685 12
647 575 -4
647 589 -2
647 597 6
647 679 24
647 681 8
648 575 -8
648 576 -8
648 577 -8
648 590 -4
648 592 -4
648 598 -4
648 682 4
648 683 4
648 685 -12
649 575 4
649 593 2
649 599 -2
649 680 24
649 684 -4
650 576 -4
650 577 4
650 593 4
650 594 2
650 595 2
650 596 -6
650 600 -2
650 680 24
650 684 -4
650 685 -8
651 578 8
651 585 4
651 589 2
651 601 4
651 602 -4
651 603 -4
651 609 6
651 678 12
651 681 40
651 686 12
652 578 4
652 579 10
652 580 -6
652 581 2
652 582 2
652 583 -4
652 586 -2
652 587 -2
652 588 4
652 590 4
652 604 2
652 605 -4
652 606 -2
652 607 -4
652 610 4
652 682 16
652 687 -12
652 688 8
653 579 4
653 580 4
653 581 -4
653 582 -4
653 583 -4
653 584 4
653 587 4
653 588 -4
653 591 4
653 611 4
653 687 -12
653 688 -8
654 579 -2
654 580 2
654 581 2
654 582 -2
654 583 -4
654 584 4
654 587 4
654 588 -2
654 592 4
654 605 -2
654 607 -2
654 608 -2
654 612 4
654 682 8
654 688 4
655 597 2
655 609 -2
655 619 8
655 681 16
656 579 -4
656 580 4
656 581 -4
656 582 4
656 589 2
656 598 4
656 610 -4
656 612 -4
656 620 6
656 682 16
656 687 12
657 578 -4
657 579 -6
657 582 2
657 590 4
657 591 2
657 599 -2
657 613 2
657 621 -4
657 683 16
658 578 4
658 579 -2
658 582 -2
658 583 -8
658 584 4
658 591 -6
658 592 8
658 600 -2
658 613 4
658 614 2
658 615 2
658 616 -6
658 622 -4
658 683 16
658 686 24
658 688 16
659 579 -2
659 582 -2
659 593 -2
659 617 4
659 618 -2
659 623 -2
659 684 24
659 686 8
660 578 4
660 579 -6
660 582 2
660 593 -4
660 594 6
660 595 -2
660 596 -6
660 617 4
660 618 -2
660 624 -2
660 684 8
660 686 16
660 687 4
661 578 4
661 580 8
661 581 8
661 582 -8
661 583 -8
661 584 -4
661 598 4
661 599 -2
661 600 2
661 621 4
661 622 -4
661 623 2
661 624 -6
661 683 16
661 684 24
662 585 -4
662 597 8
662 625 -2
662 626 4
662 630 6
662 679 12
662 681 8
663 585 4
663 593 8
663 628 4
663 629 -4
663 637 6
663 680 12
663 686 -4
664 587 -8
664 591 8
664 592 -8
664 632 4
664 633 -4
664 636 -4
664 638 4
664 683 8
664 685 24
664 688 -8
665 587 -4
665 593 -4
665 594 -8
665 596 12
665 598 -4
665 634 2
665 635 -6
665 636 -2
665 639 4
665 684 8
665 685 16
665 687 -4
666 589 -4
666 590 -4
666 594 4
666 595 -4
666 638 -2
666 639 -4
666 641 -6
666 685 16
666 686 8
666 687 4
667 590 -4
667 591 -4
667 592 -4
667 640 -4
667 688 4
668 619 8
668 626 2
668 681 4
669 620 8
669 625 2
669 627 4
669 631 -2
669 682 4
670 602 -8
670 613 8
670 627 4
670 638 2
670 683 4
670 686 12
671 602 -4
671 617 8
671 618 -4
671 628 -2
671 629 2
671 639 2
671 684 4
671 686 8
672 605 4
672 606 -4
672 607 -12
672 611 -8
672 612 8
672 624 4
672 631 4
672 636 -4
672 638 4
672 687 12
673 604 -4
673 605 -8
673 608 -8
673 613 4
673 614 8
673 616 -12
673 632 -2
673 633 2
673 636 2
673 640 8
673 688 16
674 604 4
674 618 -4
674 620 -4
674 634 4
674 641 4
674 687 -12
675 609 -4
675 637 2
675 641 -2
675 686 8
676 610 -4
676 611 -4
676 612 -4
676 614 -4
676 615 4
676 638 2
676 640 4
676 688 8
677 625 -4
677 627 -4
677 641 -8
677 685 4
677 686 4
678 642 4
678 643 4
678 644 -4
678 645 -4
678 689 80
678 690 12
679 642 -4
679 646 -2
679 647 4
679 689 16
680 642 4
680 649 4
680 650 -4
680 690 -4
681 647 2
681 651 -2
681 655 6
681 689 24
682 646 2
682 648 4
682 652 -4
682 654 -4
682 656 4
683 644 -8
683 648 4
683 657 4
683 658 -4
683 661 -4
683 690 36
684 644 -4
684 649 -2
684 650 2
684 659 2
684 660 -6
684 661 -2
684 690 24
685 646 -4
685 648 -4
685 664 -2
685 665 -4
685 666 4
685 690 12
686 651 -4
686 663 2
686 666 2
686 670 -2
686 671 -4
686 675 6
686 690 12
687 652 -4
687 656 4
687 660 4
687 665 -4
687 666 4
687 672 -2
687 674 -6
688 652 -4
688 653 -4
688 654 -4
688 664 2
688 667 12
688 673 -4
688 676 4
689 678 -2
690 678 -4
690 680 2
690 683 -2
690 684 -4
691 696 8
691 697 4
691 702 -28
691 703 8
691 704 12
691 708 -20
691 710 8
692 697 4
692 698 -4
692 701 8
692 702 -28
692 703 -8
692 704 12
692 708 -20
692 710 -8
693 696 8
693 698 4
693 699 4
693 701 -8
693 703 8
693 706 12
693 709 -20
693 710 8
694 699 4
694 700 -4
694 705 -12
694 706 12
694 707 8
694 709 -20
694 710 -8
695 696 4
695 700 4
695 701 -4
695 703 4
695 705 12
695 707 -4
695 710 4
696 691 -4
696 693 -4
696 695 -4
696 711 4
696 712 -28
696 713 12
696 714 -20
697 691 4
697 692 2
697 711 8
698 692 -2
698 693 4
698 694 4
698 711 8
698 715 56
698 716 8
698 717 8
698 718 12
698 719 -12
698 721 20
698 722 8
699 692 -4
699 693 4
699 694 2
699 711 8
699 717 8
699 718 12
700 694 -6
700 695 8
700 711 8
700 717 8
700 719 12
700 720 24
700 721 20
700 722 8
701 692 8
701 693 -8
701 695 -8
701 711 4
701 712 28
701 716 -4
701 724 20
701 725 12
702 691 -4
702 712 8
702 715 8
703 691 -8
703 692 -8
703 693 -8
703 695 -8
703 716 4
703 717 4
703 724 -20
703 726 12
704 691 4
704 713 8
704 718 -4
705 694 -4
705 695 8
705 713 8
705 718 -4
705 719 4
705 723 40
705 725 -8
705 726 8
706 692 -4
706 693 4
706 713 8
706 719 -4
706 720 -8
706 726 8
707 694 8
707 695 -8
707 713 12
707 714 20
707 717 4
707 722 -4
707 726 -12
708 691 -4
708 714 8
708 721 4
709 692 4
709 693 -4
709 714 8
709 721 4
709 723 24
709 724 8
710 691 -4
710 692 -4
710 693 -4
710 694 -4
710 695 -4
710 722 4
710 725 -12
711 696 4
711 697 4
711 698 -4
711 699 -4
711 700 -4
711 727 56
711 729 20
711 730 12
712 696 -4
712 701 -2
712 702 4
712 727 8
713 696 4
713 704 4
713 705 -4
713 706 -4
713 707 -2
713 728 40
713 730 -4
714 696 -4
714 707 -2
714 708 4
714 709 -4
714 728 24
714 729 4
715 702 2
715 727 4
716 701 2
716 703 4
716 731 12
717 698 -8
717 700 -8
717 703 4
717 707 -2
717 729 20
717 732 24
718 700 -4
718 704 -2
718 705 -2
718 706 4
718 730 8
718 732 8
719 698 -4
719 700 4
719 705 4
719 706 -4
719 731 -8
719 732 -8
720 698 -4
720 705 4
720 706 -2
720 730 4
720 731 4
720 732 4
721 698 -4
721 708 2
721 709 -2
721 729 8
722 698 -8
722 707 2
722 710 8
722 730 12
722 731 -12
723 728 4
724 701 -4
724 703 -4
724 729 4
725 701 -4
725 710 -8
725 730 4
725 731 4
726 703 4
726 705 -8
726 707 4
726 731 4
726 732 -8
727 711 -2
728 713 -2
728 714 -2
729 711 -4
729 714 -2
729 717 -2
729 721 -4
730 711 -4
730 713 2
730 718 -4
730 720 -4
730 722 -2
731 716 4
731 719 -8
731 720 8
731 722 -4
731 725 4
731 726 4
732 717 -4
732 718 -4
732 719 -4
732 720 -4
732 726 2
734 734 0
