2 44 2
3 43 -2
3 45 2
4 44 -2
4 46 2
5 45 -2
6 46 -2
7 48 2
8 47 -2
8 49 2
8 53 2
8 60 -2
9 48 -2
9 50 2
9 57 2
10 49 -2
10 50 -2
10 62 2
10 66 2
11 52 -2
11 54 2
11 64 -2
12 53 -2
12 56 -2
12 58 2
12 65 -2
12 66 -2
13 54 -2
13 61 -2
14 57 -2
14 58 -2
14 62 -2
15 68 2
16 67 -2
16 69 2
16 72 2
16 78 -2
17 68 -2
17 76 2
18 69 -2
18 80 2
19 71 -2
19 73 2
19 82 -2
19 90 2
19 95 -2
20 72 -2
20 73 -2
20 75 -2
20 79 -2
20 80 -2
20 93 2
20 102 -2
21 76 -2
22 89 -2
22 96 -2
23 90 -2
23 92 -2
23 93 -2
23 100 -2
24 104 2
25 103 -2
25 105 2
25 108 2
25 113 -2
26 104 -2
26 105 -2
26 111 2
27 107 -2
27 114 -2
27 121 2
27 125 -2
28 108 -2
28 110 -2
28 111 -2
28 128 -2
29 120 -2
29 121 -2
29 123 -2
29 137 -2
30 135 -2
31 140 2
32 139 -2
32 143 2
32 147 -2
33 140 -2
34 142 -2
34 143 -2
34 145 -2
34 154 -2
35 152 -2
35 160 -2
36 165 2
37 164 -2
37 165 -2
37 169 -2
38 167 -2
38 173 -2
40 178 -2
40 180 -2
41 185 -2
43 2 -36
43 3 -64
43 4 -84
43 5 -96
43 6 -100
43 261 -4
43 272 -4
43 278 -4
44 261 4
44 262 -4
44 273 -4
44 279 -4
45 261 4
45 262 4
45 263 -4
45 272 8
45 278 4
45 279 4
45 280 -4
46 261 -4
46 262 4
46 263 8
46 273 12
46 278 8
46 279 4
46 280 8
47 1 -20
47 7 -64
47 8 -56
47 9 -72
47 10 -80
47 190 2
47 192 2
47 194 2
47 197 2
47 202 2
47 206 2
47 314 -4
47 320 -4
48 195 4
48 203 4
48 210 4
48 314 4
48 315 -4
48 321 -4
49 191 2
49 201 2
49 204 2
49 314 4
49 315 4
49 320 8
49 321 4
50 194 2
50 197 2
50 200 -2
50 203 -2
50 207 -2
50 314 -4
50 315 8
50 320 4
50 321 8
51 190 2
51 192 -2
51 193 2
51 198 -2
51 199 2
52 1 -20
52 8 -28
52 11 -96
52 12 -60
52 13 -64
52 189 -6
52 191 -4
52 193 2
52 196 -4
52 198 2
52 200 2
52 205 -4
52 207 2
52 208 2
52 355 -4
52 359 -4
53 190 -4
53 192 -4
53 194 -2
53 197 -2
53 201 2
53 202 -2
53 204 2
53 206 -2
53 355 4
53 356 -4
54 193 -4
54 195 -2
54 196 2
54 198 -4
54 200 -2
54 207 -2
54 208 -6
54 210 -4
54 355 4
54 356 8
54 359 12
55 190 -2
55 192 2
55 194 2
55 197 -2
55 200 2
55 201 2
55 204 -2
55 207 -2
56 1 -20
56 9 -24
56 12 -40
56 14 -96
56 190 -2
56 191 -2
56 192 -2
56 194 -2
56 197 -2
56 201 -2
56 202 -2
56 204 -2
56 206 -2
56 369 -4
57 194 -2
57 195 -4
57 197 -2
57 200 -2
57 203 -6
57 207 -2
57 210 -4
57 369 4
58 200 -2
58 201 -2
58 202 -2
58 203 -2
58 204 -2
58 205 4
58 206 -2
58 207 -2
58 369 8
59 190 -2
59 192 2
59 193 -4
59 194 -2
59 197 2
59 198 4
59 199 -2
59 201 -2
59 202 2
59 204 2
59 206 -2
59 209 2
60 1 -20
60 8 -8
60 190 2
60 191 -2
60 192 2
61 1 -20
61 10 -20
61 13 -64
61 14 -36
61 193 -4
61 195 -2
61 196 -2
61 198 -4
61 200 -2
61 207 -2
61 208 -2
61 373 -4
62 194 -2
62 197 -2
62 201 -2
62 202 -2
62 204 -2
62 206 -2
62 373 8
63 190 2
63 192 -2
63 194 -2
63 197 2
63 199 -4
63 200 -6
63 201 -2
63 202 -4
63 204 2
63 206 4
63 207 6
63 209 -4
64 1 -20
64 9 -12
64 11 -16
64 189 -2
64 193 2
64 195 2
64 196 -2
64 198 2
65 1 -20
65 10 -16
65 12 -24
65 190 -2
65 192 -2
65 201 2
65 204 2
65 205 -4
66 191 -2
66 200 2
66 202 -2
66 203 2
66 206 -2
66 207 2
67 2 -18
67 15 -84
67 16 -48
67 17 -60
67 18 -64
67 212 2
67 214 2
67 216 2
67 219 2
67 223 2
67 394 -4
67 398 -4
68 217 4
68 224 4
68 394 4
68 395 -4
69 213 2
69 221 -2
69 222 2
69 224 -2
69 394 4
69 395 8
69 398 12
70 212 2
70 214 -2
70 215 2
70 220 -2
70 226 2
70 227 2
70 229 4
70 232 2
70 233 2
71 2 -18
71 3 -16
71 16 -48
71 19 -80
71 20 -48
71 211 -6
71 213 -4
71 215 2
71 218 -4
71 220 2
71 221 2
71 222 -2
71 236 2
71 238 2
71 240 2
71 243 2
71 261 -2
71 417 -4
72 212 -4
72 214 -4
72 216 -2
72 219 -2
72 221 -2
72 222 2
72 223 -2
72 224 -2
72 241 4
72 262 -2
72 417 4
73 215 -4
73 217 -2
73 218 2
73 220 -4
73 221 -2
73 222 2
73 223 -4
73 237 2
73 240 -2
73 243 -2
73 263 -2
73 417 8
74 212 -2
74 214 2
74 216 2
74 219 -2
74 221 2
74 222 2
74 245 2
74 246 2
74 248 4
74 250 2
75 2 -18
75 4 -14
75 17 -40
75 20 -32
75 21 -108
75 212 -2
75 213 -2
75 214 -2
75 215 -2
75 216 -2
75 217 -2
75 219 -2
75 220 -2
75 223 -2
75 252 2
75 254 2
75 255 2
75 424 -4
76 216 -4
76 217 -4
76 219 -4
76 224 -4
76 255 -4
76 424 8
77 212 -2
77 214 2
77 215 -4
77 216 -2
77 219 2
77 220 4
77 221 -2
77 222 -2
77 257 2
77 258 2
77 260 4
77 274 2
78 2 -18
78 5 -8
78 16 -16
78 212 2
78 213 -2
78 214 2
78 262 2
79 2 -18
79 5 -12
79 18 -64
79 20 -24
79 212 -2
79 214 -2
79 215 -2
79 218 -2
79 220 -2
79 221 -2
79 222 2
79 279 2
80 213 -2
80 221 2
80 222 -2
80 223 -4
80 224 2
80 267 -4
80 280 4
81 212 2
81 214 -2
81 215 -2
81 216 -4
81 219 4
81 220 2
81 221 -4
81 222 -4
81 269 2
81 270 2
81 271 6
81 277 -4
82 2 -18
82 6 -20
82 17 -24
82 19 -16
82 211 -2
82 215 2
82 217 2
82 218 -2
82 220 2
82 273 2
82 275 -2
83 225 -4
83 226 -2
83 227 -2
83 231 -2
83 232 2
83 233 2
83 234 6
83 236 2
83 238 -2
83 239 2
83 264 -6
84 226 -2
84 227 -2
84 244 2
85 226 -2
85 227 -2
85 229 -4
85 231 4
85 252 2
85 254 -2
85 274 -2
86 225 2
86 228 -2
86 229 -2
86 230 -2
86 256 2
87 229 2
87 232 -2
87 233 -2
87 234 -6
87 266 2
87 276 2
88 226 2
88 227 2
88 231 -4
88 232 -2
88 233 -2
88 268 2
89 3 -16
89 19 -20
89 22 -96
89 23 -36
89 235 -6
89 237 -4
89 241 -2
89 242 -4
89 272 -2
89 440 -4
90 236 -4
90 238 -4
90 240 -4
90 243 -4
90 273 -2
90 440 8
91 236 -2
91 238 2
91 240 2
91 243 -2
91 244 -4
91 245 -2
91 246 -2
91 250 4
91 274 -4
92 3 -16
92 4 -14
92 20 -16
92 23 -96
92 236 -4
92 237 -2
92 238 -4
92 240 -2
92 243 -2
92 251 -6
92 252 -2
92 253 -4
92 254 -2
92 278 -4
92 279 -2
93 237 -2
93 240 -2
93 241 -4
93 243 -2
93 252 -4
93 253 -2
93 254 -4
93 255 -2
93 279 -2
93 280 -4
94 236 -2
94 238 2
94 239 -6
94 240 -4
94 243 4
94 256 -4
94 257 -2
94 258 -2
94 259 2
94 260 2
94 276 2
94 277 2
95 3 -16
95 6 -20
95 19 -16
95 236 2
95 237 -2
95 238 2
95 261 -2
95 263 2
95 275 -6
96 3 -16
96 5 -12
96 20 -12
96 22 -48
96 235 -2
96 241 2
96 242 -4
96 265 -8
96 267 -4
96 272 -2
97 245 -2
97 246 -2
97 247 2
97 248 -2
97 249 2
97 250 -2
97 252 -2
97 254 2
97 277 4
98 244 2
98 247 -2
98 248 -2
98 249 -2
98 257 2
98 258 2
99 245 2
99 246 2
99 247 -2
99 249 -2
99 250 -4
99 266 -4
99 269 2
99 270 2
100 4 -14
100 21 -36
100 23 -16
100 251 -2
100 252 -2
100 253 -2
100 254 -2
100 255 -2
100 273 -2
101 252 -4
101 254 4
101 260 -4
101 268 -2
101 269 2
101 270 2
101 271 6
102 4 -14
102 5 -12
102 20 -8
102 252 2
102 253 -2
102 254 2
102 262 -2
102 263 -2
102 267 -4
103 7 -16
103 24 -96
103 25 -40
103 26 -48
103 282 2
103 284 2
103 286 2
103 289 2
103 454 -4
104 287 4
104 454 4
105 283 2
105 286 -2
105 289 -2
105 454 8
106 282 2
106 284 -2
106 285 2
106 291 2
106 292 2
106 294 4
106 296 2
107 7 -16
107 8 -14
107 25 -60
107 27 -64
107 28 -36
107 281 -6
107 283 -4
107 287 -2
107 288 -4
107 298 2
107 300 2
107 301 2
107 314 -2
107 466 -4
108 282 -4
108 284 -4
108 286 -4
108 289 -4
108 301 -4
108 315 -2
108 466 8
109 282 -2
109 284 2
109 286 2
109 289 -2
109 303 2
109 304 2
109 306 4
110 7 -16
110 9 -12
110 26 -48
110 28 -48
110 282 -4
110 283 -2
110 284 -4
110 286 -2
110 289 -2
111 283 -2
111 286 -2
111 287 -4
111 289 -2
111 309 -4
112 282 -2
112 284 2
112 285 -6
112 286 -4
112 289 4
112 311 2
112 312 2
112 313 6
112 322 2
113 7 -16
113 10 -8
113 25 -24
113 282 2
113 283 -2
113 284 2
113 315 2
114 7 -16
114 10 -10
114 26 -36
114 27 -16
114 281 -2
114 287 2
114 288 -4
114 317 -2
114 321 2
115 290 -4
115 291 -2
115 292 -2
115 296 4
115 298 2
115 300 -2
115 316 -6
115 324 2
115 325 2
115 327 4
115 337 -2
116 291 -2
116 292 -2
116 302 2
116 329 2
117 291 -2
117 292 -2
117 293 2
117 294 -2
117 295 2
117 296 -2
117 308 2
117 322 -2
117 332 2
117 333 2
117 334 6
118 290 2
118 293 -2
118 294 -2
118 295 -2
118 310 2
118 336 2
118 344 2
119 291 2
119 292 2
119 293 -2
119 295 -2
119 296 -4
119 318 2
119 340 4
119 342 2
120 8 -14
120 11 -12
120 27 -32
120 29 -72
120 297 -6
120 298 -2
120 299 -4
120 300 -2
120 320 -2
120 355 -2
121 298 -4
121 299 -2
121 300 -4
121 301 -2
121 321 -2
121 347 -4
121 356 -2
122 298 -2
122 300 2
122 302 -4
122 303 -2
122 304 -2
122 305 2
122 306 2
122 322 -4
122 349 2
122 350 2
122 351 6
122 364 -2
123 8 -14
123 9 -12
123 12 -10
123 28 -48
123 29 -48
123 297 -2
123 298 -2
123 299 -2
123 300 -2
123 301 -2
123 307 -8
123 309 -4
123 320 -2
123 321 -2
123 352 -2
123 369 -2
124 298 -4
124 300 4
124 310 -4
124 318 2
124 319 2
124 354 4
124 358 -2
124 371 -2
125 8 -14
125 10 -10
125 13 -16
125 27 -32
125 298 2
125 299 -2
125 300 2
125 314 -2
125 317 -6
125 356 2
125 373 -4
126 306 -4
126 308 -4
126 319 4
126 361 4
127 302 2
127 305 -4
127 306 -2
127 311 2
127 312 2
127 363 2
127 366 2
128 9 -12
128 14 -8
128 28 -16
128 309 -4
128 315 -2
129 323 -4
129 324 -2
129 325 -2
129 326 2
129 327 2
129 343 -2
129 346 2
129 357 -6
130 324 -2
130 325 -2
130 328 -2
130 330 2
130 344 -4
130 348 2
130 365 6
131 327 -4
131 331 -4
131 341 -2
131 342 -2
131 358 2
131 370 -6
132 323 2
132 326 -4
132 327 -2
132 335 -2
132 339 -2
132 340 -2
132 353 2
132 372 6
133 329 -2
133 330 -2
133 332 -2
133 333 -2
133 340 -4
133 360 2
133 366 2
134 331 2
134 332 -2
134 333 -2
134 334 -6
134 336 -2
134 368 2
135 11 -12
135 29 -12
135 30 -160
135 345 -8
135 347 -4
135 359 -4
136 346 -4
136 348 -4
136 358 4
136 367 -2
137 11 -12
137 12 -10
137 29 -24
137 347 -4
137 352 -6
137 355 -2
137 356 -2
137 369 -2
138 348 2
138 349 -2
138 350 -2
138 351 -6
138 354 4
138 360 -2
138 361 -2
138 362 -2
138 363 -2
138 368 4
139 15 -14
139 31 -100
139 32 -32
139 33 -36
139 375 2
139 377 2
139 378 2
139 482 -4
140 378 -4
140 482 8
141 375 2
141 377 -2
141 380 2
141 381 2
141 383 4
142 15 -14
142 16 -12
142 32 -64
142 34 -48
142 374 -6
142 375 -2
142 376 -4
142 377 -2
142 394 -2
143 375 -4
143 376 -2
143 377 -4
143 378 -2
143 386 -4
143 395 -2
144 375 -2
144 377 2
144 388 2
144 389 2
144 390 6
145 15 -14
145 17 -10
145 33 -96
145 34 -16
145 374 -2
145 375 -2
145 376 -2
145 377 -2
145 378 -2
145 391 -2
146 375 -4
146 377 4
146 393 4
146 397 -2
147 15 -14
147 18 -16
147 32 -32
147 375 2
147 376 -2
147 377 2
147 395 2
148 379 -4
148 380 -2
148 381 -2
148 382 2
148 383 2
148 385 2
148 396 -6
148 400 2
148 401 2
148 402 6
148 409 -2
149 380 -2
149 381 -2
149 387 2
149 404 2
150 383 -4
150 397 2
150 406 4
151 379 2
151 382 -4
151 383 -2
151 392 2
151 408 2
151 411 2
152 16 -12
152 19 -10
152 34 -36
152 35 -96
152 384 -8
152 386 -4
152 398 -4
152 413 -2
152 417 -2
153 385 -4
153 387 -4
153 397 4
153 415 4
153 421 -2
154 16 -12
154 17 -10
154 20 -8
154 34 -48
154 386 -4
154 391 -6
154 394 -2
154 395 -2
154 424 -4
155 387 2
155 388 -2
155 389 -2
155 390 -6
155 393 4
155 419 2
156 399 -4
156 412 -2
156 418 -6
156 426 4
156 431 -2
157 400 -2
157 401 -2
157 403 -2
157 411 -4
157 414 2
157 422 6
157 428 2
157 435 -2
158 399 2
158 400 -2
158 401 -2
158 402 -6
158 405 -2
158 406 -2
158 407 -2
158 408 -2
158 416 2
158 423 6
158 429 2
158 437 -2
159 404 -2
159 406 -4
159 419 2
160 19 -10
160 22 -8
160 35 -64
160 413 -6
160 417 -2
160 440 -4
161 414 -2
161 415 -2
161 416 4
161 420 -2
161 438 2
161 442 -2
162 425 -2
162 426 -2
162 430 -2
162 439 6
163 426 -4
163 427 -2
163 428 -2
163 429 -4
163 433 -2
163 438 2
163 441 6
164 24 -12
164 36 -96
164 37 -24
165 445 -4
166 444 2
166 447 2
166 448 2
166 449 6
167 24 -12
167 25 -10
167 37 -60
167 38 -48
167 443 -8
167 445 -4
167 450 -2
167 454 -2
168 444 -4
168 452 4
169 24 -12
169 26 -8
169 37 -40
169 445 -4
170 446 -4
170 455 -6
170 457 4
170 462 -2
171 447 -2
171 448 -2
171 451 2
171 459 2
172 446 2
172 447 -2
172 448 -2
172 449 -6
172 453 2
172 460 2
173 25 -10
173 27 -8
173 38 -96
173 450 -6
173 454 -2
173 466 -4
174 451 -2
174 452 -2
174 453 4
174 464 2
174 468 -2
175 456 -2
175 457 -2
175 461 -2
175 465 6
175 469 2
175 472 -2
176 457 -4
176 458 -2
176 459 -2
176 460 -4
176 464 2
176 467 6
176 473 -2
177 469 -4
177 470 -2
177 474 6
177 476 -2
178 31 -10
178 39 -84
178 40 -16
178 477 -2
179 479 4
180 31 -10
180 32 -8
180 40 -96
180 477 -6
180 482 -4
181 480 2
182 478 -2
182 479 -2
182 481 6
182 483 2
182 486 -2
183 479 -4
183 480 2
184 483 -4
184 484 -2
184 487 6
184 489 -2
185 36 -8
185 41 -64
186 490 2
187 490 -4
187 491 6
187 493 -2
189 47 -8
189 48 -4
189 52 -8
189 56 -12
189 60 -28
189 61 -16
189 64 -24
189 65 -20
189 553 -4
189 564 -4
189 572 -4
190 48 -4
190 49 -4
190 53 -8
190 55 4
190 57 -6
190 59 2
190 62 -8
190 66 -10
190 553 2
190 554 -4
190 559 6
190 565 -4
190 567 -2
190 568 2
190 572 4
190 573 -2
190 574 2
191 47 -8
191 52 -16
191 56 -12
191 61 -16
191 64 -24
191 65 -20
191 555 -4
191 559 -6
191 560 6
191 566 -8
191 568 -2
191 569 2
191 572 -4
192 48 -4
192 49 -4
192 53 -8
192 55 -4
192 57 -6
192 59 -2
192 62 -8
192 66 -10
192 553 2
192 556 -4
192 560 -6
192 565 4
192 567 2
192 569 -2
192 572 4
192 573 -2
192 574 -2
193 49 -4
193 50 -4
193 54 -8
193 55 4
193 57 -6
193 58 -6
193 59 4
193 63 2
193 66 10
193 553 2
193 554 2
193 556 4
193 558 6
193 561 6
193 564 8
193 569 2
193 572 2
193 573 4
194 48 -4
194 53 -8
194 57 -6
194 59 2
194 62 -8
194 63 2
194 66 -10
194 555 2
194 557 -4
194 562 6
194 565 4
194 570 6
194 573 -2
194 574 2
195 50 -4
195 54 -8
195 554 2
195 556 2
195 557 4
195 566 8
195 568 2
195 569 -2
195 573 4
196 47 -8
196 52 -16
196 56 -24
196 61 -16
196 65 -20
196 555 -4
196 564 -4
197 48 -4
197 53 -8
197 57 -6
197 59 -2
197 62 -8
197 63 -2
197 66 -10
197 555 2
197 557 -4
197 562 -6
197 565 -4
197 570 -6
197 573 -2
197 574 -2
198 49 -4
198 50 -4
198 54 -8
198 55 -4
198 57 -6
198 58 -6
198 59 -4
198 63 -2
198 66 10
198 553 2
198 554 4
198 556 2
198 558 -6
198 561 -6
198 564 8
198 568 -2
198 572 2
198 573 4
199 55 4
199 59 4
199 63 4
199 554 2
199 556 -2
199 559 6
199 560 6
199 565 4
199 567 4
200 49 -4
200 54 -8
200 58 -6
200 59 2
200 63 2
200 553 2
200 554 4
200 555 2
200 557 2
200 562 6
200 566 8
200 567 2
200 568 2
200 569 2
200 572 2
200 573 2
200 574 -2
201 50 4
201 58 -6
201 59 2
201 555 4
201 557 -2
201 560 6
201 565 -4
201 567 2
201 569 2
201 572 -2
201 573 -2
201 574 -2
202 48 -4
202 53 -8
202 57 -12
202 62 -8
202 63 2
202 553 2
202 555 2
202 556 -4
202 559 -6
202 562 6
202 567 2
202 568 -2
202 570 6
203 557 8
204 50 4
204 58 -6
204 59 -2
204 555 4
204 557 -2
204 559 -6
204 565 4
204 567 -2
204 568 -2
204 572 -2
204 573 -2
204 574 2
205 47 -4
205 52 -8
205 56 -12
205 61 -16
205 553 -4
205 559 6
205 560 -6
205 568 2
205 569 -2
206 48 -4
206 53 -8
206 57 -12
206 62 -8
206 63 -2
206 553 2
206 554 -4
206 555 2
206 560 6
206 562 -6
206 567 -2
206 569 2
206 570 -6
207 49 -4
207 54 -8
207 58 -6
207 59 -2
207 63 -2
207 553 2
207 555 2
207 556 4
207 557 2
207 562 -6
207 566 8
207 567 -2
207 568 -2
207 569 -2
207 572 2
207 573 2
207 574 2
208 49 -4
208 54 -8
208 58 -12
208 554 2
208 555 4
208 556 2
208 564 8
208 568 2
208 569 -2
209 554 -2
209 556 2
209 565 4
209 568 2
209 569 2
209 574 -4
210 554 2
210 556 2
210 568 -2
210 569 2
211 43 -4
211 46 -2
211 67 -16
211 68 -8
211 71 -8
211 75 -12
211 78 -24
211 79 -16
211 82 -20
211 496 2
211 500 2
211 502 2
211 512 2
211 590 -4
211 598 -4
212 44 -2
212 68 -8
212 69 -8
212 72 -8
212 74 4
212 76 -6
212 77 2
212 80 -8
212 503 2
212 505 2
212 513 2
212 590 2
212 591 -4
212 594 6
212 598 4
212 599 -2
212 600 2
213 43 -4
213 67 -16
213 71 -16
213 75 -12
213 79 -16
213 82 -20
213 504 2
213 509 2
213 514 2
213 592 -8
213 594 -6
213 595 6
213 598 -4
214 44 -2
214 68 -8
214 69 -8
214 72 -8
214 74 -4
214 76 -6
214 77 -2
214 80 -8
214 505 2
214 511 2
214 513 -2
214 590 2
214 591 4
214 595 -6
214 598 4
214 599 2
214 600 -2
215 45 -2
215 46 2
215 69 -8
215 73 -8
215 74 4
215 76 -6
215 77 4
215 80 8
215 81 2
215 497 2
215 510 -2
215 512 -2
215 590 6
215 591 2
215 593 6
215 595 6
215 598 4
215 599 2
216 44 -2
216 68 -8
216 72 -8
216 76 -6
216 77 2
216 80 -8
216 81 2
216 513 -2
216 591 4
216 592 4
216 596 18
216 600 2
217 46 2
217 73 -8
217 514 -4
217 592 8
218 43 -4
218 67 -16
218 71 -16
218 75 -24
218 79 -16
218 498 2
218 507 2
218 510 2
218 590 -4
218 594 6
218 595 -6
219 44 -2
219 68 -8
219 72 -8
219 76 -6
219 77 -2
219 80 -8
219 81 -2
219 513 2
219 591 -4
219 592 4
219 596 -18
219 600 -2
220 45 -2
220 46 2
220 69 -8
220 73 -8
220 74 -4
220 76 -6
220 77 -4
220 80 8
220 81 -2
220 499 2
220 502 -2
220 507 -2
220 590 6
220 591 -2
220 593 -6
220 594 -6
220 598 4
220 599 -2
221 45 -2
221 69 -8
221 73 -8
221 77 2
221 504 -2
221 508 2
221 590 2
221 591 -2
221 592 4
221 594 6
221 598 4
221 599 4
222 45 2
222 69 8
222 73 8
222 77 2
222 508 -2
222 509 2
222 590 -2
222 591 -2
222 592 -4
222 595 6
222 598 -4
222 599 4
223 44 -2
223 68 -8
223 72 -8
223 76 -12
223 503 2
223 511 2
223 590 4
223 594 -6
223 595 6
224 514 -2
225 70 -8
225 83 -8
225 84 -28
225 85 -12
225 86 -24
225 87 -16
225 88 -20
225 613 -4
225 617 -12
225 621 -4
225 623 -4
226 45 2
226 70 -4
226 83 -8
226 85 -6
226 86 -12
226 87 -8
226 88 -10
226 496 2
226 499 -2
226 503 2
226 510 -2
226 613 2
226 614 -4
226 618 -6
226 622 -4
226 623 -4
226 624 -2
227 45 -2
227 70 -4
227 83 -8
227 85 -6
227 86 -12
227 87 -8
227 88 -10
227 497 2
227 500 -2
227 507 2
227 511 -2
227 613 2
227 615 -4
227 618 -6
227 622 -4
227 623 -4
227 624 -2
228 46 2
228 70 -4
228 83 -8
228 85 -12
228 87 -8
228 88 -10
228 495 2
228 501 2
228 506 -2
228 509 -2
228 613 2
228 614 2
228 615 -4
228 617 6
228 623 2
229 502 2
229 512 -2
229 513 2
229 614 2
229 615 2
229 616 -12
229 622 -4
229 624 -4
230 46 -2
230 70 -4
230 83 -8
230 85 -12
230 87 -8
230 88 -10
230 495 -2
230 501 2
230 504 2
230 506 2
230 613 2
230 614 -4
230 615 2
230 617 6
230 623 2
231 70 -4
231 83 -8
231 85 -12
231 87 -16
231 496 2
231 497 -2
231 499 2
231 500 -2
231 613 -8
231 614 2
231 615 2
231 618 12
231 622 4
231 623 4
231 624 4
232 500 2
232 502 -2
232 505 -2
232 613 2
232 614 -4
232 615 4
232 616 6
232 622 4
232 623 2
232 624 2
233 496 -2
233 505 2
233 512 2
233 613 2
233 614 4
233 615 -4
233 616 6
233 622 4
233 623 2
233 624 2
234 501 -2
234 614 2
234 615 2
234 621 4
235 43 -4
235 71 -8
235 72 -4
235 89 -16
235 92 -12
235 95 -20
235 96 -16
235 495 -10
235 497 -2
235 499 -2
235 505 -2
235 506 -2
235 627 -4
236 44 -2
236 46 2
236 72 -4
236 73 -4
236 90 -16
236 91 4
236 93 -6
236 94 2
236 496 -8
236 498 -4
236 502 -2
236 504 -2
236 507 -2
236 509 -2
236 627 6
236 629 6
237 43 -4
237 71 -8
237 89 -32
237 92 -12
237 96 -16
237 497 -6
237 499 -6
237 503 -2
237 508 -4
237 511 -2
237 627 -4
238 44 -2
238 46 2
238 72 -4
238 73 -4
238 90 -16
238 91 -4
238 93 -6
238 94 -2
238 498 -4
238 500 -8
238 504 -2
238 509 -2
238 510 -2
238 512 -2
238 627 6
238 629 -6
239 91 4
239 94 4
239 501 -8
239 503 -2
239 511 2
239 628 12
240 44 -2
240 72 -4
240 90 -16
240 93 -6
240 94 2
240 502 -6
240 504 -4
240 507 -2
240 510 -4
240 514 -2
240 627 2
240 629 6
241 45 2
241 73 4
241 503 -4
241 505 -6
241 508 -2
241 511 -4
241 627 -4
242 43 -2
242 71 -4
242 89 -16
242 92 -12
242 506 -6
242 508 -2
243 44 -2
243 72 -4
243 90 -16
243 93 -6
243 94 -2
243 507 -4
243 509 -4
243 510 -2
243 512 -6
243 514 -2
243 627 2
243 629 -6
244 74 -8
244 91 -8
244 97 -12
244 98 -20
244 99 -16
244 496 -2
244 497 -2
244 499 2
244 500 2
244 503 -2
244 507 -2
244 510 2
244 511 2
244 632 -4
244 634 -12
244 636 -4
245 45 2
245 46 2
245 74 -4
245 91 -8
245 97 -6
245 98 -10
245 99 -8
245 505 2
245 508 -2
245 514 -2
245 632 2
245 633 -4
245 635 -6
245 636 -4
246 45 -2
246 46 -2
246 74 -4
246 91 -8
246 97 -6
246 98 -10
246 99 -8
246 505 -2
246 508 2
246 514 2
246 632 2
246 633 -4
246 635 -6
246 636 -4
247 46 2
247 74 -4
247 91 -8
247 97 -12
247 99 -8
247 497 2
247 498 2
247 507 -2
247 508 -2
247 511 -2
247 512 -2
247 632 -2
247 633 2
247 634 6
247 635 6
247 636 4
248 513 -4
249 46 -2
249 74 -4
249 91 -8
249 97 -12
249 99 -8
249 498 -2
249 499 -2
249 502 2
249 503 2
249 508 2
249 510 2
249 632 -2
249 633 2
249 634 6
249 635 6
249 636 4
250 503 -2
250 504 -2
250 509 2
250 511 2
250 632 4
250 633 4
250 636 4
251 43 -4
251 46 2
251 75 -8
251 76 -4
251 92 -8
251 100 -24
251 102 -16
251 496 -4
251 497 -2
251 498 -2
251 499 -2
251 500 -4
251 502 -2
251 512 -2
252 44 -2
252 45 2
252 76 -4
252 93 -8
252 97 4
252 101 2
252 497 -2
252 502 -2
252 503 -4
252 504 -2
252 505 -2
252 507 -2
252 513 -2
252 637 6
253 43 -4
253 75 -8
253 92 -16
253 100 -24
253 498 -2
253 504 -2
253 507 -2
253 508 -4
253 509 -2
253 510 -2
253 514 -2
254 44 -2
254 45 2
254 76 -4
254 93 -8
254 97 -4
254 101 -2
254 499 -2
254 505 -2
254 509 -2
254 510 -2
254 511 -4
254 512 -2
254 513 2
254 637 -6
255 44 -2
255 76 -4
255 93 -8
255 514 -6
256 77 -8
256 94 -8
256 98 20
256 101 -12
256 501 -4
256 502 -2
256 504 -2
256 509 2
256 512 2
256 513 -2
256 638 -4
256 639 -12
257 45 2
257 46 2
257 77 -4
257 94 -8
257 101 -6
257 496 -2
257 502 -2
257 503 -2
257 507 2
257 508 -2
257 510 2
257 511 2
257 513 2
257 514 -2
257 638 -2
258 45 -2
258 46 -2
258 77 -4
258 94 -8
258 101 -6
258 500 2
258 503 -2
258 507 -2
258 508 2
258 510 -2
258 511 2
258 512 2
258 513 2
258 514 2
258 638 -2
259 77 -4
259 94 -8
259 101 -12
259 501 -2
259 504 -2
259 507 2
259 509 2
259 510 -2
259 638 4
259 639 12
260 507 -2
260 510 2
260 513 -2
260 638 4
261 43 -16
261 44 2
261 46 -2
261 71 -8
261 78 -24
261 95 -40
261 102 -48
261 496 2
261 497 -2
261 498 4
261 499 -2
261 500 2
261 504 2
261 507 2
261 508 -4
261 509 2
261 510 2
261 640 -8
262 44 -10
262 72 -8
262 503 2
262 504 -2
262 505 4
262 509 -2
262 511 2
262 514 -2
262 640 8
263 45 -8
263 46 6
263 73 -8
263 497 2
263 498 -2
263 499 2
263 502 -2
263 503 2
263 504 -2
263 509 -2
263 511 2
263 512 -2
263 640 16
264 74 -4
264 496 2
264 500 -2
264 501 2
265 43 -4
265 45 2
265 79 -8
265 80 -4
265 96 -8
265 102 -12
265 495 -2
265 505 2
265 506 -4
266 99 4
266 502 2
266 504 -2
266 507 -2
266 509 2
266 510 2
266 512 -2
267 43 -2
267 79 -4
267 96 -8
267 503 2
267 508 -2
267 511 2
268 81 -8
268 99 16
268 101 12
268 497 2
268 499 -2
268 502 2
268 503 2
268 507 2
268 510 -2
268 511 -2
268 512 -2
268 641 12
269 45 2
269 81 -4
269 101 6
269 497 -2
269 498 2
269 502 -2
269 503 2
269 504 2
269 505 -2
269 509 -2
269 510 -2
269 514 2
269 641 -6
270 45 -2
270 81 -4
270 101 6
270 498 -2
270 499 2
270 504 2
270 505 2
270 507 2
270 509 -2
270 511 -2
270 512 2
270 514 -2
270 641 -6
271 513 4
272 43 -16
272 45 2
272 75 -12
272 82 -20
272 89 -16
272 96 -32
272 100 -36
272 495 -6
272 497 -2
272 499 -2
272 506 -6
272 508 -2
272 640 -4
273 44 -8
273 46 4
273 76 -12
273 90 -16
273 496 -4
273 500 -4
273 502 -4
273 507 -4
273 510 -4
273 512 -4
273 514 -4
273 640 8
274 77 -8
274 91 -8
274 496 -2
274 500 2
274 502 2
274 503 2
274 504 2
274 509 -2
274 511 -2
274 512 -2
275 43 -4
275 44 2
275 82 -8
275 95 -8
275 496 2
275 497 -2
275 498 2
275 499 -2
275 500 2
276 81 8
276 94 8
276 97 12
276 496 2
276 500 -2
276 501 6
276 502 2
276 504 2
276 507 -2
276 509 -2
276 510 2
276 512 -2
276 513 2
277 81 4
277 94 8
277 502 2
277 503 2
277 511 -2
277 512 -2
277 513 -4
278 43 -8
278 46 2
278 79 -16
278 92 -24
278 496 -2
278 497 -2
278 498 -4
278 499 -2
278 500 -2
278 504 -2
278 507 -2
278 509 -2
278 510 -2
279 44 -6
279 45 4
279 80 -16
279 93 -24
279 497 -2
279 498 -2
279 499 -2
279 502 -2
279 503 -2
279 504 -2
279 505 -4
279 508 -4
279 509 -2
279 511 -2
279 512 -2
280 503 -2
280 504 -2
280 509 -2
280 511 -2
280 514 -2
281 47 -4
281 50 -2
281 103 -24
281 104 -12
281 107 -8
281 110 -12
281 113 -20
281 114 -16
281 516 2
281 520 2
281 521 2
281 648 -4
282 48 -2
282 50 2
282 104 -12
282 105 -12
282 108 -8
282 109 4
282 111 -6
282 112 2
282 521 -2
282 522 2
282 648 6
282 650 6
283 47 -4
283 103 -24
283 107 -16
283 110 -12
283 114 -16
283 522 -2
283 523 2
283 648 -4
284 48 -2
284 50 2
284 104 -12
284 105 -12
284 108 -8
284 109 -4
284 111 -6
284 112 -2
284 521 -2
284 523 -2
284 648 6
284 650 -6
285 109 4
285 112 4
285 517 2
285 519 -2
285 649 12
286 48 -2
286 104 -12
286 108 -8
286 111 -6
286 112 2
286 523 -2
286 648 2
286 650 6
287 49 2
287 105 12
287 524 -6
287 648 -4
288 47 -2
288 103 -12
288 107 -8
288 110 -12
288 518 2
289 48 -2
289 104 -12
289 108 -8
289 111 -6
289 112 -2
289 522 2
289 648 2
289 650 -6
290 51 -4
290 106 -16
290 115 -8
290 116 -24
290 117 -12
290 118 -20
290 119 -16
290 526 2
290 529 2
290 531 2
290 537 2
290 657 -4
290 659 -12
290 661 -4
291 49 2
291 51 -2
291 106 -8
291 115 -8
291 117 -6
291 118 -10
291 119 -8
291 516 2
291 519 -2
291 522 2
291 532 2
291 533 2
291 538 2
291 657 2
291 658 -4
291 660 -6
291 661 -4
292 49 -2
292 51 -2
292 106 -8
292 115 -8
292 117 -6
292 118 -10
292 119 -8
292 517 2
292 520 -2
292 523 2
292 533 2
292 536 2
292 538 2
292 657 2
292 658 -4
292 660 -6
292 661 -4
293 50 2
293 51 -2
293 106 -8
293 115 -8
293 117 -12
293 119 -8
293 515 2
293 517 -2
293 520 -2
293 527 2
293 535 2
293 537 2
293 657 -2
293 658 2
293 659 6
293 660 6
293 661 4
294 538 4
295 50 -2
295 51 -2
295 106 -8
295 115 -8
295 117 -12
295 119 -8
295 515 -2
295 516 2
295 519 2
295 528 2
295 531 2
295 535 2
295 657 -2
295 658 2
295 659 6
295 660 6
295 661 4
296 516 -2
296 520 2
296 532 2
296 536 2
296 657 4
296 658 4
296 661 4
297 47 -4
297 50 2
297 52 -4
297 107 -16
297 108 -8
297 120 -16
297 123 -12
297 125 -16
297 515 -10
297 516 -2
297 517 -2
297 519 -2
297 520 -2
297 553 -2
298 48 -2
298 49 2
298 53 -2
298 54 2
298 108 -8
298 121 -16
298 122 4
298 124 2
298 516 -8
298 517 -2
298 518 -4
298 523 -2
298 541 -2
298 554 -2
298 663 6
299 47 -4
299 52 -4
299 107 -16
299 120 -32
299 123 -12
299 517 -6
299 518 -2
299 519 -6
299 524 -6
299 555 -2
300 48 -2
300 49 2
300 53 -2
300 54 2
300 108 -8
300 121 -16
300 122 -4
300 124 -2
300 518 -4
300 519 -2
300 520 -8
300 522 2
300 541 -2
300 556 -2
300 663 -6
301 48 -2
301 53 -2
301 108 -8
301 121 -16
301 521 -6
301 522 4
301 523 -4
301 557 -2
302 55 -4
302 109 -16
302 122 -8
302 126 -12
302 127 -16
302 516 -2
302 517 -2
302 519 2
302 520 2
302 522 -2
302 523 -2
302 543 2
302 546 2
302 547 2
302 664 -4
302 665 -12
303 49 2
303 50 2
303 55 -2
303 109 -8
303 122 -8
303 126 -6
303 127 -8
303 521 -2
303 524 -6
303 547 2
303 548 2
303 664 -2
304 49 -2
304 50 -2
304 55 -2
304 109 -8
304 122 -8
304 126 -6
304 127 -8
304 521 2
304 524 6
304 547 2
304 548 2
304 664 -2
305 55 -2
305 109 -8
305 122 -8
305 126 -12
305 517 2
305 519 -2
305 544 2
305 545 2
305 664 4
305 665 12
306 522 -2
306 523 -2
306 548 2
306 664 4
307 47 -4
307 49 2
307 56 -4
307 58 2
307 110 -16
307 111 -8
307 123 -8
307 128 -24
307 515 -2
307 516 -2
307 517 -2
307 518 -2
307 519 -2
307 520 -2
307 521 -2
307 549 -2
308 126 4
308 522 -4
308 523 -4
309 47 -2
309 56 -2
309 110 -8
309 123 -8
309 522 2
309 523 -2
309 524 -6
310 59 -4
310 112 -16
310 124 -8
310 127 16
310 516 -2
310 517 2
310 519 -2
310 520 2
310 551 4
310 567 2
310 666 -12
311 49 2
311 59 -2
311 112 -8
311 124 -8
311 516 -2
311 517 -2
311 518 2
311 552 2
311 568 2
311 666 6
312 49 -2
312 59 -2
312 112 -8
312 124 -8
312 518 -2
312 519 2
312 520 2
312 552 2
312 569 2
312 666 6
313 570 2
314 47 -14
314 48 2
314 50 -2
314 60 -14
314 61 -8
314 107 -16
314 113 -40
314 125 -32
314 128 -36
314 516 2
314 517 -2
314 518 4
314 519 -2
314 520 2
314 522 -2
314 523 2
314 524 -6
314 554 2
314 556 2
314 557 2
314 667 -12
315 48 -8
315 50 4
315 62 -8
315 108 -16
315 521 -4
315 522 4
315 523 -4
315 557 -4
315 667 24
316 63 -2
316 109 -8
316 516 2
316 520 -2
316 559 2
316 560 2
316 562 4
317 47 -4
317 48 2
317 61 -4
317 62 2
317 114 -16
317 125 -8
317 516 2
317 517 -2
317 518 2
317 519 -2
317 520 2
317 573 2
318 63 -4
318 124 8
318 126 12
318 516 4
318 520 -4
318 522 2
318 523 2
318 563 2
318 574 -4
319 63 -2
319 124 8
319 522 2
319 523 2
320 47 -14
320 49 2
320 50 2
320 64 -12
320 65 -10
320 110 -24
320 114 -32
320 120 -16
320 123 -24
320 515 -6
320 516 -2
320 517 -4
320 518 -4
320 519 -4
320 520 -2
320 522 2
320 523 -2
320 572 -2
321 48 -6
321 49 4
321 66 -10
321 111 -24
321 121 -16
321 516 -4
321 517 -2
321 518 -2
321 519 -2
321 520 -4
321 521 -2
321 524 -6
321 566 -4
321 573 -2
322 112 -16
322 122 -8
322 516 -2
322 520 2
322 522 2
322 523 2
322 568 2
322 569 2
322 570 6
323 51 -4
323 115 -8
323 129 -16
323 130 -20
323 131 -12
323 132 -16
323 525 -8
323 527 -2
323 528 -2
323 530 4
323 533 2
323 534 -2
323 558 -6
323 670 -4
323 671 -12
324 51 -2
324 54 2
324 115 -4
324 129 -16
324 131 -6
324 132 -8
324 526 -6
324 528 -4
324 531 2
324 532 -2
324 535 -2
324 536 2
324 540 2
324 541 -2
324 559 -6
324 670 -2
325 51 -2
325 54 -2
325 115 -4
325 129 -16
325 131 -6
325 132 -8
325 527 -4
325 529 -6
325 532 2
325 535 -2
325 536 -2
325 537 2
325 540 2
325 541 2
325 560 -6
325 670 -2
326 51 -2
326 115 -4
326 129 -16
326 131 -12
326 530 -6
326 532 -2
326 536 -2
326 561 -6
326 670 4
326 671 12
327 531 -4
327 533 -4
327 535 2
327 537 -4
327 538 -2
327 540 -2
327 562 -6
327 670 4
328 51 -4
328 55 2
328 116 -24
328 130 -40
328 133 -48
328 526 -2
328 527 -2
328 528 -2
328 529 -2
328 532 -2
328 535 -4
328 536 -2
328 542 4
328 544 2
328 545 2
328 673 -4
329 532 -2
329 533 -4
329 536 -2
329 538 -4
329 543 2
329 546 2
329 547 2
329 673 4
330 527 2
330 528 2
330 531 -2
330 532 -2
330 536 -2
330 537 -2
330 542 -2
330 543 2
330 546 2
330 673 8
331 51 -4
331 117 -8
331 131 -8
331 133 -16
331 134 -24
331 527 -2
331 528 -2
331 531 -2
331 537 -2
331 567 -2
331 675 -12
332 51 -2
332 58 2
332 117 -4
332 131 -8
332 134 -12
332 527 2
332 531 -2
332 532 -4
332 533 -2
332 535 -2
332 538 -2
332 549 -2
332 568 -2
332 675 6
333 51 -2
333 58 -2
333 117 -4
333 131 -8
333 134 -12
333 528 2
333 533 -2
333 535 -2
333 536 -4
333 537 -2
333 538 -2
333 549 2
333 569 -2
333 675 6
334 538 -4
334 570 -2
335 51 -6
335 59 2
335 118 -20
335 132 -32
335 134 -36
335 525 2
335 527 2
335 528 2
335 530 -4
335 531 -2
335 532 -2
335 534 -2
335 536 -2
335 537 -2
335 538 -2
335 550 4
335 552 2
335 676 -4
336 535 -4
336 538 -4
336 551 4
336 676 8
337 51 -12
337 63 -2
337 115 -8
337 526 2
337 529 2
337 531 2
337 532 -2
337 533 4
337 536 -2
337 537 2
337 554 2
337 556 -2
338 51 -2
338 116 -4
338 525 -2
338 558 2
339 51 -4
339 119 -8
339 132 -8
339 133 -12
339 525 2
339 530 -4
339 533 -2
339 534 -4
340 51 -2
340 119 -4
340 132 -8
340 531 -2
340 532 -2
340 535 -2
340 536 -2
340 537 -2
340 574 -2
341 51 -8
341 63 2
341 119 -16
341 131 -24
341 527 -2
341 528 -2
341 531 -2
341 532 2
341 533 -4
341 535 4
341 536 2
341 537 -2
341 563 4
342 527 -2
342 528 -2
342 531 -2
342 532 -2
342 533 4
342 536 -2
342 537 -2
342 538 4
342 563 2
343 51 -10
343 117 -12
343 129 -16
343 525 -4
343 526 -2
343 529 -2
343 530 2
343 531 2
343 532 2
343 535 -2
343 536 2
343 537 2
343 538 2
343 565 2
343 571 10
344 51 -4
344 118 -8
344 130 -8
344 526 -2
344 527 -2
344 528 -2
344 529 -2
344 567 2
345 52 -4
345 54 2
345 120 -8
345 121 -4
345 135 -24
345 137 -12
345 539 -12
345 541 -2
345 564 -2
346 136 4
346 540 -8
346 565 -2
347 52 -2
347 120 -4
347 135 -24
347 541 -6
347 566 -2
348 55 -4
348 122 -8
348 136 -16
348 138 -12
348 540 -4
348 542 -8
348 543 2
348 544 -2
348 545 -2
348 546 2
348 567 -4
348 677 -12
349 54 2
349 55 -2
349 122 -4
349 136 -16
349 138 -6
349 541 -2
349 543 -6
349 544 2
349 545 -4
349 548 -2
349 568 -4
349 677 6
350 54 -2
350 55 -2
350 122 -4
350 136 -16
350 138 -6
350 541 2
350 544 -4
350 545 2
350 546 -6
350 548 -2
350 569 -4
350 677 6
351 547 -4
351 570 -4
352 52 -4
352 53 2
352 56 -4
352 57 2
352 123 -8
352 137 -16
352 541 -4
352 549 -10
352 572 -2
352 573 -2
353 59 -4
353 124 -8
353 138 12
353 540 2
353 550 -6
353 552 -2
353 574 2
354 59 -2
354 124 -4
354 540 -2
354 551 -6
354 552 -4
354 574 -2
355 52 -12
355 53 2
355 60 -14
355 65 -10
355 120 -16
355 125 -16
355 137 -48
355 541 -4
355 553 -6
355 554 -2
355 555 -4
355 556 -2
355 572 -6
356 53 -6
356 54 4
356 66 -10
356 121 -16
356 541 -4
356 554 -4
356 555 -2
356 556 -4
356 557 -2
356 573 -6
357 122 -4
357 540 2
357 558 -4
357 559 -2
357 560 -2
357 561 2
357 562 2
357 571 10
358 63 -4
358 124 8
358 136 16
358 540 4
358 563 -8
358 567 4
359 52 -6
359 54 2
359 64 -12
359 123 -12
359 135 -48
359 539 -6
359 541 -2
359 564 -8
359 566 -4
360 55 -4
360 126 -8
360 138 -8
360 542 2
360 543 -2
360 544 -2
360 545 -2
360 546 -2
360 547 -2
360 574 4
361 55 -2
361 126 -4
361 138 -8
361 547 -4
361 548 -6
362 55 -6
362 59 4
362 127 -16
362 138 -24
362 542 2
362 543 -2
362 546 -2
362 547 -4
362 551 4
362 552 4
363 544 -2
363 545 -2
363 547 2
363 548 -2
363 552 4
364 55 -10
364 122 -8
364 543 2
364 546 2
364 547 4
364 548 -2
364 554 -2
364 556 2
365 55 -2
365 542 -2
365 559 2
365 560 2
366 55 -4
366 127 -8
366 543 -2
366 544 -2
366 545 -2
366 546 -2
366 568 2
366 569 2
367 55 -8
367 63 4
367 126 -12
367 136 -16
367 542 -4
367 548 4
367 563 4
367 565 -4
368 59 -4
368 138 8
368 551 -4
368 552 -4
368 567 -2
368 568 2
368 569 2
368 570 6
369 56 -10
369 57 2
369 58 2
369 60 -14
369 64 -12
369 123 -8
369 128 -24
369 137 -16
369 549 -6
369 553 -2
369 554 -2
369 555 -2
369 556 -2
369 557 -2
369 566 -4
370 63 2
370 126 -4
370 562 -4
370 563 2
371 59 -8
371 63 6
371 124 -8
371 551 4
371 554 -4
371 556 4
371 563 -2
372 59 -2
372 127 4
372 550 -2
372 558 -2
372 561 4
372 562 2
373 60 -14
373 61 -4
373 62 2
373 125 -8
373 554 2
373 555 -2
373 556 2
374 67 -4
374 139 -32
374 140 -16
374 142 -8
374 145 -12
374 147 -16
375 68 -2
375 69 2
375 140 -16
375 143 -8
375 144 4
375 146 2
375 577 -2
375 680 6
376 67 -4
376 139 -32
376 142 -16
376 145 -12
377 68 -2
377 69 2
377 140 -16
377 143 -8
377 144 -4
377 146 -2
377 577 -2
377 680 -6
378 68 -2
378 140 -16
378 143 -8
379 70 -4
379 141 -24
379 148 -8
379 149 -20
379 150 -12
379 151 -16
379 579 2
379 582 2
379 583 2
379 683 -4
379 684 -12
380 69 2
380 70 -2
380 141 -12
380 148 -8
380 150 -6
380 151 -8
380 576 2
380 577 -2
380 583 2
380 584 2
380 683 -2
381 69 -2
381 70 -2
381 141 -12
381 148 -8
381 150 -6
381 151 -8
381 576 2
381 577 2
381 583 2
381 584 2
381 683 -2
382 70 -2
382 141 -12
382 148 -8
382 150 -12
382 580 2
382 581 2
382 683 4
382 684 12
383 576 -2
383 584 2
383 683 4
384 67 -4
384 69 2
384 71 -4
384 73 2
384 142 -24
384 143 -12
384 152 -16
384 154 -12
384 575 -12
384 577 -2
384 585 -2
384 590 -2
385 153 4
385 576 -8
385 591 -2
386 67 -2
386 71 -2
386 142 -12
386 152 -16
386 577 -6
386 592 -2
387 74 -4
387 144 -24
387 153 -8
387 155 -12
387 576 -4
387 587 4
387 685 -12
388 69 2
388 74 -2
388 144 -12
388 153 -8
388 155 -6
388 577 -2
388 588 2
388 685 6
389 69 -2
389 74 -2
389 144 -12
389 153 -8
389 155 -6
389 577 2
389 588 2
389 685 6
391 67 -4
391 68 2
391 75 -4
391 76 2
391 145 -24
391 154 -8
391 577 -4
392 77 -4
392 146 -24
392 155 12
392 576 2
392 589 2
392 599 2
393 77 -2
393 146 -12
393 576 -2
393 600 2
394 67 -12
394 68 2
394 78 -12
394 79 -8
394 142 -24
394 147 -48
394 154 -24
394 577 -4
395 68 -6
395 69 4
395 80 -8
395 143 -24
395 577 -4
395 592 -4
396 81 -2
396 144 -12
396 576 2
396 594 2
396 595 2
396 596 6
397 81 -4
397 146 24
397 153 8
397 576 4
397 600 -4
398 67 -6
398 69 2
398 82 -10
398 145 -36
398 152 -16
398 575 -6
398 577 -2
398 598 -2
399 70 -4
399 83 -4
399 148 -16
399 156 -16
399 157 -16
399 158 -12
399 578 -8
399 579 2
399 580 -2
399 581 -2
399 582 2
399 593 -6
399 602 4
399 613 -2
399 686 -12
400 70 -2
400 73 2
400 83 -2
400 148 -8
400 156 -16
400 158 -6
400 579 -6
400 580 2
400 581 -4
400 584 -2
400 585 -2
400 594 -6
400 603 2
400 614 -2
400 686 6
401 70 -2
401 73 -2
401 83 -2
401 148 -8
401 156 -16
401 158 -6
401 580 -4
401 581 2
401 582 -6
401 584 -2
401 585 2
401 595 -6
401 603 2
401 615 -2
401 686 6
402 583 -4
402 596 -6
402 616 -2
403 70 -4
403 74 2
403 84 -14
403 149 -40
403 157 -32
403 159 -36
403 579 -2
403 580 -2
403 581 -2
403 582 -2
403 584 -4
403 586 4
403 588 2
403 605 2
403 607 2
403 608 2
403 688 -4
404 583 -4
404 584 -4
404 587 4
404 608 -4
404 688 8
405 70 -4
405 85 -4
405 150 -16
405 158 -8
405 159 -24
405 578 2
405 579 -2
405 580 -2
405 581 -2
405 582 -2
405 583 -2
405 599 -2
405 609 2
406 70 -2
406 85 -2
406 150 -8
406 158 -8
406 583 -4
406 584 -6
406 600 -2
407 70 -6
407 77 2
407 86 -12
407 151 -32
407 158 -24
407 578 2
407 579 -2
407 582 -2
407 583 -4
407 589 4
407 623 2
408 580 -2
408 581 -2
408 583 2
408 584 -2
408 589 2
408 612 -4
408 624 2
409 70 -10
409 81 -2
409 87 -8
409 148 -16
409 579 2
409 582 2
409 583 4
409 584 -2
409 591 2
409 614 2
409 615 2
409 616 6
410 70 -2
410 88 -2
410 149 -8
410 578 -2
410 593 2
410 618 2
411 70 -4
411 87 -4
411 151 -16
411 157 -8
411 579 -2
411 580 -2
411 581 -2
411 582 -2
411 599 2
411 624 2
412 70 -8
412 81 2
412 88 -10
412 150 -24
412 156 -16
412 578 -4
412 584 4
412 597 10
412 620 -2
412 622 4
413 71 -4
413 72 2
413 89 -4
413 90 2
413 152 -16
413 160 -24
413 585 -10
413 598 -2
413 627 -2
414 74 -4
414 91 -4
414 153 -16
414 161 -16
414 586 -6
414 588 -2
414 599 -4
414 625 2
414 632 -2
415 74 -2
415 91 -2
415 153 -8
415 161 -16
415 587 -6
415 588 -4
415 600 -4
415 633 -2
416 77 -4
416 94 -4
416 161 16
416 589 -8
416 599 2
416 600 2
416 638 -2
417 71 -10
417 72 2
417 73 2
417 78 -12
417 82 -10
417 95 -10
417 96 -8
417 152 -32
417 154 -24
417 160 -48
417 585 -6
417 590 -8
417 592 -4
417 598 -6
417 627 -2
417 640 -4
418 81 2
418 153 -8
418 593 -4
418 597 10
418 629 4
418 641 -2
419 74 -4
419 97 -4
419 155 -16
419 587 -4
419 588 -4
419 600 4
420 74 -6
420 77 4
420 98 -10
420 155 -24
420 161 -16
420 586 -2
420 587 -2
420 588 2
420 589 4
420 631 -2
420 636 2
421 74 -8
421 81 4
421 99 -8
421 153 -16
421 587 4
421 591 -4
421 633 4
422 74 -2
422 99 -2
422 586 -2
422 594 2
422 595 2
422 635 2
423 77 -2
423 101 -2
423 155 8
423 589 -2
423 593 -2
423 594 2
423 595 2
423 596 6
423 637 -2
424 75 -4
424 76 2
424 78 -12
424 102 -8
424 154 -16
424 592 -4
425 83 -4
425 156 -8
425 162 -24
425 163 -12
425 601 -6
425 603 -2
425 621 -2
425 628 -6
426 83 -2
426 156 -4
426 162 -24
426 602 -6
426 603 -4
426 622 -2
426 629 -6
427 83 -4
427 84 -14
427 91 2
427 157 -16
427 163 -48
427 602 -4
427 603 -4
427 604 -6
427 605 -2
427 606 -4
427 607 -2
427 623 -4
427 625 4
427 634 6
428 603 -4
428 605 -4
428 606 -2
428 607 -4
428 608 -2
428 624 -4
428 625 2
428 635 6
429 83 -4
429 85 -4
429 158 -8
429 163 -16
429 602 -4
429 603 -4
429 609 -8
429 623 -2
429 624 -2
429 637 -6
430 83 -6
430 86 -12
430 94 2
430 158 -12
430 162 -48
430 601 -2
430 602 -2
430 603 2
430 610 -8
430 612 -4
430 621 -2
430 622 -2
430 626 10
430 639 6
431 83 -8
431 88 -10
431 156 -16
431 602 4
431 613 -4
431 620 -6
431 641 -6
432 83 -2
432 87 -2
432 157 -4
432 601 -2
432 617 -2
432 619 -10
432 628 2
433 84 -14
433 85 -4
433 97 2
433 159 -24
433 163 -16
433 604 -2
433 605 -2
433 606 -2
433 607 -2
433 608 -2
433 609 -4
433 622 -4
433 630 10
433 636 2
434 605 -4
434 607 4
434 611 4
435 84 -14
435 87 -4
435 99 2
435 157 -8
435 605 2
435 606 -2
435 607 2
435 614 -2
435 615 -2
435 632 2
436 85 -2
436 159 -4
436 609 -2
436 618 -2
436 637 2
437 85 -6
437 86 -12
437 101 2
437 158 -8
437 609 2
437 612 -4
437 613 2
437 614 -2
437 615 -2
437 616 -6
437 638 2
438 91 -4
438 161 -8
438 625 -8
438 636 -2
439 94 -2
439 161 4
439 626 -10
439 628 2
439 629 2
439 639 -2
440 89 -4
440 90 2
440 95 -10
440 160 -24
440 627 -6
440 640 -2
441 91 -2
441 97 -2
441 625 -2
441 629 4
441 630 -10
441 634 -2
441 635 -2
441 637 4
442 91 -6
442 94 4
442 98 -10
442 161 -16
442 625 2
442 631 -6
442 632 -2
442 633 -2
442 638 4
443 103 -4
443 105 2
443 164 -40
443 165 -20
443 167 -8
443 169 -12
443 642 -2
444 168 4
445 103 -2
445 164 -20
445 167 -8
446 106 -4
446 166 -32
446 170 -8
446 171 -16
446 172 -12
446 644 4
446 690 -12
447 105 2
447 106 -2
447 166 -16
447 170 -8
447 172 -6
447 642 -2
447 645 2
447 690 6
448 105 -2
448 106 -2
448 166 -16
448 170 -8
448 172 -6
448 642 2
448 645 2
448 690 6
450 103 -4
450 104 2
450 107 -4
450 108 2
450 167 -32
450 173 -16
450 642 -10
450 648 -2
451 109 -4
451 168 -32
451 174 -8
451 646 2
452 109 -2
452 168 -16
452 174 -8
453 112 -4
453 174 8
454 103 -10
454 104 2
454 105 2
454 113 -10
454 114 -8
454 167 -32
454 169 -48
454 173 -16
454 642 -6
454 648 -2
455 168 -16
455 650 4
456 106 -4
456 115 -4
456 170 -24
456 175 -16
456 176 -12
456 643 -6
456 645 -2
456 649 -6
456 651 2
456 657 -2
457 106 -2
457 115 -2
457 170 -12
457 175 -16
457 644 -6
457 645 -4
457 650 -6
457 658 -2
458 106 -4
458 109 2
458 116 -12
458 171 -48
458 176 -24
458 644 -4
458 645 -4
458 646 4
459 645 -4
459 646 2
459 654 -4
460 106 -4
460 117 -4
460 172 -24
460 176 -8
460 644 -4
460 645 -4
461 106 -6
461 112 2
461 118 -10
461 172 -36
461 175 -16
461 643 -2
461 644 -2
461 645 2
461 647 10
461 656 -2
461 661 2
462 106 -8
462 119 -8
462 170 -24
462 644 4
462 658 4
463 106 -2
463 119 -2
463 171 -12
463 643 -2
463 649 2
463 660 2
464 109 -4
464 122 -4
464 174 -24
464 646 -8
464 664 -2
465 112 -2
465 124 -2
465 174 12
465 647 -10
465 649 2
465 650 2
465 663 -2
465 666 -2
466 107 -4
466 108 2
466 113 -10
466 125 -8
466 173 -48
466 648 -6
466 667 -6
467 109 -2
467 126 -2
467 646 -2
467 650 4
468 109 -6
468 112 4
468 127 -8
468 174 -24
468 646 2
468 664 2
469 115 -4
469 129 -4
469 175 -16
469 177 -24
469 651 -8
469 661 -2
469 663 -6
469 670 -2
470 115 -4
470 116 -12
470 122 2
470 130 -10
470 176 -24
470 177 -48
470 651 -4
470 652 -8
470 654 -4
470 661 -4
470 662 10
470 665 6
470 669 -2
470 673 -2
471 115 -2
471 117 -2
471 131 -2
471 176 -8
471 651 -2
471 655 -10
471 659 -2
471 660 -2
471 663 2
471 675 -2
472 115 -6
472 118 -10
472 124 2
472 132 -8
472 175 -32
472 651 2
472 656 -6
472 657 -2
472 658 -2
472 666 6
472 670 2
472 676 -4
473 116 -12
473 117 -4
473 126 2
473 133 -8
473 176 -16
473 654 -4
473 658 -4
473 664 2
474 122 -2
474 136 -2
474 662 -10
474 663 4
474 665 -2
474 677 -2
475 129 -2
475 177 -4
475 668 -10
475 671 -2
476 129 -4
476 130 -10
476 136 2
476 177 -24
476 669 -6
476 670 -4
476 673 -2
476 677 6
477 139 -4
477 140 2
477 178 -48
477 180 -8
478 141 -4
478 179 -40
478 182 -8
478 183 -12
478 678 2
479 141 -2
479 179 -20
479 182 -8
480 144 -4
480 181 -40
481 146 -2
481 181 20
481 680 -2
482 139 -4
482 140 2
482 147 -8
482 180 -40
483 141 -4
483 148 -4
483 182 -32
483 184 -16
483 678 -8
483 680 -6
483 683 -2
484 141 -4
484 144 2
484 149 -10
484 183 -48
484 184 -16
484 678 -4
484 679 10
484 682 -2
485 141 -2
485 150 -2
485 183 -16
485 678 -2
485 680 2
486 141 -6
486 146 2
486 151 -8
486 182 -32
486 678 2
486 683 2
487 144 -2
487 153 -2
487 679 -10
487 680 4
487 685 -2
488 148 -2
488 156 -2
488 184 -12
488 681 -10
488 684 -2
488 686 -2
489 148 -4
489 149 -10
489 153 2
489 157 -8
489 184 -48
489 682 -6
489 683 -4
489 685 6
489 688 -4
490 166 -4
490 186 -48
490 187 -8
491 168 -2
492 166 -2
492 170 -2
492 187 -20
492 689 -10
492 690 -2
493 166 -4
493 168 2
493 171 -8
493 187 -40
494 179 -2
494 188 -28
495 211 -8
495 212 -4
495 213 -4
495 214 -4
495 235 -8
495 245 4
495 246 -4
495 251 -12
495 261 -8
495 262 -4
495 265 -16
495 272 -4
495 275 -20
495 278 -4
495 703 -4
495 710 -4
496 212 -4
496 215 -4
496 216 -4
496 217 -4
496 236 -8
496 245 4
496 247 4
496 248 -4
496 252 -6
496 256 -2
496 257 4
496 262 -4
496 263 -4
496 266 -8
496 268 -2
496 269 2
496 273 -4
496 274 4
496 276 -4
496 277 2
496 279 -2
496 703 6
496 705 6
496 709 -10
496 710 4
497 211 -4
497 213 -4
497 218 -4
497 219 -4
497 235 -8
497 237 -8
497 246 4
497 249 -4
497 251 -6
497 253 -6
497 256 -2
497 257 2
497 261 -4
497 265 -8
497 267 -16
497 270 2
497 272 -8
497 276 2
497 278 -4
497 703 -4
497 705 -6
497 706 6
497 707 -2
497 709 -10
497 710 -4
498 212 -4
498 214 -4
498 215 -4
498 220 -4
498 236 -8
498 238 -8
498 252 -6
498 254 -6
498 257 2
498 258 -2
498 273 -4
498 703 4
498 710 8
499 211 -4
499 213 -4
499 216 -4
499 218 -4
499 235 -8
499 237 -8
499 245 -4
499 247 4
499 251 -6
499 253 -6
499 256 2
499 258 -2
499 261 -4
499 265 -8
499 267 -16
499 269 -2
499 272 -8
499 276 -2
499 278 -4
499 703 -4
499 705 6
499 706 -6
499 707 2
499 709 10
499 710 -4
500 214 -4
500 217 -4
500 219 -4
500 220 -4
500 238 -8
500 246 -4
500 248 4
500 249 -4
500 254 -6
500 256 2
500 258 -4
500 262 -4
500 263 -4
500 266 8
500 268 2
500 270 -2
500 273 -4
500 274 -4
500 276 4
500 277 -2
500 279 -2
500 703 6
500 705 -6
500 709 10
500 710 4
501 215 -4
501 220 4
501 221 -4
501 222 -4
501 239 -8
501 247 4
501 249 4
501 250 -4
501 252 -6
501 254 6
501 259 4
501 268 -4
501 269 2
501 270 2
501 274 4
501 276 -4
501 704 12
501 708 -20
502 216 -4
502 223 -4
502 224 -4
502 240 -8
502 248 4
502 250 -4
502 255 -6
502 259 2
502 262 -4
502 271 6
502 273 -4
502 277 -2
502 279 -2
502 280 -4
502 703 2
502 705 6
502 707 -2
502 709 -10
503 217 -4
503 220 4
503 221 4
503 239 -8
503 241 -8
503 245 4
503 255 6
503 256 -2
503 257 4
503 259 2
503 260 -2
503 268 -2
503 269 2
503 270 -2
503 276 -2
503 277 -2
503 279 -2
503 703 -2
503 706 6
503 707 -2
503 710 -4
504 212 -4
504 221 -4
504 223 -4
504 236 -8
504 240 -8
504 249 4
504 252 -6
504 259 4
504 260 -2
504 268 -2
504 269 -2
504 273 -4
504 276 -2
504 277 -2
504 279 -2
504 703 2
504 706 6
504 710 4
505 221 4
505 222 -4
505 224 -4
505 241 -8
505 257 2
505 258 -2
505 263 4
505 269 2
505 270 -2
505 280 -4
505 703 -4
505 710 -4
506 211 -4
506 218 -8
506 223 -4
506 235 -8
506 242 -16
506 247 -4
506 249 4
506 251 -12
506 253 -12
506 261 -4
506 269 4
506 270 -4
506 272 -4
506 278 -12
506 280 4
507 212 -4
507 219 -4
507 222 4
507 236 -8
507 243 -8
507 246 4
507 252 -6
507 255 -6
507 256 -2
507 258 4
507 259 -2
507 268 -2
507 269 2
507 271 -6
507 279 -4
507 280 -4
507 707 -2
507 710 4
508 213 -8
508 218 -4
508 237 -16
508 242 -16
508 253 -12
508 257 -2
508 258 2
508 269 -2
508 270 2
508 272 -8
508 278 -12
508 710 -4
509 214 -4
509 222 4
509 223 -4
509 238 -8
509 243 -8
509 247 -4
509 254 -6
509 259 -4
509 260 2
509 268 2
509 270 2
509 273 -4
509 276 2
509 277 2
509 279 -2
509 703 2
509 706 -6
509 710 4
510 214 -4
510 216 -4
510 221 -4
510 238 -8
510 240 -8
510 245 -4
510 254 -6
510 255 -6
510 256 2
510 257 -4
510 259 2
510 268 2
510 270 -2
510 271 6
510 279 -4
510 280 -4
510 707 2
510 710 4
511 215 4
511 217 -4
511 222 -4
511 239 8
511 241 -8
511 246 -4
511 255 6
511 256 2
511 258 -4
511 259 -2
511 260 2
511 268 2
511 269 2
511 270 -2
511 276 2
511 277 2
511 279 -2
511 703 -2
511 706 -6
511 707 2
511 710 -4
512 219 -4
512 223 -4
512 224 -4
512 243 -8
512 248 -4
512 250 4
512 255 -6
512 259 -2
512 262 -4
512 271 -6
512 273 -4
512 277 2
512 279 -2
512 280 -4
512 703 2
512 705 -6
512 707 2
512 709 10
513 248 4
513 271 -12
514 216 -4
514 219 -4
514 240 -8
514 243 -8
514 257 -2
514 258 2
514 269 -2
514 270 2
514 273 -4
514 279 -4
515 189 -4
515 205 -4
515 281 -16
515 282 -8
515 283 -8
515 284 -8
515 297 -8
515 303 4
515 304 -4
515 307 -12
515 314 -8
515 315 -4
515 317 -16
515 320 -4
516 190 -2
516 198 2
516 200 2
516 206 -2
516 282 -8
516 285 -8
516 286 -8
516 287 -8
516 298 -8
516 303 4
516 305 4
516 306 -4
516 308 -6
516 310 -2
516 311 4
516 315 -4
516 318 -4
516 319 2
516 321 -4
516 322 4
516 693 -2
516 713 6
516 714 -10
517 189 -2
517 191 -2
517 196 -2
517 201 2
517 281 -8
517 283 -8
517 288 -16
517 289 -8
517 297 -8
517 299 -8
517 304 4
517 305 -4
517 307 -6
517 309 -12
517 310 -2
517 311 2
517 314 -4
517 318 2
517 320 -8
517 694 -2
517 714 -10
518 190 -2
518 192 -2
518 193 2
518 198 2
518 282 -8
518 284 -8
518 298 -8
518 300 -8
518 311 2
518 312 -2
518 321 -4
518 695 -4
519 189 -2
519 191 -2
519 196 -2
519 204 2
519 281 -8
519 283 -8
519 286 -8
519 288 -16
519 297 -8
519 299 -8
519 303 -4
519 305 4
519 307 -6
519 309 -12
519 310 2
519 312 -2
519 314 -4
519 318 -2
519 320 -8
519 694 2
519 714 10
520 192 -2
520 193 2
520 202 -2
520 207 2
520 284 -8
520 285 8
520 287 -8
520 289 -8
520 300 -8
520 304 -4
520 305 -4
520 306 4
520 308 6
520 310 2
520 312 -4
520 315 -4
520 318 4
520 319 -2
520 321 -4
520 322 -4
520 693 -2
520 713 -6
520 714 10
521 194 -2
521 197 -2
521 203 2
521 286 -8
521 289 -8
521 301 -8
521 311 -2
521 312 2
521 315 -4
521 321 -4
522 192 2
522 194 2
522 195 -2
522 284 8
522 286 8
522 287 -8
522 300 8
522 301 8
522 303 4
522 310 -2
522 311 4
522 313 -6
522 318 -2
522 319 -2
522 321 4
523 190 -2
523 195 2
523 197 -2
523 282 -8
523 287 8
523 289 -8
523 298 -8
523 301 -8
523 304 4
523 310 -2
523 312 4
523 313 -6
523 318 -2
523 319 -2
523 321 -4
524 191 -2
524 283 -8
524 299 -8
524 311 -2
524 312 2
524 320 -4
525 190 -2
525 192 2
525 194 2
525 197 -2
525 290 -8
525 291 -4
525 292 -4
525 323 -8
525 328 -8
525 329 4
525 331 -12
525 335 -4
525 337 -8
525 339 -16
525 341 -4
525 343 -4
525 344 -20
525 694 -2
525 717 -4
525 718 -12
525 721 -20
525 722 -4
526 195 2
526 200 2
526 203 -2
526 291 -4
526 293 -4
526 294 -4
526 324 -8
526 329 -4
526 330 4
526 332 -6
526 335 -2
526 337 -4
526 340 -8
526 341 -2
526 342 -2
526 343 -4
526 692 2
526 695 -4
526 717 -2
526 719 -6
527 193 -2
527 197 2
527 206 -2
527 290 -4
527 292 -4
527 295 -4
527 323 -8
527 325 -8
527 328 -4
527 331 -6
527 333 -6
527 335 -6
527 336 2
527 339 -8
527 340 -8
527 341 -2
527 343 -4
527 693 2
527 694 2
527 717 -4
527 719 -6
527 720 -12
527 722 -2
528 194 -2
528 198 2
528 202 2
528 290 -4
528 291 -4
528 293 -4
528 323 -8
528 324 -8
528 328 -4
528 331 -6
528 332 -6
528 335 -6
528 336 2
528 339 -8
528 340 -8
528 341 -2
528 343 -4
528 693 -2
528 694 2
528 717 -4
528 719 6
528 720 -12
528 722 -2
529 195 -2
529 203 2
529 207 -2
529 292 -4
529 294 -4
529 295 -4
529 325 -8
529 329 -4
529 330 4
529 333 -6
529 335 -2
529 337 -4
529 340 -8
529 341 -2
529 342 -2
529 343 -4
529 692 2
529 695 4
529 717 -2
529 719 6
530 201 2
530 204 -2
530 209 -2
530 293 -4
530 295 -4
530 296 -4
530 326 -8
530 330 -8
530 332 -6
530 333 -6
530 337 -4
530 341 -4
530 342 4
530 343 -4
530 717 4
530 718 12
530 721 20
531 203 2
531 210 -4
531 294 -4
531 296 -4
531 327 -8
531 329 -4
531 334 -18
531 336 -4
531 342 -2
531 692 -2
531 717 2
531 719 6
531 722 2
532 204 2
532 208 2
532 291 -4
532 295 -4
532 324 -8
532 326 -8
532 332 -6
532 335 -2
532 336 -2
532 341 -4
532 343 -4
532 693 -2
532 717 2
532 720 12
533 209 4
533 296 -8
533 327 -8
533 330 -4
533 336 -4
533 342 -4
533 694 -2
533 717 4
533 722 4
534 199 -2
534 202 -2
534 206 2
534 290 -4
534 293 -4
534 295 -4
534 323 -8
534 326 -8
534 328 -4
534 331 -12
534 332 -6
534 333 -6
534 335 -4
534 341 -8
534 342 4
534 722 4
535 200 -2
535 207 2
535 291 -4
535 292 -4
535 324 -8
535 325 -8
535 332 -6
535 333 -6
535 335 -4
535 341 -4
535 342 -4
535 692 2
535 722 -4
536 201 -2
536 208 -2
536 292 -4
536 293 -4
536 325 -8
536 326 -8
536 333 -6
536 335 -2
536 336 -2
536 341 -4
536 343 -4
536 693 2
536 717 2
536 720 12
537 203 -2
537 210 4
537 294 -4
537 296 -4
537 327 -8
537 329 -4
537 334 -18
537 336 -4
537 342 -2
537 692 -2
537 717 2
537 719 -6
537 722 2
538 209 -2
538 294 -4
538 327 -8
538 336 -4
538 342 -4
539 189 -4
539 193 2
539 196 -2
539 198 2
539 297 -8
539 298 -4
539 299 -4
539 300 -4
539 345 -16
539 349 4
539 350 -4
539 352 -12
539 355 -8
539 356 -4
539 359 -4
539 691 -16
539 693 -2
540 190 -2
540 192 2
540 194 2
540 197 -2
540 298 -4
540 300 4
540 346 -16
540 349 4
540 350 4
540 351 -12
540 353 -4
540 354 4
540 358 -4
540 692 -12
540 694 -4
541 189 -2
541 191 -4
541 195 2
541 297 -4
541 299 -8
541 301 -4
541 345 -16
541 347 -32
541 349 -4
541 350 4
541 355 -4
541 359 -12
541 693 -10
541 695 -12
542 190 -2
542 192 2
542 193 -2
542 198 2
542 200 2
542 202 2
542 206 -2
542 207 -2
542 302 -8
542 303 -4
542 304 -4
542 348 -8
542 360 -12
542 362 -4
542 364 -8
542 366 -16
542 367 -4
542 692 -4
542 724 -20
542 725 -12
543 195 2
543 208 2
543 209 2
543 210 -4
543 303 -4
543 305 -4
543 306 -4
543 349 -8
543 361 -6
543 362 -2
543 364 -4
543 367 -4
543 693 -2
543 694 2
543 724 10
543 725 6
544 193 -2
544 197 2
544 199 -2
544 202 -2
544 207 2
544 208 -2
544 302 -4
544 304 -4
544 305 -4
544 348 -8
544 350 -8
544 360 -6
544 361 -6
544 362 -6
544 363 2
544 367 -4
544 694 -2
544 695 4
545 194 -2
545 198 2
545 199 -2
545 200 -2
545 206 2
545 208 2
545 302 -4
545 303 -4
545 305 -4
545 348 -8
545 349 -8
545 360 -6
545 361 -6
545 362 -6
545 363 2
545 367 -4
545 694 -2
545 695 -4
546 195 -2
546 208 -2
546 209 2
546 210 4
546 304 -4
546 305 -4
546 306 -4
546 350 -8
546 361 -6
546 362 -2
546 364 -4
546 367 -4
546 693 2
546 694 2
546 724 10
546 725 6
547 209 -4
547 306 -8
547 351 -24
547 363 -8
548 200 -2
548 201 -2
548 204 2
548 207 2
548 303 -4
548 304 -4
548 349 -8
548 350 -8
548 362 -4
548 363 -4
548 367 -4
549 189 -4
549 190 2
549 191 -2
549 192 2
549 307 -8
549 309 -8
549 352 -8
549 369 -8
549 693 -4
549 695 -4
550 190 -2
550 192 2
550 193 -2
550 198 2
550 199 -4
550 201 2
550 202 -2
550 204 -2
550 206 2
550 310 -8
550 311 -4
550 312 -4
550 353 -8
550 362 8
550 363 -4
550 368 -12
550 371 -8
550 692 2
550 694 2
551 200 -2
551 201 -2
551 204 2
551 207 2
551 209 -2
551 311 -4
551 312 -4
551 313 -12
551 354 -8
551 363 8
551 371 -4
551 692 -2
552 193 -2
552 194 -2
552 197 2
552 198 2
552 199 -2
552 200 -2
552 201 -2
552 204 2
552 207 2
552 310 -4
552 311 -4
552 312 -4
552 353 -8
552 354 -8
552 362 4
552 694 -2
553 189 -8
553 191 -4
553 194 2
553 196 -4
553 197 2
553 201 -2
553 203 2
553 204 -2
553 205 -4
553 297 -8
553 314 -8
553 315 -4
553 355 -8
553 369 -12
553 373 -32
553 693 -4
554 190 -6
554 194 -2
554 198 4
554 200 2
554 202 -2
554 203 2
554 206 -2
554 207 2
554 208 2
554 209 2
554 298 -8
554 315 -4
554 356 -8
554 364 4
554 371 2
554 693 -2
554 694 -2
554 695 -4
554 726 6
555 191 -6
555 196 -8
555 201 2
555 202 2
555 204 2
555 205 -8
555 206 2
555 299 -8
555 314 -8
555 355 -16
555 369 -12
555 695 -4
556 192 -6
556 193 4
556 197 -2
556 200 2
556 202 -2
556 203 2
556 206 -2
556 207 2
556 208 2
556 209 -2
556 300 -8
556 315 -4
556 356 -8
556 364 -4
556 371 -2
556 693 -2
556 694 2
556 695 -4
556 726 -6
557 194 -4
557 195 4
557 197 -4
557 202 -2
557 203 2
557 206 -2
557 210 4
557 301 -8
557 315 -4
557 356 -8
558 193 -2
558 194 2
558 197 -2
558 198 2
558 199 -2
558 302 -4
558 316 -8
558 357 -8
558 365 20
558 370 -12
558 372 16
558 694 2
558 726 -4
559 193 2
559 194 -2
559 195 2
559 202 2
559 203 -2
559 204 2
559 303 -4
559 316 -4
559 357 -8
559 370 -6
559 372 8
559 692 2
559 693 -2
559 726 -2
560 195 -2
560 197 2
560 198 -2
560 201 -2
560 203 2
560 206 -2
560 304 -4
560 316 -4
560 357 -8
560 370 -6
560 372 8
560 692 2
560 693 2
560 726 -2
561 199 2
561 201 2
561 202 -2
561 204 -2
561 206 2
561 209 -2
561 305 -4
561 316 -4
561 357 -8
561 370 -12
561 726 4
562 209 2
562 306 -4
562 692 -2
562 726 4
563 190 -2
563 192 2
563 193 -4
563 194 -2
563 197 2
563 198 4
563 199 -4
563 200 -2
563 201 -2
563 204 2
563 207 2
563 318 -8
563 319 -8
563 358 -8
563 367 8
563 371 8
563 692 4
564 189 -6
564 191 -4
564 193 2
564 196 -6
564 198 2
564 200 4
564 205 -8
564 207 4
564 208 2
564 210 4
564 307 -12
564 320 -8
564 321 -4
564 345 -16
564 359 -16
564 369 -12
564 691 -16
564 693 -2
564 695 -4
565 190 -4
565 192 4
565 209 -4
565 308 -12
565 346 -16
565 367 4
565 692 -8
565 694 4
566 191 -4
566 195 2
566 196 -4
566 205 -4
566 208 2
566 309 -12
566 320 -4
566 347 -16
566 359 -16
566 693 -6
567 193 -2
567 194 2
567 197 -2
567 198 2
567 199 -4
567 200 2
567 202 2
567 206 -2
567 207 -2
567 310 -8
567 322 -8
567 348 -8
567 358 8
567 366 16
567 368 12
567 692 -4
567 694 -4
567 726 12
568 193 2
568 194 -2
568 195 2
568 199 2
568 200 -2
568 201 2
568 204 2
568 206 2
568 208 4
568 209 2
568 210 -4
568 311 -8
568 322 -4
568 349 -8
568 358 8
568 368 6
568 693 -2
568 695 -4
568 726 -6
569 195 -2
569 197 2
569 198 -2
569 199 2
569 201 -2
569 202 -2
569 204 -2
569 207 2
569 208 -4
569 209 2
569 210 4
569 312 -8
569 322 -4
569 350 -8
569 358 8
569 368 6
569 693 2
569 695 4
569 726 -6
570 209 -4
570 313 -8
570 351 -8
571 190 -2
571 192 2
571 193 -2
571 198 2
571 199 -2
571 322 4
571 364 4
571 692 -2
572 189 -4
572 190 2
572 191 -6
572 192 2
572 194 2
572 196 -8
572 197 2
572 201 -2
572 202 2
572 203 2
572 204 -2
572 205 -8
572 206 2
572 317 -16
572 320 -8
572 352 -24
572 355 -8
572 693 -4
572 695 -8
573 194 -2
573 197 -2
573 200 2
573 202 -4
573 203 4
573 206 -4
573 207 2
573 208 4
573 210 4
573 321 -8
573 356 -8
573 693 -4
573 695 -4
574 193 2
574 194 -2
574 197 2
574 198 -2
574 199 2
574 200 -2
574 201 -2
574 204 2
574 207 2
574 318 4
574 319 -8
574 353 8
574 354 -8
574 361 -12
574 692 -2
575 211 -4
575 215 2
575 218 -2
575 220 2
575 374 -24
575 375 -12
575 376 -12
575 377 -12
575 384 -8
575 388 4
575 389 -4
575 391 -12
575 394 -8
575 395 -4
575 398 -4
575 696 -2
576 212 -2
576 214 2
576 216 2
576 219 -2
576 375 -12
576 377 12
576 385 -8
576 388 4
576 389 4
576 390 -12
576 392 -4
576 393 4
576 397 -4
577 211 -2
577 213 -4
577 217 2
577 374 -12
577 376 -24
577 378 -12
577 384 -8
577 386 -16
577 388 -4
577 389 4
577 394 -4
577 398 -12
578 212 -2
578 214 2
578 216 2
578 219 -2
578 225 -4
578 231 -4
578 379 -16
578 380 -8
578 381 -8
578 399 -8
578 403 -8
578 404 4
578 405 -12
578 407 -4
578 409 -8
578 411 -16
578 412 -4
578 698 4
578 729 -20
578 730 -12
579 217 2
579 221 2
579 224 -2
579 226 -2
579 230 -2
579 232 -2
579 380 -8
579 382 -8
579 383 -8
579 400 -8
579 404 -4
579 406 -6
579 407 -2
579 409 -4
579 412 -4
579 696 -2
579 699 2
579 729 10
579 730 6
580 215 -2
580 219 2
580 223 -2
580 225 -2
580 227 -2
580 228 -2
580 379 -8
580 381 -8
580 382 -8
580 399 -8
580 401 -8
580 403 -4
580 405 -6
580 406 -6
580 407 -6
580 408 2
580 412 -4
580 696 2
580 700 2
581 216 -2
581 220 2
581 223 2
581 225 -2
581 226 -2
581 230 -2
581 379 -8
581 380 -8
581 382 -8
581 399 -8
581 400 -8
581 403 -4
581 405 -6
581 406 -6
581 407 -6
581 408 2
581 412 -4
581 696 -2
581 700 2
582 217 -2
582 222 2
582 224 2
582 227 -2
582 228 -2
582 233 -2
582 381 -8
582 382 -8
582 383 -8
582 401 -8
582 404 -4
582 406 -6
582 407 -2
582 409 -4
582 412 -4
582 696 2
582 699 2
582 729 10
582 730 6
583 229 -4
583 383 -16
583 402 -24
583 404 -4
583 408 -8
584 221 -2
584 222 -2
584 226 -2
584 227 -2
584 380 -8
584 381 -8
584 400 -8
584 401 -8
584 407 -4
584 408 -4
584 412 -4
585 211 -4
585 212 2
585 213 -2
585 214 2
585 235 -4
585 236 2
585 237 -2
585 238 2
585 384 -16
585 386 -16
585 413 -16
585 417 -8
585 696 -14
585 703 -2
586 212 -2
586 214 2
586 215 -2
586 220 2
586 221 2
586 222 2
586 244 -4
586 247 -2
586 249 -2
586 387 -16
586 388 -8
586 389 -8
586 414 -8
586 419 -12
586 420 -4
586 421 -8
586 701 2
587 221 -2
587 222 -2
587 245 -2
587 246 -2
587 248 -2
587 388 -8
587 389 -8
587 390 -24
587 415 -8
587 420 -4
587 421 -4
588 215 -2
588 216 -2
588 219 2
588 220 2
588 221 -2
588 222 -2
588 244 -2
588 245 -2
588 246 -2
588 387 -8
588 388 -8
588 389 -8
588 414 -8
588 415 -8
588 420 -8
589 212 -2
589 214 2
589 215 -4
589 216 -2
589 219 2
589 220 4
589 221 -2
589 222 -2
589 256 -4
589 257 -2
589 258 -2
589 392 -16
589 393 -16
589 416 -8
589 420 8
589 707 2
590 211 -6
590 213 -4
590 215 2
590 216 2
590 218 -6
590 219 2
590 220 2
590 221 2
590 222 -2
590 224 2
590 261 -4
590 263 2
590 265 -8
590 384 -16
590 394 -16
590 395 -8
590 417 -8
590 424 -24
590 696 -6
590 703 -2
591 212 -4
591 214 4
591 266 -8
591 385 -16
591 421 4
592 213 -4
592 217 2
592 218 -4
592 223 2
592 261 -2
592 267 -8
592 386 -16
592 394 -8
592 417 -8
593 215 -2
593 216 2
593 219 -2
593 220 2
593 264 -4
593 268 -2
593 387 -8
593 396 -16
593 418 -8
593 422 16
593 423 12
593 705 4
594 215 2
594 216 -2
594 217 2
594 223 2
594 224 -2
594 264 -2
594 269 -2
594 388 -8
594 396 -8
594 418 -8
594 423 6
594 696 -2
594 706 2
595 217 -2
595 219 2
595 220 -2
595 223 -2
595 224 2
595 264 -2
595 270 -2
595 389 -8
595 396 -8
595 418 -8
595 423 6
595 696 2
595 706 2
596 271 -2
596 390 -8
597 212 -2
597 214 2
597 215 -2
597 220 2
597 268 -2
597 397 -8
597 421 4
597 709 4
598 211 -4
598 212 2
598 213 -6
598 214 2
598 216 2
598 218 -8
598 219 2
598 221 2
598 222 -2
598 223 2
598 224 2
598 272 -4
598 273 2
598 275 -10
598 391 -24
598 398 -32
598 413 -16
598 417 -8
598 696 -10
598 710 -4
599 215 -2
599 216 2
599 219 -2
599 220 2
599 221 2
599 222 2
599 274 -4
599 276 -4
599 392 -16
599 397 16
599 414 -8
599 416 8
599 419 12
599 707 2
600 215 2
600 216 -2
600 219 2
600 220 -2
600 221 -2
600 222 -2
600 274 -2
600 277 -4
600 393 -16
600 397 8
600 415 -8
600 416 8
601 225 -4
601 228 -2
601 230 -2
601 236 -2
601 238 2
601 240 2
601 243 -2
601 399 -8
601 400 -4
601 401 -4
601 425 -16
601 427 -8
601 428 4
601 429 -12
601 430 -4
601 431 -8
601 697 -10
601 699 -2
601 704 -6
602 226 -2
602 227 -2
602 229 -2
602 400 -4
602 401 -4
602 402 -12
602 426 -16
602 428 -8
602 430 -4
602 431 -4
602 698 -10
602 700 -4
602 705 -6
603 225 -2
603 226 -2
603 227 -2
603 239 -2
603 240 -2
603 243 2
603 399 -4
603 400 -4
603 401 -4
603 425 -16
603 426 -16
603 427 -4
603 430 -8
603 699 -8
603 700 -6
603 706 -6
604 226 -2
604 227 -2
604 228 -2
604 230 -2
604 232 2
604 233 2
604 245 2
604 246 2
604 248 -2
604 403 -8
604 404 -4
604 427 -8
604 433 -12
604 435 -16
604 698 -4
604 699 -4
604 701 4
605 229 -2
605 234 6
605 248 2
605 250 -2
605 404 -4
605 428 -8
605 434 2
605 699 -2
605 700 -2
605 701 2
605 731 6
606 228 -2
606 230 -2
606 231 -4
606 247 2
606 249 2
606 403 -8
606 427 -16
606 433 -12
606 700 -4
606 701 2
607 229 -2
607 234 6
607 248 2
607 250 -2
607 404 -4
607 428 -8
607 434 -2
607 699 -2
607 700 -2
607 701 2
607 731 -6
608 232 -2
608 233 -2
608 250 2
608 404 -4
608 428 -8
609 225 -4
609 226 -2
609 227 -2
609 252 -2
609 254 2
609 405 -8
609 406 -8
609 429 -8
609 433 -8
609 437 -8
609 698 -4
609 699 -4
609 700 -4
609 707 -2
610 226 -2
610 227 -2
610 228 -2
610 230 -2
610 231 -4
610 232 2
610 233 2
610 234 6
610 257 2
610 258 2
610 260 -2
610 407 -8
610 408 -4
610 430 -8
610 437 -12
610 697 -2
610 698 -2
610 700 2
610 702 14
611 434 -4
612 228 -2
612 230 -2
612 231 -2
612 259 2
612 407 -4
612 430 -8
612 699 2
613 225 -8
613 226 -2
613 227 -2
613 228 -2
613 229 4
613 230 -2
613 231 -4
613 268 -2
613 399 -8
613 409 -8
613 431 -8
613 435 -16
613 437 -12
613 698 4
613 699 -4
613 700 4
613 732 -24
614 226 -6
614 228 -2
614 230 -4
614 231 -2
614 263 2
614 269 -2
614 400 -8
614 409 -4
614 431 -8
614 437 -6
614 699 2
614 703 -2
614 732 12
615 227 -6
615 228 -4
615 230 -2
615 231 -2
615 263 -2
615 270 -2
615 401 -8
615 409 -4
615 431 -8
615 437 -6
615 699 2
615 703 2
615 732 12
616 229 -4
616 271 -2
616 402 -8
617 225 -2
617 226 -2
617 227 -2
617 228 -2
617 229 2
617 230 -2
617 231 -2
617 264 2
617 403 -4
617 410 -20
617 432 -32
617 436 -36
617 697 -4
617 699 -2
617 704 4
617 706 2
617 732 -4
618 229 -4
618 404 -4
618 698 -4
618 705 4
618 732 8
619 225 -2
619 266 -2
619 411 -4
619 435 -4
619 697 -2
619 708 -2
620 226 -2
620 227 -2
620 228 -4
620 229 4
620 230 -4
620 231 -4
620 232 2
620 233 2
620 269 2
620 270 2
620 271 -6
620 412 -8
620 431 -8
620 698 4
621 225 -6
621 226 -2
621 227 -2
621 228 -4
621 230 -4
621 231 -4
621 232 2
621 233 2
621 276 -2
621 405 -12
621 412 -8
621 425 -16
621 430 -8
621 433 -12
621 697 -6
621 699 2
621 700 -2
621 708 10
622 226 -4
622 227 -4
622 228 -2
622 229 -2
622 230 -2
622 231 -2
622 234 6
622 277 -2
622 406 -12
622 412 -4
622 426 -16
622 430 -8
622 698 -6
622 699 -4
622 709 10
623 225 -4
623 226 -4
623 227 -4
623 228 -4
623 230 -4
623 231 -4
623 232 2
623 233 2
623 274 2
623 407 -8
623 411 -16
623 427 -8
623 429 -24
623 698 -4
623 699 -4
623 700 -8
623 707 4
624 229 -4
624 232 -2
624 233 -2
624 234 12
624 408 -8
624 428 -8
624 699 -4
624 700 -4
624 707 2
625 236 -2
625 238 2
625 239 -4
625 240 -2
625 243 2
625 244 -4
625 245 -2
625 246 -2
625 414 -8
625 415 -8
625 438 -16
625 442 -8
625 701 -12
625 707 -4
626 236 -2
626 238 2
626 239 -2
626 256 -2
626 416 -4
626 442 4
626 702 -14
626 708 -2
626 709 -2
627 235 -4
627 236 2
627 237 -6
627 238 2
627 240 4
627 242 -8
627 243 4
627 261 -4
627 262 2
627 275 -10
627 413 -16
627 417 -8
627 440 -32
627 703 -10
627 710 -12
628 239 -2
628 240 2
628 243 -2
628 264 -4
628 276 -2
628 414 -4
628 418 -8
628 439 16
628 441 12
628 704 -6
628 706 -2
628 708 10
629 239 2
629 240 -2
629 243 2
629 264 -2
629 277 -2
629 415 -4
629 418 -4
629 439 16
629 705 -6
629 706 -4
629 709 10
630 244 -2
630 252 -2
630 254 2
630 419 -4
630 701 -2
630 709 -4
631 245 -2
631 246 -2
631 247 -4
631 248 4
631 249 -4
631 250 2
631 257 2
631 258 2
631 259 4
631 260 -4
631 420 -8
631 442 -8
631 701 2
632 244 -6
632 245 -2
632 246 -2
632 247 -4
632 248 4
632 249 -4
632 276 -4
632 414 -8
632 421 -8
632 442 -8
632 701 2
633 245 -4
633 246 -4
633 247 -2
633 248 -2
633 249 -2
633 250 2
633 277 -4
633 415 -8
633 421 -4
633 442 -8
634 244 -2
634 245 -2
634 246 -2
634 247 -2
634 248 2
634 249 -2
634 264 4
634 422 -16
634 441 -24
634 701 -4
634 705 4
634 706 4
635 248 -4
635 250 2
635 701 -2
635 706 4
636 244 -4
636 245 -4
636 246 -4
636 247 -4
636 249 -4
636 250 4
636 274 4
636 419 -12
636 420 -8
636 438 -16
636 701 -8
636 707 4
637 264 -4
637 274 2
637 419 -4
637 423 8
637 441 8
637 705 -4
637 706 -4
637 707 2
638 256 -4
638 257 -4
638 258 -4
638 259 -4
638 260 4
638 274 6
638 416 -8
638 442 8
638 707 -2
639 256 -2
639 257 -2
639 258 -2
639 259 -2
639 260 2
639 264 6
639 420 4
639 423 -12
639 439 -16
639 702 -14
639 704 2
639 705 2
639 706 -2
640 261 -10
640 262 2
640 263 2
640 272 -4
640 273 2
640 417 -8
640 424 -12
640 440 -16
640 703 -6
641 264 -8
641 268 2
641 269 2
641 270 2
641 271 -6
641 418 -8
641 421 -4
641 705 4
642 281 -4
642 282 2
642 283 -2
642 284 2
642 443 -32
642 445 -32
642 450 -8
642 454 -8
643 282 -2
643 284 2
643 286 2
643 289 -2
643 290 -4
643 293 -2
643 295 -2
643 446 -24
643 447 -12
643 448 -12
643 456 -8
643 458 -8
643 459 4
643 460 -12
643 461 -4
643 462 -8
643 711 2
644 291 -2
644 292 -2
644 294 -2
644 447 -12
644 448 -12
644 449 -36
644 457 -8
644 459 -8
644 461 -4
644 462 -4
645 285 -2
645 286 -2
645 289 2
645 290 -2
645 291 -2
645 292 -2
645 446 -12
645 447 -12
645 448 -12
645 456 -8
645 457 -8
645 458 -4
645 461 -8
646 282 -2
646 284 2
646 285 -4
646 286 -2
646 289 2
646 302 -4
646 303 -2
646 304 -2
646 451 -24
646 452 -24
646 464 -8
646 468 -8
647 282 -2
647 284 2
647 285 -2
647 310 -2
647 453 -12
647 468 4
647 714 2
648 281 -4
648 282 2
648 283 -6
648 284 2
648 286 4
648 288 -8
648 289 4
648 314 -4
648 315 2
648 317 -8
648 450 -24
648 454 -24
648 466 -16
649 285 -2
649 286 2
649 289 -2
649 316 -4
649 318 -2
649 451 -12
649 455 -24
649 465 8
649 467 12
649 713 2
650 285 2
650 286 -2
650 289 2
650 316 -2
650 319 -2
650 452 -12
650 455 -12
650 465 8
651 290 -4
651 291 -2
651 292 -2
651 298 -2
651 300 2
651 323 -4
651 324 -2
651 325 -2
651 456 -16
651 457 -16
651 469 -16
651 470 -8
651 472 -8
651 711 -12
651 713 -6
651 717 -2
652 291 -2
652 292 -2
652 293 -2
652 295 -2
652 296 4
652 303 2
652 304 2
652 306 -2
652 328 -4
652 330 2
652 458 -16
652 459 -8
652 470 -8
652 473 -12
652 711 -4
652 712 14
652 716 -2
654 293 -2
654 295 -2
654 305 2
654 328 -2
654 458 -8
654 470 -8
655 290 -2
655 308 -2
655 331 -2
655 460 -8
655 473 -4
655 711 -2
655 714 -2
656 291 -2
656 292 -2
656 293 -4
656 294 4
656 295 -4
656 296 2
656 311 2
656 312 2
656 313 -6
656 335 -4
656 336 2
656 461 -16
656 472 -8
656 711 2
656 722 2
657 290 -6
657 291 -2
657 292 -2
657 293 -4
657 294 4
657 295 -4
657 318 -2
657 337 -4
657 339 -8
657 456 -16
657 462 -16
657 472 -8
657 473 -12
657 711 2
657 717 2
658 291 -4
658 292 -4
658 293 -2
658 294 -2
658 295 -2
658 296 2
658 319 -2
658 337 -2
658 340 -8
658 457 -16
658 462 -8
658 472 -8
659 290 -2
659 291 -2
659 292 -2
659 293 -2
659 294 2
659 295 -2
659 316 2
659 338 -12
659 341 -2
659 458 -8
659 463 -32
659 471 -24
659 711 -4
659 713 4
660 294 -4
660 296 2
660 342 -2
660 459 -8
660 711 -2
660 713 2
660 720 -4
661 290 -4
661 291 -4
661 292 -4
661 293 -4
661 295 -4
661 296 4
661 322 2
661 343 -4
661 344 -10
661 460 -24
661 461 -16
661 469 -16
661 470 -8
661 711 -8
661 714 10
661 722 -2
662 298 -2
662 300 2
662 302 -2
662 348 -2
662 464 -8
662 712 -14
662 714 -4
662 724 -2
663 316 -4
663 322 2
663 357 -4
663 358 -2
663 464 -8
663 465 16
663 474 16
663 713 -8
663 714 10
663 726 -2
664 302 -4
664 303 -4
664 304 -4
664 305 -4
664 306 4
664 322 4
664 364 -4
664 366 -8
664 464 -16
664 468 -16
665 302 -2
665 303 -2
665 304 -2
665 305 -2
665 306 2
665 316 4
665 365 -10
665 367 -2
665 467 -24
665 474 -16
665 712 -14
665 713 4
665 725 -2
666 310 -2
666 311 -2
666 312 -2
666 313 6
666 316 6
666 371 -2
666 372 -8
666 465 -16
666 468 8
666 713 -2
666 726 -2
667 314 -4
667 315 2
667 373 -8
667 466 -16
668 323 -2
668 346 -2
668 469 -4
668 476 -4
668 715 -14
668 721 -2
668 723 -6
669 324 -2
669 325 -2
669 326 -4
669 327 4
669 328 -4
669 329 2
669 349 2
669 350 2
669 351 -6
669 470 -8
669 476 -16
669 716 -10
669 722 -4
669 725 6
670 323 -4
670 324 -4
670 325 -4
670 326 -4
670 327 4
670 337 -4
670 344 -10
670 358 -2
670 469 -16
670 472 -8
670 476 -16
670 717 -8
670 722 -6
670 726 -6
671 323 -2
671 324 -2
671 325 -2
671 326 -2
671 327 2
671 338 -12
671 343 -2
671 357 2
671 470 -4
671 471 -12
671 475 -48
671 715 -14
671 718 -8
671 720 -4
671 721 -10
671 723 10
673 328 -10
673 329 2
673 330 2
673 337 -4
673 343 -4
673 364 2
673 367 2
673 470 -8
673 473 -12
673 476 -16
673 716 -6
673 717 -4
673 724 10
674 719 4
675 331 -2
675 332 -2
675 333 -2
675 334 6
675 337 -2
675 338 -12
675 370 2
675 471 -8
675 473 -4
675 717 -2
675 720 -4
675 726 2
676 335 -4
676 336 2
676 337 -6
676 371 2
676 472 -8
676 717 2
677 348 -2
677 349 -2
677 350 -2
677 351 6
677 357 4
677 364 -2
677 365 -10
677 474 -16
677 724 -10
677 725 -6
677 726 4
678 375 -2
678 377 2
678 379 -4
678 380 -2
678 381 -2
678 478 -32
678 479 -32
678 483 -8
678 484 -8
678 486 -8
679 375 -2
679 377 2
679 387 -2
679 480 -16
680 396 -4
680 397 -2
680 480 -16
680 481 32
680 487 8
681 379 -2
681 385 -2
681 399 -2
681 483 -12
681 489 -4
681 727 -14
681 728 -6
681 729 -2
682 380 -2
682 381 -2
682 382 -4
682 383 4
682 388 2
682 389 2
682 390 -6
682 403 -4
682 404 2
682 484 -24
682 489 -8
683 379 -4
683 380 -4
683 381 -4
683 382 -4
683 383 4
683 397 -2
683 409 -4
683 411 -8
683 483 -24
683 486 -24
683 489 -8
684 379 -2
684 380 -2
684 381 -2
684 382 -2
684 383 2
684 396 2
684 410 -10
684 412 -2
684 484 -12
684 485 -36
684 488 -16
684 727 -14
684 728 10
684 730 -2
685 387 -2
685 388 -2
685 389 -2
685 390 6
685 396 4
685 421 -2
685 422 -8
685 487 -24
686 399 -2
686 400 -2
686 401 -2
686 402 6
686 409 -2
686 410 -10
686 418 2
686 431 -2
686 432 -8
686 488 -32
686 489 -8
686 729 -10
686 730 -6
686 732 -4
687 434 -2
687 731 -2
688 403 -4
688 404 2
688 409 -4
688 421 2
688 435 -8
688 489 -16
689 444 -2
689 446 -2
689 490 -20
689 493 -4
690 446 -2
690 447 -2
690 448 -2
690 449 6
690 455 2
690 462 -2
690 463 -8
690 492 -32
690 493 -16
691 515 -8
691 516 -4
691 517 -4
691 518 -4
691 519 -4
691 520 -4
691 539 -8
691 543 4
691 544 -4
691 545 4
691 546 -4
691 549 -12
691 553 -8
691 554 -4
691 555 -4
691 556 -4
691 564 -4
691 568 4
691 569 -4
691 572 -8
691 573 -4
692 516 -4
692 520 4
692 522 -4
692 523 -4
692 540 -8
692 543 4
692 546 4
692 547 -8
692 548 4
692 550 -4
692 551 4
692 554 -4
692 556 4
692 563 -4
692 565 -4
692 568 4
692 569 4
692 570 -12
692 574 4
693 515 -4
693 517 -4
693 519 -4
693 522 4
693 523 -4
693 524 -12
693 539 -8
693 541 -8
693 544 4
693 545 -4
693 555 -8
693 557 -4
693 564 -8
693 566 -8
693 568 -4
693 569 4
693 572 -4
694 516 -4
694 520 4
694 522 4
694 523 4
694 540 -8
694 542 -4
694 544 4
694 545 4
694 547 -4
694 550 -4
694 551 4
694 554 4
694 556 -4
694 565 -4
694 567 4
694 574 4
695 517 -4
695 519 -4
695 521 -4
695 541 -8
695 543 -4
695 546 4
695 553 -4
695 564 -4
695 566 -8
696 495 -4
696 496 2
696 497 -2
696 498 2
696 499 -2
696 500 2
696 575 -16
696 577 -16
696 585 -8
696 590 -8
696 592 -8
696 598 -8
697 496 -2
697 500 2
697 502 2
697 507 -2
697 510 2
697 512 -2
697 578 -8
697 579 -4
697 580 -4
697 581 -4
697 582 -4
697 601 -8
697 604 -8
697 605 4
697 606 -4
697 607 4
697 609 -12
697 610 -4
697 613 -8
697 614 -4
697 615 -4
697 620 -8
697 621 -4
697 623 -8
697 624 4
698 513 -4
698 579 -4
698 582 -4
698 583 -8
698 584 -4
698 602 -8
698 605 -4
698 607 -4
698 608 -8
698 610 -4
698 614 -4
698 615 -4
698 616 -12
698 620 -4
698 622 -4
698 624 -8
699 501 -2
699 504 -2
699 509 2
699 578 -4
699 580 -4
699 581 -4
699 584 -8
699 601 -8
699 603 -8
699 606 -8
699 608 4
699 610 -4
699 612 -8
699 614 -4
699 615 -4
699 621 -8
699 622 -4
699 623 -4
700 502 -2
700 503 -2
700 511 2
700 512 2
700 513 2
700 579 -4
700 580 -4
700 581 -4
700 582 -4
700 583 -4
700 602 -8
700 603 -8
700 604 -4
700 605 -4
700 607 -4
700 610 -4
700 612 -8
700 613 -4
700 621 -4
700 622 -8
701 496 -2
701 500 2
701 501 -4
701 502 -2
701 503 -2
701 504 -2
701 509 2
701 511 2
701 512 2
701 586 -8
701 587 -8
701 588 -8
701 625 -8
701 631 -8
701 632 -8
701 633 -8
701 636 -8
702 496 -2
702 500 2
702 501 -2
702 589 -4
702 631 4
702 638 -4
703 495 -4
703 496 2
703 497 -4
703 498 2
703 499 -4
703 500 2
703 502 2
703 504 2
703 506 -4
703 507 2
703 508 -4
703 509 2
703 510 2
703 512 2
703 514 2
703 585 -8
703 590 -8
703 592 -8
703 627 -8
703 640 -16
704 496 -2
704 500 2
704 501 -2
704 502 2
704 504 2
704 507 -2
704 509 -2
704 510 2
704 512 -2
704 586 -4
704 593 -8
704 594 -4
704 595 -4
704 628 -8
704 634 8
704 635 -4
704 637 -12
704 639 4
704 641 -8
705 502 -2
705 503 2
705 511 -2
705 512 2
705 513 -2
705 587 -4
705 594 -4
705 595 -4
705 596 -12
705 629 -8
705 635 8
705 639 4
705 641 -4
706 503 -2
706 504 -2
706 507 2
706 509 2
706 510 -2
706 511 2
706 513 2
706 588 -4
706 593 -4
706 594 -4
706 595 -4
706 628 -8
706 629 -8
706 634 4
706 639 8
707 496 -2
707 500 2
707 501 -4
707 502 -2
707 503 -2
707 504 -2
707 509 2
707 511 2
707 512 2
707 589 -8
707 599 -8
707 600 -8
707 625 -8
707 636 8
707 638 8
708 496 -2
708 500 2
708 504 -2
708 509 2
708 597 -8
708 599 4
708 626 -8
708 630 -12
708 632 4
709 501 -2
709 503 -2
709 507 -2
709 510 2
709 511 2
709 513 -2
709 597 -4
709 600 4
709 626 -8
709 633 4
710 497 -2
710 499 -2
710 502 2
710 504 2
710 506 -4
710 507 2
710 508 -4
710 509 2
710 510 2
710 512 2
710 514 2
710 598 -8
710 627 -8
711 516 -2
711 520 2
711 522 -2
711 523 -2
711 525 -4
711 526 -2
711 527 -2
711 528 -2
711 529 -2
711 643 -16
711 644 -16
711 645 -16
711 651 -8
711 652 -8
711 654 -8
711 656 -8
711 657 -8
711 658 -8
711 661 -8
712 516 -2
712 520 2
712 542 -2
712 646 -8
712 664 -4
713 516 -2
713 520 2
713 558 -4
713 559 -2
713 560 -2
713 563 -2
713 646 -8
713 649 -16
713 650 -16
713 663 -8
713 665 8
713 666 8
714 516 -2
714 520 2
714 522 -2
714 523 -2
714 567 -2
714 571 -4
714 647 -16
714 662 -8
714 664 4
715 525 -2
715 540 -2
715 651 -4
715 669 -4
715 670 -4
715 733 -18
715 734 -6
716 526 -2
716 529 -2
716 530 -4
716 531 2
716 532 -2
716 533 4
716 536 -2
716 537 2
716 543 2
716 546 2
716 547 -4
716 548 2
716 652 -8
716 654 -8
716 669 -8
716 673 -8
717 525 -4
717 526 -2
717 527 -4
717 528 -4
717 529 -2
717 531 2
717 532 -2
717 534 -4
717 535 -4
717 536 -2
717 537 2
717 538 4
717 554 -2
717 556 2
717 563 -2
717 651 -8
717 657 -8
717 658 -8
717 670 -8
717 673 -8
717 676 -16
718 526 -2
718 527 -2
718 528 -2
718 529 -2
718 530 -2
718 531 2
718 533 2
718 535 -2
718 537 2
718 559 2
718 560 2
718 562 -2
718 652 -4
718 659 -8
718 660 -4
718 671 -8
718 675 -12
718 733 -18
718 734 14
719 531 -4
719 537 4
719 653 -4
719 674 -4
720 532 -2
720 534 -2
720 536 -2
720 538 2
720 561 2
720 654 -4
720 659 -4
720 671 -8
721 525 -2
721 527 -2
721 528 -2
721 533 2
721 534 -2
721 565 -2
721 571 -2
721 655 -12
721 661 -4
721 668 -16
721 673 -4
721 733 -18
722 526 -2
722 527 -2
722 528 -2
722 529 -2
722 530 -4
722 531 4
722 532 -4
722 533 4
722 534 -4
722 535 -4
722 536 -4
722 537 4
722 538 4
722 568 2
722 569 2
722 570 -6
722 656 -8
722 661 -8
722 669 -8
722 670 -8
723 540 -2
723 558 -2
723 571 -2
723 662 -4
723 663 -4
723 677 4
723 734 -14
724 542 -2
724 544 -2
724 545 -2
724 547 2
724 554 -2
724 556 2
724 571 -4
724 662 -8
724 664 -4
725 543 -2
725 544 -2
725 545 -2
725 546 -2
725 547 6
725 548 -2
725 559 2
725 560 2
725 561 4
725 562 -4
725 665 -8
725 677 -8
726 558 -4
726 559 -4
726 560 -4
726 561 -4
726 562 4
726 567 2
726 568 2
726 569 2
726 570 -6
726 663 -8
726 664 -4
726 666 8
726 677 8
727 576 -2
727 578 -2
727 678 -12
727 682 -4
727 683 -4
728 576 -2
728 593 -2
728 597 -2
728 679 -12
728 680 -12
728 685 4
729 578 -2
729 580 -2
729 581 -2
729 583 2
729 591 -2
729 597 -2
729 613 -2
729 619 -8
729 681 -16
729 683 -8
729 688 -8
730 579 -2
730 580 -2
730 581 -2
730 582 -2
730 583 6
730 584 -2
730 594 2
730 595 2
730 596 -6
730 617 -4
730 618 2
730 620 -2
730 682 -8
730 684 -16
730 686 -8
731 687 8
732 613 -2
732 614 -2
732 615 -2
732 616 6
732 617 -4
732 618 2
732 641 2
732 686 -8
732 688 -4
733 692 -2
733 711 -4
733 716 -4
733 717 -4
733 722 -4
734 692 -2
734 694 -2
734 712 -4
734 713 -4
734 725 4
734 726 -4
734 734 0
