1 57 2
2 62 2
3 67 2
4 72 2
4 76 2
5 77 2
5 81 2
6 82 2
6 85 2
7 87 2
8 92 2
9 96 2
9 100 2
10 101 2
10 104 2
11 105 2
12 114 2
13 118 2
13 121 2
14 122 2
14 125 2
15 130 2
15 133 2
16 134 2
16 136 2
17 137 2
18 141 2
19 145 2
19 148 2
20 149 2
20 152 2
21 159 2
22 162 2
22 165 2
23 166 2
24 170 2
24 172 2
25 182 2
26 185 2
26 187 2
27 190 2
28 192 2
29 196 2
30 199 2
30 202 2
31 203 2
32 209 2
33 212 2
33 214 2
34 217 2
35 224 2
36 226 2
37 232 2
38 234 2
39 237 2
40 240 2
40 242 2
41 247 2
42 249 2
43 255 2
45 260 2
46 263 2
47 265 2
48 269 2
50 274 2
51 276 2
53 281 2
57 1 -22
57 285 4
57 287 4
57 292 4
57 301 4
58 286 2
58 288 2
58 290 2
58 293 2
58 298 2
58 302 2
58 310 2
59 285 2
59 289 2
59 294 2
59 296 2
59 303 2
59 307 2
59 313 2
60 286 2
60 288 2
60 295 2
60 304 2
60 305 2
60 306 -2
60 309 -2
61 289 2
61 291 2
61 294 2
61 295 -2
61 297 -2
61 300 -2
61 304 -2
62 2 -20
62 315 4
62 317 4
62 322 4
62 331 4
63 316 2
63 318 2
63 320 2
63 323 2
63 328 2
63 332 2
64 315 2
64 319 2
64 324 2
64 326 2
64 333 2
64 334 2
65 316 2
65 318 2
65 327 -2
65 330 -2
66 337 4
66 338 2
66 339 2
66 340 2
66 342 2
66 343 2
66 346 2
67 3 -18
67 349 4
67 351 4
67 356 4
68 350 2
68 352 2
68 354 2
68 357 2
68 361 2
69 349 2
69 353 2
69 358 2
69 359 2
69 360 -2
70 350 2
70 352 2
70 353 -2
70 355 -2
70 358 -2
71 363 4
71 364 2
71 365 2
71 366 2
71 368 2
71 369 2
72 4 -16
72 373 4
72 375 4
72 380 4
72 389 2
73 374 2
73 376 2
73 378 2
73 381 2
73 390 2
74 373 2
74 379 -2
74 391 2
75 382 4
75 383 2
75 384 2
75 385 2
75 387 2
75 392 6
76 4 -6
76 389 2
77 5 -14
77 393 4
77 395 4
77 403 2
78 394 2
78 396 2
78 397 2
78 404 2
79 393 2
79 394 -2
79 396 -2
79 405 2
80 398 4
80 399 2
80 400 2
80 401 2
80 406 4
81 5 -8
81 403 2
82 6 -12
82 407 4
82 409 4
82 414 2
83 415 2
84 410 4
84 411 2
84 412 2
84 418 4
84 419 2
85 6 -10
85 414 2
85 420 4
86 416 2
86 420 -2
87 7 -18
87 421 4
87 423 4
87 428 4
88 422 2
88 424 2
88 426 2
88 429 2
88 433 2
89 421 2
89 425 2
89 430 2
89 431 2
89 432 -2
90 422 2
90 424 2
90 425 -2
90 427 -2
90 430 -2
91 435 4
91 436 2
91 437 2
91 438 2
91 440 2
91 441 2
92 8 -16
92 445 4
92 447 4
92 452 4
93 446 2
93 448 2
93 450 2
93 453 2
94 445 2
94 451 -2
95 454 4
95 455 2
95 456 2
95 457 2
95 459 2
96 9 -14
96 461 4
96 463 4
96 471 2
97 462 2
97 464 2
97 465 2
97 472 2
98 461 2
98 462 -2
98 464 -2
98 473 2
99 466 4
99 467 2
99 468 2
99 469 2
99 474 6
100 9 -6
100 471 2
101 10 -12
101 475 4
101 477 4
101 482 2
102 483 2
103 478 4
103 479 2
103 480 2
103 484 4
104 10 -8
104 482 2
105 11 -20
105 485 4
105 488 4
106 485 -2
106 489 2
107 491 4
107 492 2
107 493 2
107 494 2
107 496 2
108 498 2
109 501 4
109 502 2
109 503 2
109 504 2
109 509 2
110 506 2
110 510 6
111 511 4
111 512 2
111 513 2
111 517 2
112 515 2
112 518 4
113 519 4
113 520 2
113 521 2
114 12 -14
114 523 4
114 525 4
115 524 2
115 526 2
115 527 2
116 523 2
116 524 -2
116 526 -2
117 528 4
117 529 2
117 530 2
117 531 2
118 13 -12
118 533 4
118 535 4
118 540 2
119 541 2
120 536 4
120 537 2
120 538 2
120 542 6
121 13 -6
121 540 2
122 14 -10
122 543 4
122 546 2
123 543 -2
123 547 2
124 544 4
124 545 2
124 548 4
125 14 -8
125 546 2
126 549 4
126 550 2
126 551 2
126 555 2
127 553 2
127 556 6
128 557 4
128 558 2
128 561 2
129 559 2
129 562 4
130 15 -10
130 563 4
130 566 2
131 563 -2
131 567 2
132 564 4
132 565 2
132 568 6
132 571 2
133 15 -12
133 566 2
133 575 4
134 16 -16
134 570 4
134 576 2
135 573 4
135 574 2
135 577 6
136 16 -6
136 576 2
137 17 -16
137 578 4
137 580 4
137 585 4
138 579 2
138 581 2
138 583 2
138 586 2
139 578 2
139 584 -2
140 587 4
140 588 2
140 589 2
140 590 2
140 592 2
141 18 -14
141 594 4
141 596 4
142 595 2
142 597 2
142 598 2
143 594 2
143 595 -2
143 597 -2
144 599 4
144 600 2
144 601 2
144 602 2
145 19 -12
145 604 4
145 606 4
145 611 2
146 612 2
147 607 4
147 608 2
147 609 2
147 613 6
148 19 -6
148 611 2
149 20 -10
149 614 4
149 617 2
150 614 -2
150 618 2
151 615 4
151 616 2
151 619 4
152 20 -8
152 617 2
153 620 4
153 621 2
153 622 2
153 623 2
154 625 2
155 628 4
155 629 2
155 630 2
155 634 2
156 632 2
156 635 6
157 636 4
157 637 2
157 640 2
158 638 2
158 641 4
159 21 -12
159 642 4
159 644 4
161 645 4
161 646 2
161 647 2
162 22 -10
162 649 4
162 652 2
163 649 -2
163 653 2
164 650 4
164 651 2
164 654 6
165 22 -6
165 652 2
166 23 -16
166 656 4
167 657 4
167 658 2
167 661 2
168 659 2
168 662 6
169 663 4
169 664 2
170 24 -8
170 666 2
171 665 4
171 667 6
171 668 2
172 24 -12
172 666 2
172 670 4
173 671 4
173 672 2
173 673 2
174 675 2
175 677 4
175 678 2
175 681 2
176 679 2
176 682 6
177 683 4
177 684 2
178 685 2
178 688 2
179 689 2
180 690 4
180 692 2
181 691 2
181 693 6
181 694 2
182 25 -10
182 695 4
183 695 -2
184 696 4
184 697 2
185 26 -8
185 699 2
186 698 4
186 700 6
187 26 -6
187 699 2
188 701 4
188 703 2
189 702 2
189 704 6
190 27 -18
190 706 4
191 707 6
191 708 2
192 28 -14
192 709 4
192 711 4
193 710 2
193 712 2
193 713 2
194 709 2
194 710 -2
194 712 -2
195 714 4
195 715 2
195 716 2
195 717 2
196 29 -12
196 719 4
196 721 4
198 722 4
198 723 2
198 724 2
199 30 -10
199 726 4
199 729 2
200 726 -2
200 730 2
201 727 4
201 728 2
201 731 6
202 30 -6
202 729 2
203 31 -16
203 733 4
204 734 4
204 735 2
204 736 2
205 738 2
206 740 4
206 741 2
206 744 2
207 742 2
207 745 6
208 746 4
208 747 2
209 32 -10
209 748 4
210 748 -2
211 749 4
211 750 2
212 33 -8
212 752 2
213 751 4
213 753 6
214 33 -6
214 752 2
215 754 4
215 756 2
216 755 2
216 757 6
217 34 -18
217 759 4
218 760 4
218 761 2
219 762 2
220 764 4
220 766 2
221 765 2
221 767 6
222 768 2
222 770 2
223 771 6
223 772 2
224 35 -8
225 773 4
226 36 -12
226 775 4
227 776 6
227 777 2
228 778 4
229 779 2
230 780 6
230 781 2
231 782 2
232 37 -6
233 783 6
234 38 -12
234 784 4
234 786 4
236 787 4
236 788 2
236 789 2
237 39 -10
237 791 4
238 791 -2
239 792 4
239 793 2
240 40 -8
240 795 2
241 794 4
241 796 6
242 40 -6
242 795 2
243 797 4
243 798 2
244 799 2
245 801 4
245 803 2
246 802 2
246 804 6
247 41 -8
248 805 4
249 42 -12
249 807 4
250 808 6
250 809 2
251 810 4
252 811 2
253 812 6
253 813 2
254 814 2
255 43 -6
256 815 6
257 816 6
258 817 2
260 45 -10
260 818 4
261 818 -2
262 819 4
262 820 2
263 46 -8
264 821 4
265 47 -12
265 823 4
266 824 4
267 825 2
268 826 6
268 827 2
269 48 -6
270 828 6
271 829 6
272 830 2
274 50 -8
275 831 4
276 51 -6
277 832 6
278 833 6
279 834 2
281 53 -6
282 835 6
285 57 -4
285 59 -2
285 836 4
285 838 2
285 840 2
285 847 2
285 854 2
286 58 -2
286 60 -2
286 837 2
286 839 2
286 845 2
286 848 2
286 868 2
287 57 -4
287 838 2
287 840 2
287 849 4
287 870 2
288 58 -2
288 60 -2
288 839 2
288 841 2
288 850 2
288 852 2
288 871 2
289 59 -2
289 61 -2
289 836 2
289 842 2
289 851 2
289 859 2
289 872 2
290 58 -2
290 843 2
290 852 2
290 863 2
290 873 2
291 61 -2
291 844 2
291 853 2
291 866 2
291 874 2
292 57 -4
292 836 2
292 847 2
292 854 2
292 870 4
293 58 -2
293 848 2
293 855 2
293 873 2
293 875 2
294 59 -2
294 61 -2
294 836 2
294 851 2
294 856 2
294 858 -2
294 865 -2
295 60 -2
295 61 2
295 837 2
295 839 2
295 851 -2
295 853 -2
295 856 -2
296 59 -2
296 840 2
296 857 2
296 865 -2
296 867 -2
297 61 2
297 841 2
297 858 2
297 872 -2
297 874 -2
298 58 -2
298 837 2
298 861 2
298 871 2
298 875 2
299 862 2
299 876 2
299 877 2
300 61 2
300 837 2
300 859 -2
300 865 2
300 866 -2
301 57 -4
301 838 2
301 840 2
301 847 2
301 849 2
301 854 2
302 58 -2
302 841 2
302 861 2
302 863 2
302 868 2
303 59 -2
303 838 2
303 860 -2
303 867 -2
303 872 2
304 60 -2
304 61 2
304 839 2
304 841 2
304 842 -2
304 844 -2
304 851 -2
305 60 -2
305 844 -2
305 845 2
305 846 -2
305 852 2
306 60 2
306 846 2
306 848 -2
306 850 -2
306 853 2
307 59 -2
307 842 2
307 854 2
307 858 -2
307 860 -2
308 855 2
308 862 -2
308 864 -2
309 60 2
309 842 2
309 856 2
309 868 -2
309 871 -2
310 58 -2
310 843 2
310 845 2
310 850 2
310 855 2
311 846 2
311 864 2
311 869 2
312 843 2
312 869 -2
312 876 -2
313 59 -2
313 847 2
313 856 2
313 857 2
313 859 2
314 857 -2
314 860 2
314 861 2
315 62 -4
315 64 -2
315 878 4
315 880 2
315 882 2
315 889 2
316 63 -2
316 65 -2
316 879 2
316 881 2
316 887 2
316 890 2
317 62 -4
317 880 2
317 882 2
317 891 4
318 63 -2
318 65 -2
318 881 2
318 883 2
318 892 2
318 893 2
319 64 -2
319 878 2
319 884 2
319 894 -2
320 63 -2
320 885 2
320 893 2
320 897 2
321 886 2
321 894 2
322 62 -4
322 878 2
322 889 4
322 891 2
323 63 -2
323 890 2
323 895 2
323 897 2
324 64 -2
324 878 2
324 884 -2
324 886 -2
325 879 2
325 883 -2
326 64 -2
326 882 2
326 886 -2
326 888 -2
327 65 2
327 883 2
327 890 -2
327 892 -2
328 63 -2
328 879 2
328 892 2
328 895 2
330 65 2
330 879 2
330 887 -2
330 893 -2
331 62 -2
331 880 2
331 882 2
332 63 -2
332 883 2
332 885 2
332 887 2
333 64 -2
333 880 2
333 888 -2
333 894 -2
334 64 -2
334 889 2
335 885 -2
335 895 2
336 888 2
337 66 -4
337 898 4
337 900 2
337 901 2
337 907 2
337 910 2
338 66 -2
338 899 2
338 901 2
338 905 2
338 908 2
338 919 2
339 66 -2
339 900 2
339 902 2
339 908 2
339 909 2
339 921 2
340 66 -2
340 898 2
340 903 2
340 910 2
340 914 2
340 921 2
341 904 2
341 911 2
341 917 2
341 922 2
342 66 -2
342 898 2
342 907 2
342 912 2
342 914 2
342 919 2
343 66 -2
343 899 2
343 901 2
343 907 2
343 909 2
343 912 2
344 902 2
344 913 2
344 916 2
344 918 2
345 899 2
345 915 2
345 916 2
345 920 2
346 66 -2
346 900 2
346 902 2
346 903 2
346 905 2
346 910 2
347 904 2
347 906 4
347 911 2
348 903 2
348 912 2
348 913 2
348 915 2
349 67 -4
349 69 -2
349 924 4
349 926 2
349 928 2
350 68 -2
350 70 -2
350 925 2
350 927 2
350 932 2
351 67 -4
351 926 2
351 928 2
351 933 6
352 68 -2
352 70 -2
352 927 2
352 929 2
352 931 -2
353 69 -2
353 70 2
353 924 2
353 927 -2
353 929 -2
354 68 -2
354 930 2
354 931 -2
355 70 2
355 931 2
355 932 -2
356 67 -4
356 924 2
356 926 2
356 928 2
357 68 -2
357 930 2
357 932 2
358 69 -2
358 70 2
358 924 2
358 925 -2
358 927 -2
359 69 -2
359 925 -2
359 928 2
360 69 2
360 926 -2
360 929 2
361 68 -2
361 925 2
361 929 2
362 930 -2
363 71 -4
363 934 4
363 936 2
363 937 2
363 943 2
364 71 -2
364 935 2
364 937 2
364 941 2
364 944 2
365 71 -2
365 936 2
365 938 2
365 944 2
365 945 2
366 71 -2
366 934 2
366 939 2
366 943 2
366 945 2
367 940 2
367 946 2
367 947 2
368 71 -2
368 934 2
368 939 2
368 941 2
368 943 2
369 71 -2
369 935 2
369 936 2
369 937 2
369 938 2
370 938 2
370 940 2
370 942 2
371 935 2
371 942 2
371 946 2
372 939 2
373 72 -4
373 74 -2
373 948 4
373 950 2
373 958 2
374 73 -2
374 949 2
374 959 2
375 72 -4
375 950 4
375 960 2
376 73 -2
376 949 -2
376 961 2
377 962 2
378 73 -2
378 949 -2
378 963 2
379 74 2
379 950 -2
379 964 2
380 72 -2
380 948 2
380 965 2
381 73 -2
381 949 2
381 966 2
382 75 -4
382 951 4
382 953 2
382 954 2
382 967 6
383 75 -2
383 952 2
383 954 2
383 957 2
383 968 6
384 75 -2
384 953 2
384 955 2
384 957 2
384 969 6
385 75 -2
385 951 2
385 953 2
385 955 2
385 970 6
386 956 4
386 971 6
387 75 -2
387 951 2
387 952 2
387 954 2
387 972 6
388 952 2
388 955 2
388 973 6
389 72 -6
389 76 -16
389 958 4
389 960 4
389 965 4
390 73 -6
390 959 2
390 961 2
390 963 2
390 966 2
391 74 -6
391 958 2
391 964 -2
392 75 -2
392 967 4
392 968 2
392 969 2
392 970 2
392 972 2
393 77 -4
393 79 -2
393 974 4
393 978 2
394 78 -2
394 79 2
394 974 -2
394 979 2
395 77 -4
395 974 2
395 980 2
396 78 -2
396 79 2
396 974 -2
396 981 2
397 78 -2
397 982 2
398 80 -4
398 975 4
398 977 2
398 983 4
399 80 -2
399 976 2
399 977 2
399 984 4
400 80 -2
400 976 2
400 977 2
400 985 4
401 80 -2
401 975 4
401 986 4
402 976 2
402 987 4
403 77 -8
403 81 -14
403 978 4
403 980 4
404 78 -8
404 979 2
404 981 2
404 982 2
405 79 -8
405 978 2
405 979 -2
405 981 -2
406 80 -4
406 983 4
406 984 2
406 985 2
406 986 2
407 82 -4
407 989 2
408 990 2
409 82 -2
409 991 2
410 84 -4
410 988 4
410 995 4
410 999 2
411 84 -2
411 988 2
411 996 4
411 1000 2
412 84 -2
412 988 2
412 997 4
412 1001 2
413 998 4
413 1002 2
414 82 -10
414 85 -12
414 989 4
414 991 4
414 1003 4
415 83 -10
415 1004 4
416 86 -12
416 992 4
416 994 4
416 1003 -2
417 1004 -2
418 84 -4
418 995 4
418 996 2
418 997 2
418 1005 10
419 84 -2
419 999 4
419 1000 2
419 1001 2
420 85 -4
420 86 2
420 1003 2
421 87 -4
421 89 -2
421 1006 4
421 1008 2
421 1010 2
422 88 -2
422 90 -2
422 1007 2
422 1009 2
422 1014 2
423 87 -4
423 1008 2
423 1010 2
423 1015 6
424 88 -2
424 90 -2
424 1009 2
424 1011 2
424 1013 -2
425 89 -2
425 90 2
425 1006 2
425 1009 -2
425 1011 -2
426 88 -2
426 1012 2
426 1013 -2
427 90 2
427 1013 2
427 1014 -2
428 87 -4
428 1006 2
428 1008 2
428 1010 2
429 88 -2
429 1012 2
429 1014 2
430 89 -2
430 90 2
430 1006 2
430 1007 -2
430 1009 -2
431 89 -2
431 1007 -2
431 1010 2
432 89 2
432 1008 -2
432 1011 2
433 88 -2
433 1007 2
433 1011 2
434 1012 -2
435 91 -4
435 1016 4
435 1018 2
435 1019 2
435 1025 2
436 91 -2
436 1017 2
436 1019 2
436 1023 2
436 1026 2
437 91 -2
437 1018 2
437 1020 2
437 1026 2
437 1027 2
438 91 -2
438 1016 2
438 1021 2
438 1025 2
438 1027 2
439 1022 2
439 1028 2
439 1029 2
440 91 -2
440 1016 2
440 1021 2
440 1023 2
440 1025 2
441 91 -2
441 1017 2
441 1018 2
441 1019 2
441 1020 2
442 1020 2
442 1022 2
442 1024 2
443 1017 2
443 1024 2
443 1028 2
444 1021 2
445 92 -4
445 94 -2
445 1030 4
445 1032 2
446 93 -2
446 1031 2
447 92 -4
447 1032 4
448 93 -2
448 1031 -2
450 93 -2
450 1031 -2
451 94 2
451 1032 -2
452 92 -2
452 1030 2
453 93 -2
453 1031 2
454 95 -4
454 1033 4
454 1035 2
454 1036 2
455 95 -2
455 1034 2
455 1036 2
455 1039 2
456 95 -2
456 1035 2
456 1037 2
456 1039 2
457 95 -2
457 1033 2
457 1035 2
457 1037 2
458 1038 4
459 95 -2
459 1033 2
459 1034 2
459 1036 2
460 1034 2
460 1037 2
461 96 -4
461 98 -2
461 1040 4
461 1044 2
462 97 -2
462 98 2
462 1040 -2
462 1045 2
463 96 -4
463 1040 2
463 1046 2
464 97 -2
464 98 2
464 1040 -2
464 1047 2
465 97 -2
465 1048 2
466 99 -4
466 1041 4
466 1043 2
466 1049 6
467 99 -2
467 1042 2
467 1043 2
467 1050 6
468 99 -2
468 1042 2
468 1043 2
468 1051 6
469 99 -2
469 1041 4
469 1052 6
470 1042 2
470 1053 6
471 96 -6
471 100 -14
471 1044 4
471 1046 4
472 97 -6
472 1045 2
472 1047 2
472 1048 2
473 98 -6
473 1044 2
473 1045 -2
473 1047 -2
474 99 -2
474 1049 4
474 1050 2
474 1051 2
474 1052 2
475 101 -4
475 1055 2
476 1056 2
477 101 -2
477 1057 2
478 103 -4
478 1054 4
478 1058 4
479 103 -2
479 1054 2
479 1059 4
480 103 -2
480 1054 2
480 1060 4
481 1061 4
482 101 -8
482 104 -12
482 1055 4
482 1057 4
483 102 -8
484 103 -4
484 1058 4
484 1059 2
484 1060 2
485 105 -4
485 106 2
485 1063 2
486 1062 10
486 1065 -2
487 1065 4
488 105 -10
488 1063 4
489 106 -10
489 1063 -2
489 1064 4
490 1064 -2
491 107 -4
491 1066 4
491 1068 2
491 1069 2
492 107 -2
492 1067 2
492 1069 2
492 1072 2
493 107 -2
493 1068 2
493 1070 2
493 1072 2
494 107 -2
494 1066 2
494 1068 2
494 1070 2
495 1071 4
496 107 -2
496 1066 2
496 1067 2
496 1069 2
497 1067 2
497 1070 2
498 108 -16
498 1073 4
498 1075 4
498 1080 4
499 1074 2
499 1076 2
499 1078 2
499 1081 2
500 1073 2
500 1079 -2
501 109 -4
501 1082 4
501 1084 2
501 1090 2
502 109 -2
502 1083 2
502 1084 2
502 1091 2
503 109 -2
503 1083 2
503 1084 2
503 1092 2
504 109 -2
504 1082 4
504 1093 2
505 1083 2
505 1094 2
506 110 -14
506 1085 4
506 1087 4
506 1095 6
507 1086 2
507 1088 2
507 1089 2
507 1096 6
508 1085 2
508 1086 -2
508 1088 -2
508 1097 6
509 109 -6
509 1090 4
509 1091 2
509 1092 2
509 1093 2
510 110 -2
510 1095 2
511 111 -4
511 1098 4
511 1102 2
512 111 -2
512 1098 2
512 1103 2
513 111 -2
513 1098 2
513 1104 2
514 1105 2
515 112 -12
515 1099 4
515 1101 4
515 1106 4
516 1107 4
517 111 -8
517 1102 4
517 1103 2
517 1104 2
518 112 -4
518 1106 2
519 113 -4
519 1108 10
519 1110 2
520 113 -2
520 1111 2
521 113 -10
521 1109 4
521 1110 4
521 1111 2
522 1109 -2
522 1112 4
522 1113 2
523 114 -4
523 116 -2
523 1114 4
524 115 -2
524 116 2
524 1114 -2
525 114 -4
525 1114 2
526 115 -2
526 116 2
526 1114 -2
527 115 -2
528 117 -4
528 1115 4
528 1117 2
529 117 -2
529 1116 2
529 1117 2
530 117 -2
530 1116 2
530 1117 2
531 117 -2
531 1115 4
532 1116 2
533 118 -4
533 1119 2
534 1120 2
535 118 -2
535 1121 2
536 120 -4
536 1118 4
536 1122 6
537 120 -2
537 1118 2
537 1123 6
538 120 -2
538 1118 2
538 1124 6
539 1125 6
540 118 -6
540 121 -12
540 1119 4
540 1121 4
541 119 -6
542 120 -2
542 1122 4
542 1123 2
542 1124 2
543 122 -4
543 123 2
543 1127 2
544 124 -4
544 1126 10
544 1128 4
545 124 -2
545 1129 4
546 122 -8
546 125 -10
546 1127 4
547 123 -8
547 1127 -2
548 124 -4
548 1128 4
548 1129 2
549 126 -4
549 1130 4
549 1134 2
550 126 -2
550 1130 2
550 1135 2
551 126 -2
551 1130 2
551 1136 2
552 1137 2
553 127 -12
553 1131 4
553 1133 4
553 1138 6
554 1139 6
555 126 -6
555 1134 4
555 1135 2
555 1136 2
556 127 -2
556 1138 2
557 128 -4
557 1140 10
557 1142 2
558 128 -2
558 1143 2
559 129 -10
559 1141 4
559 1144 4
560 1141 -2
560 1145 4
561 128 -8
561 1142 4
561 1143 2
562 129 -4
562 1144 2
563 130 -4
563 131 2
563 1147 2
564 132 -4
564 1146 10
564 1148 6
564 1150 2
565 132 -2
565 1149 6
565 1151 2
566 130 -12
566 133 -10
566 1147 4
566 1155 4
567 131 -12
567 1147 -2
567 1156 4
568 132 -2
568 1148 4
568 1149 2
568 1157 2
569 1158 2
570 134 -8
570 1159 2
571 132 -6
571 1150 4
571 1151 2
571 1157 6
572 1152 2
573 135 -4
573 1154 2
573 1160 6
574 135 -8
574 1154 4
574 1161 6
575 133 -6
575 1155 2
576 134 -6
576 136 -16
576 1159 4
577 135 -2
577 1160 4
577 1161 2
578 137 -4
578 139 -2
578 1162 4
578 1164 2
579 138 -2
579 1163 2
580 137 -4
580 1164 4
581 138 -2
581 1163 -2
583 138 -2
583 1163 -2
584 139 2
584 1164 -2
585 137 -2
585 1162 2
586 138 -2
586 1163 2
587 140 -4
587 1165 4
587 1167 2
587 1168 2
588 140 -2
588 1166 2
588 1168 2
588 1171 2
589 140 -2
589 1167 2
589 1169 2
589 1171 2
590 140 -2
590 1165 2
590 1167 2
590 1169 2
591 1170 4
592 140 -2
592 1165 2
592 1166 2
592 1168 2
593 1166 2
593 1169 2
594 141 -4
594 143 -2
594 1172 4
595 142 -2
595 143 2
595 1172 -2
596 141 -4
596 1172 2
597 142 -2
597 143 2
597 1172 -2
598 142 -2
599 144 -4
599 1173 4
599 1175 2
600 144 -2
600 1174 2
600 1175 2
601 144 -2
601 1174 2
601 1175 2
602 144 -2
602 1173 4
603 1174 2
604 145 -4
604 1177 2
605 1178 2
606 145 -2
606 1179 2
607 147 -4
607 1176 4
607 1180 6
608 147 -2
608 1176 2
608 1181 6
609 147 -2
609 1176 2
609 1182 6
610 1183 6
611 145 -6
611 148 -12
611 1177 4
611 1179 4
612 146 -6
613 147 -2
613 1180 4
613 1181 2
613 1182 2
614 149 -4
614 150 2
614 1185 2
615 151 -4
615 1184 10
615 1186 4
616 151 -2
616 1187 4
617 149 -8
617 152 -10
617 1185 4
618 150 -8
618 1185 -2
619 151 -4
619 1186 4
619 1187 2
620 153 -4
620 1188 4
620 1190 2
621 153 -2
621 1189 2
621 1190 2
622 153 -2
622 1189 2
622 1190 2
623 153 -2
623 1188 4
624 1189 2
625 154 -14
625 1191 4
625 1193 4
626 1192 2
626 1194 2
626 1195 2
627 1191 2
627 1192 -2
627 1194 -2
628 155 -4
628 1196 4
628 1200 2
629 155 -2
629 1196 2
629 1201 2
630 155 -2
630 1196 2
630 1202 2
631 1203 2
632 156 -12
632 1197 4
632 1199 4
632 1204 6
633 1205 6
634 155 -6
634 1200 4
634 1201 2
634 1202 2
635 156 -2
635 1204 2
636 157 -4
636 1206 10
636 1208 2
637 157 -2
637 1209 2
638 158 -10
638 1207 4
638 1210 4
639 1207 -2
639 1211 4
640 157 -8
640 1208 4
640 1209 2
641 158 -4
641 1210 2
642 159 -4
644 159 -2
645 161 -4
645 1212 4
646 161 -2
646 1212 2
647 161 -2
647 1212 2
649 162 -4
649 163 2
649 1214 2
650 164 -4
650 1213 10
650 1215 6
651 164 -2
651 1216 6
652 162 -6
652 165 -10
652 1214 4
653 163 -6
653 1214 -2
654 164 -2
654 1215 4
654 1216 2
656 166 -8
657 167 -4
657 1217 10
657 1219 2
658 167 -2
658 1220 2
659 168 -10
659 1218 4
659 1221 6
660 1218 -2
660 1222 6
661 167 -6
661 1219 4
661 1220 2
662 168 -2
662 1221 2
663 169 -4
663 1223 2
664 169 -8
664 1223 4
665 171 -4
665 1224 6
665 1225 2
666 170 -12
666 172 -8
666 1227 4
667 171 -2
667 1224 4
667 1228 2
668 171 -6
668 1225 4
668 1228 6
669 1226 2
670 172 -6
670 1227 2
671 173 -4
671 1229 4
672 173 -2
672 1229 2
673 173 -2
673 1229 2
675 174 -12
675 1230 4
675 1232 4
677 175 -4
677 1233 10
677 1235 2
678 175 -2
678 1236 2
679 176 -10
679 1234 4
679 1237 6
680 1234 -2
680 1238 6
681 175 -6
681 1235 4
681 1236 2
682 176 -2
682 1237 2
683 177 -4
683 1239 2
684 177 -8
684 1239 4
685 178 -10
685 1240 4
685 1243 2
686 1240 -2
686 1244 2
687 1241 4
687 1242 2
687 1245 6
688 178 -6
688 1243 2
689 179 -16
689 1247 4
690 180 -4
690 1248 2
691 181 -8
691 1249 6
691 1250 2
692 180 -12
692 1248 4
692 1252 4
693 181 -2
693 1249 2
693 1253 2
694 181 -6
694 1250 2
694 1253 6
695 182 -4
695 183 2
696 184 -4
696 1254 10
697 184 -2
698 186 -4
698 1255 6
699 185 -6
699 187 -8
700 186 -2
700 1255 4
701 188 -4
701 1256 2
702 189 -8
702 1257 6
703 188 -6
703 1256 4
704 189 -2
704 1257 2
705 1258 2
706 190 -12
706 1259 6
707 191 -2
707 1260 2
708 191 -12
708 1260 6
708 1261 4
709 192 -4
709 194 -2
709 1262 4
710 193 -2
710 194 2
710 1262 -2
711 192 -4
711 1262 2
712 193 -2
712 194 2
712 1262 -2
713 193 -2
714 195 -4
714 1263 4
714 1265 2
715 195 -2
715 1264 2
715 1265 2
716 195 -2
716 1264 2
716 1265 2
717 195 -2
717 1263 4
718 1264 2
719 196 -4
721 196 -2
722 198 -4
722 1266 4
723 198 -2
723 1266 2
724 198 -2
724 1266 2
726 199 -4
726 200 2
726 1268 2
727 201 -4
727 1267 10
727 1269 6
728 201 -2
728 1270 6
729 199 -6
729 202 -10
729 1268 4
730 200 -6
730 1268 -2
731 201 -2
731 1269 4
731 1270 2
733 203 -8
734 204 -4
734 1271 4
735 204 -2
735 1271 2
736 204 -2
736 1271 2
738 205 -12
738 1272 4
738 1274 4
740 206 -4
740 1275 10
740 1277 2
741 206 -2
741 1278 2
742 207 -10
742 1276 4
742 1279 6
743 1276 -2
743 1280 6
744 206 -6
744 1277 4
744 1278 2
745 207 -2
745 1279 2
746 208 -4
746 1281 2
747 208 -8
747 1281 4
748 209 -4
748 210 2
749 211 -4
749 1282 10
750 211 -2
751 213 -4
751 1283 6
752 212 -6
752 214 -8
753 213 -2
753 1283 4
754 215 -4
754 1284 2
755 216 -8
755 1285 6
756 215 -6
756 1284 4
757 216 -2
757 1285 2
758 1286 2
759 217 -12
759 1287 6
760 218 -4
760 1288 10
761 218 -2
762 219 -10
762 1289 4
763 1289 -2
764 220 -4
764 1290 2
765 221 -8
765 1291 6
766 220 -6
766 1290 4
767 221 -2
767 1291 2
768 222 -8
768 1293 2
769 1292 4
769 1294 6
770 222 -6
770 1293 2
771 223 -2
771 1295 2
772 223 -12
772 1295 6
772 1296 4
773 225 -4
775 226 -6
776 227 -2
776 1297 2
777 227 -6
777 1297 6
778 228 -4
779 229 -8
780 230 -2
780 1298 2
781 230 -6
781 1298 6
782 231 -12
782 1300 4
783 233 -2
784 234 -4
786 234 -2
787 236 -4
787 1301 4
788 236 -2
788 1301 2
789 236 -2
789 1301 2
791 237 -4
791 238 2
792 239 -4
792 1302 10
793 239 -2
794 241 -4
794 1303 6
795 240 -6
795 242 -8
796 241 -2
796 1303 4
797 243 -4
797 1304 10
798 243 -2
799 244 -10
799 1305 4
800 1305 -2
801 245 -4
801 1306 2
802 246 -8
802 1307 6
803 245 -6
803 1306 4
804 246 -2
804 1307 2
805 248 -4
807 249 -6
808 250 -2
808 1308 2
809 250 -6
809 1308 6
810 251 -4
811 252 -8
812 253 -2
812 1309 2
813 253 -6
813 1309 6
814 254 -12
814 1311 4
815 256 -2
816 257 -2
817 258 -6
818 260 -4
818 261 2
819 262 -4
819 1312 10
820 262 -2
821 264 -4
823 265 -6
824 266 -4
825 267 -8
826 268 -2
826 1313 2
827 268 -6
827 1313 6
828 270 -2
829 271 -2
830 272 -6
831 275 -4
832 277 -2
833 278 -2
834 279 -6
835 282 -2
836 285 -4
836 289 -2
836 292 -2
836 294 -2
836 1314 4
836 1316 2
836 1320 2
837 286 -2
837 295 -2
837 298 -2
837 300 -2
837 1315 2
837 1317 2
837 1326 2
838 285 -2
838 287 -2
838 301 -2
838 303 -2
838 1316 2
838 1318 2
838 1327 2
839 286 -2
839 288 -2
839 295 -2
839 304 -2
839 1317 2
839 1319 2
839 1328 2
840 285 -2
840 287 -2
840 296 -2
840 301 -2
840 1318 2
840 1320 2
840 1327 2
841 288 -2
841 297 -2
841 302 -2
841 304 -2
841 1319 2
841 1321 2
841 1323 -2
842 289 -2
842 304 2
842 307 -2
842 309 -2
842 1314 2
842 1319 -2
842 1321 -2
843 290 -2
843 310 -2
843 312 -2
843 1322 2
843 1325 -2
844 291 -2
844 304 2
844 305 2
844 1323 2
844 1328 -2
845 286 -2
845 305 -2
845 310 -2
845 1324 2
845 1328 2
846 305 2
846 306 -2
846 311 -2
846 1324 -2
846 1325 2
847 285 -2
847 292 -2
847 301 -2
847 313 -2
847 1314 2
847 1318 2
847 1320 2
848 286 -2
848 293 -2
848 306 2
848 1324 2
848 1326 2
849 287 -4
849 301 -2
849 1327 4
850 288 -2
850 306 2
850 310 -2
850 1325 -2
850 1328 2
851 289 -2
851 294 -2
851 295 2
851 304 2
851 1314 2
851 1317 -2
851 1319 -2
852 288 -2
852 290 -2
852 305 -2
852 1323 -2
852 1325 -2
853 291 -2
853 295 2
853 306 -2
853 1326 -2
853 1328 -2
854 285 -2
854 292 -2
854 301 -2
854 307 -2
854 1314 2
854 1316 2
854 1318 2
855 293 -2
855 308 -2
855 310 -2
855 1322 2
855 1324 2
856 294 -2
856 295 2
856 309 -2
856 313 -2
856 1314 2
856 1315 -2
856 1317 -2
857 296 -2
857 313 -2
857 314 2
857 1315 -2
857 1318 2
858 294 2
858 297 -2
858 307 2
858 1316 -2
858 1319 2
859 289 -2
859 300 2
859 313 -2
859 1317 -2
859 1320 2
860 303 2
860 307 2
860 314 -2
860 1318 -2
860 1321 2
861 298 -2
861 302 -2
861 314 -2
861 1315 2
861 1321 2
862 299 -2
862 308 2
862 1322 -2
863 290 -2
863 302 -2
863 1323 -2
864 308 2
864 311 -2
864 1324 -2
865 294 2
865 296 2
865 300 -2
865 1315 2
865 1320 -2
866 291 -2
866 300 2
866 1326 -2
867 296 2
867 303 2
867 1327 -2
868 286 -2
868 302 -2
868 309 2
868 1315 2
868 1319 2
869 311 -2
869 312 2
869 1325 2
870 287 -2
870 292 -4
870 1316 2
870 1320 2
871 288 -2
871 298 -2
871 309 2
871 1317 2
871 1321 2
872 289 -2
872 297 2
872 303 -2
872 1316 2
872 1321 -2
873 290 -2
873 293 -2
873 1322 2
874 291 -2
874 297 2
874 1323 2
875 293 -2
875 298 -2
875 1326 2
876 299 -2
876 312 2
876 1322 -2
877 299 -2
878 315 -4
878 319 -2
878 322 -2
878 324 -2
878 1329 4
878 1331 2
879 316 -2
879 325 -2
879 328 -2
879 330 -2
879 1330 2
879 1332 2
880 315 -2
880 317 -2
880 331 -4
880 333 -2
880 1331 2
880 1333 4
881 316 -2
881 318 -2
882 315 -2
882 317 -2
882 326 -2
882 331 -4
882 1331 2
882 1333 4
883 318 -2
883 325 2
883 327 -2
883 332 -2
883 1330 -2
883 1332 -2
884 319 -2
884 324 2
885 320 -2
885 332 -2
885 335 2
885 1330 -2
886 321 -2
886 324 2
886 326 2
886 1331 -2
887 316 -2
887 330 2
887 332 -2
887 1332 -2
888 326 2
888 333 2
888 336 -4
888 1333 -4
889 315 -2
889 322 -4
889 334 -2
889 1329 4
890 316 -2
890 323 -2
890 327 2
890 1330 2
891 317 -4
891 322 -2
891 1331 2
892 318 -2
892 327 2
892 328 -2
892 1332 2
893 318 -2
893 320 -2
893 330 2
893 1330 -2
894 319 2
894 321 -2
894 333 2
894 1331 -2
895 323 -2
895 328 -2
895 335 -2
895 1330 2
897 320 -2
897 323 -2
898 337 -4
898 340 -2
898 342 -2
898 1334 4
898 1336 2
898 1339 2
899 338 -2
899 343 -2
899 345 -2
899 1335 2
899 1337 2
899 1344 2
900 337 -2
900 339 -2
900 346 -2
900 1336 2
900 1338 2
900 1345 2
901 337 -2
901 338 -2
901 343 -2
901 1337 2
901 1339 2
901 1345 2
902 339 -2
902 344 -2
902 346 -2
902 1338 2
902 1340 2
902 1342 2
903 340 -2
903 346 -2
903 348 -2
903 1334 2
903 1338 2
903 1340 2
904 341 -2
904 347 -2
904 1341 2
904 1343 2
905 338 -2
905 346 -2
905 1342 2
905 1345 2
906 347 -4
906 1343 4
907 337 -2
907 342 -2
907 343 -2
907 1334 2
907 1337 2
907 1339 2
908 338 -2
908 339 -2
908 1342 2
908 1344 2
909 339 -2
909 343 -2
909 1344 2
909 1345 2
910 337 -2
910 340 -2
910 346 -2
910 1334 2
910 1336 2
910 1338 2
911 341 -2
911 347 -2
911 1341 2
911 1343 2
912 342 -2
912 343 -2
912 348 -2
912 1334 2
912 1335 2
912 1337 2
913 344 -2
913 348 -2
913 1335 2
913 1338 2
914 340 -2
914 342 -2
914 1336 2
914 1339 2
915 345 -2
915 348 -2
915 1337 2
915 1340 2
916 344 -2
916 345 -2
916 1335 2
916 1340 2
917 341 -2
917 1341 2
918 344 -2
918 1342 2
919 338 -2
919 342 -2
919 1335 2
919 1339 2
920 345 -2
920 1344 2
921 339 -2
921 340 -2
921 1336 2
921 1340 2
922 341 -2
922 1341 2
924 349 -4
924 353 -2
924 356 -2
924 358 -2
924 1346 4
925 350 -2
925 358 2
925 359 2
925 361 -2
925 1346 -2
926 349 -2
926 351 -2
926 356 -2
926 360 2
926 1346 2
927 350 -2
927 352 -2
927 353 2
927 358 2
927 1346 -2
928 349 -2
928 351 -2
928 356 -2
928 359 -2
928 1346 2
929 352 -2
929 353 2
929 360 -2
929 361 -2
929 1346 -2
930 354 -2
930 357 -2
930 362 2
931 352 2
931 354 2
931 355 -2
932 350 -2
932 355 2
932 357 -2
933 351 -2
934 363 -4
934 366 -2
934 368 -2
934 1347 4
934 1349 2
935 364 -2
935 369 -2
935 371 -2
935 1348 2
935 1350 2
936 363 -2
936 365 -2
936 369 -2
936 1349 2
936 1350 2
937 363 -2
937 364 -2
937 369 -2
937 1349 2
937 1350 2
938 365 -2
938 369 -2
938 370 -2
938 1348 2
938 1350 2
939 366 -2
939 368 -2
939 372 -6
939 1347 4
940 367 -2
940 370 -2
940 1348 2
941 364 -2
941 368 -2
941 1349 2
942 370 -2
942 371 -2
942 1350 2
943 363 -2
943 366 -2
943 368 -2
943 1347 4
944 364 -2
944 365 -2
944 1348 2
945 365 -2
945 366 -2
945 1349 2
946 367 -2
946 371 -2
946 1348 2
947 367 -2
948 373 -4
948 380 -4
948 1352 2
949 374 -2
949 376 2
949 378 2
949 381 -2
949 1353 2
950 373 -2
950 375 -4
950 379 2
950 1354 2
951 382 -4
951 385 -2
951 387 -2
951 1351 4
951 1355 6
952 383 -2
952 387 -2
952 388 -2
952 1351 2
952 1356 6
953 382 -2
953 384 -2
953 385 -2
953 1351 2
953 1357 6
954 382 -2
954 383 -2
954 387 -2
954 1351 2
954 1358 6
955 384 -2
955 385 -2
955 388 -2
955 1351 2
955 1359 6
956 386 -4
956 1360 6
957 383 -2
957 384 -2
957 1361 6
958 373 -6
958 389 -4
958 391 -2
958 1352 4
958 1354 2
959 374 -6
959 390 -2
959 1353 2
960 375 -6
960 389 -4
960 1354 4
961 376 -6
961 390 -2
961 1353 -2
962 377 -6
963 378 -6
963 390 -2
963 1353 -2
964 379 -6
964 391 2
964 1354 -2
965 380 -6
965 389 -2
965 1352 2
966 381 -6
966 390 -2
966 1353 2
967 382 -2
967 392 -4
967 1355 4
967 1357 2
967 1358 2
968 383 -2
968 392 -2
968 1356 2
968 1358 2
968 1361 2
969 384 -2
969 392 -2
969 1357 2
969 1359 2
969 1361 2
970 385 -2
970 392 -2
970 1355 2
970 1357 2
970 1359 2
971 386 -2
971 1360 4
972 387 -2
972 392 -2
972 1355 2
972 1356 2
972 1358 2
973 388 -2
973 1356 2
973 1359 2
974 393 -4
974 394 2
974 395 -2
974 396 2
974 1363 2
975 398 -4
975 401 -4
975 1362 14
975 1364 4
976 399 -2
976 400 -2
976 402 -2
976 1365 4
977 398 -2
977 399 -2
977 400 -2
977 1366 4
978 393 -8
978 403 -4
978 405 -2
978 1363 4
979 394 -8
979 404 -2
979 405 2
979 1363 -2
980 395 -8
980 403 -4
980 1363 2
981 396 -8
981 404 -2
981 405 2
981 1363 -2
982 397 -8
982 404 -2
983 398 -4
983 406 -4
983 1364 4
983 1366 2
984 399 -4
984 406 -2
984 1365 2
984 1366 2
985 400 -4
985 406 -2
985 1365 2
985 1366 2
986 401 -4
986 406 -2
986 1364 4
987 402 -4
987 1365 2
988 410 -4
988 411 -2
988 412 -2
988 1367 4
988 1368 2
989 407 -10
989 414 -4
989 1369 4
990 408 -10
990 1370 4
991 409 -10
991 414 -2
991 1371 4
992 416 -4
992 1369 -2
993 1370 -2
994 416 -2
994 1371 -2
995 410 -4
995 418 -4
995 1367 4
995 1372 10
996 411 -4
996 418 -2
996 1367 2
996 1373 10
997 412 -4
997 418 -2
997 1367 2
997 1374 10
998 413 -4
998 1375 10
999 410 -2
999 419 -4
999 1368 4
1000 411 -2
1000 419 -2
1000 1368 2
1001 412 -2
1001 419 -2
1001 1368 2
1002 413 -2
1003 414 -4
1003 416 2
1003 420 -12
1003 1369 4
1003 1371 4
1004 415 -4
1004 417 2
1005 418 -2
1005 1372 4
1005 1373 2
1005 1374 2
1006 421 -4
1006 425 -2
1006 428 -2
1006 430 -2
1006 1376 4
1007 422 -2
1007 430 2
1007 431 2
1007 433 -2
1007 1376 -2
1008 421 -2
1008 423 -2
1008 428 -2
1008 432 2
1008 1376 2
1009 422 -2
1009 424 -2
1009 425 2
1009 430 2
1009 1376 -2
1010 421 -2
1010 423 -2
1010 428 -2
1010 431 -2
1010 1376 2
1011 424 -2
1011 425 2
1011 432 -2
1011 433 -2
1011 1376 -2
1012 426 -2
1012 429 -2
1012 434 2
1013 424 2
1013 426 2
1013 427 -2
1014 422 -2
1014 427 2
1014 429 -2
1015 423 -2
1016 435 -4
1016 438 -2
1016 440 -2
1016 1377 4
1016 1379 2
1017 436 -2
1017 441 -2
1017 443 -2
1017 1378 2
1017 1380 2
1018 435 -2
1018 437 -2
1018 441 -2
1018 1379 2
1018 1380 2
1019 435 -2
1019 436 -2
1019 441 -2
1019 1379 2
1019 1380 2
1020 437 -2
1020 441 -2
1020 442 -2
1020 1378 2
1020 1380 2
1021 438 -2
1021 440 -2
1021 444 -6
1021 1377 4
1022 439 -2
1022 442 -2
1022 1378 2
1023 436 -2
1023 440 -2
1023 1379 2
1024 442 -2
1024 443 -2
1024 1380 2
1025 435 -2
1025 438 -2
1025 440 -2
1025 1377 4
1026 436 -2
1026 437 -2
1026 1378 2
1027 437 -2
1027 438 -2
1027 1379 2
1028 439 -2
1028 443 -2
1028 1378 2
1029 439 -2
1030 445 -4
1030 452 -4
1031 446 -2
1031 448 2
1031 450 2
1031 453 -2
1032 445 -2
1032 447 -4
1032 451 2
1033 454 -4
1033 457 -2
1033 459 -2
1033 1381 4
1034 455 -2
1034 459 -2
1034 460 -2
1034 1381 2
1035 454 -2
1035 456 -2
1035 457 -2
1035 1381 2
1036 454 -2
1036 455 -2
1036 459 -2
1036 1381 2
1037 456 -2
1037 457 -2
1037 460 -2
1037 1381 2
1038 458 -4
1039 455 -2
1039 456 -2
1040 461 -4
1040 462 2
1040 463 -2
1040 464 2
1040 1383 2
1041 466 -4
1041 469 -4
1041 1382 14
1041 1384 6
1042 467 -2
1042 468 -2
1042 470 -2
1042 1385 6
1043 466 -2
1043 467 -2
1043 468 -2
1043 1386 6
1044 461 -6
1044 471 -4
1044 473 -2
1044 1383 4
1045 462 -6
1045 472 -2
1045 473 2
1045 1383 -2
1046 463 -6
1046 471 -4
1046 1383 2
1047 464 -6
1047 472 -2
1047 473 2
1047 1383 -2
1048 465 -6
1048 472 -2
1049 466 -2
1049 474 -4
1049 1384 4
1049 1386 2
1050 467 -2
1050 474 -2
1050 1385 2
1050 1386 2
1051 468 -2
1051 474 -2
1051 1385 2
1051 1386 2
1052 469 -2
1052 474 -2
1052 1384 4
1053 470 -2
1053 1385 2
1054 478 -4
1054 479 -2
1054 480 -2
1054 1387 4
1055 475 -8
1055 482 -4
1056 476 -8
1057 477 -8
1057 482 -2
1058 478 -4
1058 484 -4
1058 1387 4
1059 479 -4
1059 484 -2
1059 1387 2
1060 480 -4
1060 484 -2
1060 1387 2
1061 481 -4
1062 486 -2
1062 1388 4
1062 1389 2
1063 485 -10
1063 488 -8
1063 489 2
1063 1390 8
1064 489 -4
1064 490 4
1064 1390 -4
1065 486 2
1065 487 -4
1065 1389 -10
1066 491 -4
1066 494 -2
1066 496 -2
1066 1391 4
1067 492 -2
1067 496 -2
1067 497 -2
1067 1391 2
1068 491 -2
1068 493 -2
1068 494 -2
1068 1391 2
1069 491 -2
1069 492 -2
1069 496 -2
1069 1391 2
1070 493 -2
1070 494 -2
1070 497 -2
1070 1391 2
1071 495 -4
1072 492 -2
1072 493 -2
1073 498 -4
1073 500 -2
1073 1392 4
1073 1394 2
1074 499 -2
1074 1393 2
1075 498 -4
1075 1394 4
1076 499 -2
1076 1393 -2
1078 499 -2
1078 1393 -2
1079 500 2
1079 1394 -2
1080 498 -2
1080 1392 2
1081 499 -2
1081 1393 2
1082 501 -4
1082 504 -4
1082 1395 14
1082 1397 2
1083 502 -2
1083 503 -2
1083 505 -2
1083 1398 2
1084 501 -2
1084 502 -2
1084 503 -2
1084 1399 2
1085 506 -4
1085 508 -2
1085 1396 4
1085 1400 6
1086 507 -2
1086 508 2
1086 1396 -2
1086 1401 6
1087 506 -4
1087 1396 2
1087 1402 6
1088 507 -2
1088 508 2
1088 1396 -2
1088 1403 6
1089 507 -2
1089 1404 6
1090 501 -6
1090 509 -4
1090 1397 4
1090 1399 2
1091 502 -6
1091 509 -2
1091 1398 2
1091 1399 2
1092 503 -6
1092 509 -2
1092 1398 2
1092 1399 2
1093 504 -6
1093 509 -2
1093 1397 4
1094 505 -6
1094 1398 2
1095 506 -2
1095 510 -14
1095 1400 4
1095 1402 4
1096 507 -2
1096 1401 2
1096 1403 2
1096 1404 2
1097 508 -2
1097 1400 2
1097 1401 -2
1097 1403 -2
1098 511 -4
1098 512 -2
1098 513 -2
1098 1405 2
1099 515 -4
1099 1406 4
1100 1407 4
1101 515 -2
1101 1408 4
1102 511 -8
1102 517 -4
1102 1405 4
1103 512 -8
1103 517 -2
1103 1405 2
1104 513 -8
1104 517 -2
1104 1405 2
1105 514 -8
1106 515 -4
1106 518 -12
1106 1406 4
1106 1408 4
1107 516 -4
1108 519 -2
1108 1409 2
1109 521 -4
1109 522 2
1109 1411 4
1109 1412 2
1110 519 -10
1110 521 -4
1110 1409 10
1110 1411 4
1111 520 -10
1111 521 -2
1111 1412 4
1112 522 -4
1112 1410 10
1112 1411 -2
1113 522 -2
1113 1412 -2
1114 523 -4
1114 524 2
1114 525 -2
1114 526 2
1115 528 -4
1115 531 -4
1115 1413 14
1116 529 -2
1116 530 -2
1116 532 -2
1117 528 -2
1117 529 -2
1117 530 -2
1118 536 -4
1118 537 -2
1118 538 -2
1118 1414 6
1119 533 -6
1119 540 -4
1120 534 -6
1121 535 -6
1121 540 -2
1122 536 -2
1122 542 -4
1122 1414 4
1123 537 -2
1123 542 -2
1123 1414 2
1124 538 -2
1124 542 -2
1124 1414 2
1125 539 -2
1126 544 -2
1126 1415 4
1127 543 -8
1127 546 -4
1127 547 2
1128 544 -4
1128 548 -4
1128 1415 10
1129 545 -4
1129 548 -2
1130 549 -4
1130 550 -2
1130 551 -2
1130 1416 2
1131 553 -4
1131 1417 6
1132 1418 6
1133 553 -2
1133 1419 6
1134 549 -6
1134 555 -4
1134 1416 4
1135 550 -6
1135 555 -2
1135 1416 2
1136 551 -6
1136 555 -2
1136 1416 2
1137 552 -6
1138 553 -2
1138 556 -12
1138 1417 4
1138 1419 4
1139 554 -2
1140 557 -2
1140 1420 2
1141 559 -4
1141 560 2
1141 1421 4
1142 557 -8
1142 561 -4
1142 1420 10
1143 558 -8
1143 561 -2
1144 559 -4
1144 562 -10
1144 1421 4
1145 560 -4
1145 1421 -2
1146 564 -2
1146 1422 6
1146 1423 2
1147 563 -12
1147 566 -4
1147 567 2
1147 1425 4
1148 564 -2
1148 568 -4
1148 1422 10
1148 1426 2
1149 565 -2
1149 568 -2
1149 1427 2
1150 564 -6
1150 571 -4
1150 1423 10
1150 1426 6
1151 565 -6
1151 571 -2
1151 1427 6
1152 572 -10
1152 1424 4
1153 1424 -2
1154 573 -8
1154 574 -4
1154 1428 6
1155 566 -6
1155 575 -10
1155 1425 4
1156 567 -6
1156 1425 -2
1157 568 -6
1157 571 -2
1157 1426 4
1157 1427 2
1158 569 -6
1159 570 -6
1159 576 -8
1160 573 -2
1160 577 -4
1160 1428 2
1161 574 -2
1161 577 -8
1161 1428 4
1162 578 -4
1162 585 -4
1163 579 -2
1163 581 2
1163 583 2
1163 586 -2
1164 578 -2
1164 580 -4
1164 584 2
1165 587 -4
1165 590 -2
1165 592 -2
1165 1429 4
1166 588 -2
1166 592 -2
1166 593 -2
1166 1429 2
1167 587 -2
1167 589 -2
1167 590 -2
1167 1429 2
1168 587 -2
1168 588 -2
1168 592 -2
1168 1429 2
1169 589 -2
1169 590 -2
1169 593 -2
1169 1429 2
1170 591 -4
1171 588 -2
1171 589 -2
1172 594 -4
1172 595 2
1172 596 -2
1172 597 2
1173 599 -4
1173 602 -4
1173 1430 14
1174 600 -2
1174 601 -2
1174 603 -2
1175 599 -2
1175 600 -2
1175 601 -2
1176 607 -4
1176 608 -2
1176 609 -2
1176 1431 6
1177 604 -6
1177 611 -4
1178 605 -6
1179 606 -6
1179 611 -2
1180 607 -2
1180 613 -4
1180 1431 4
1181 608 -2
1181 613 -2
1181 1431 2
1182 609 -2
1182 613 -2
1182 1431 2
1183 610 -2
1184 615 -2
1184 1432 4
1185 614 -8
1185 617 -4
1185 618 2
1186 615 -4
1186 619 -4
1186 1432 10
1187 616 -4
1187 619 -2
1188 620 -4
1188 623 -4
1188 1433 14
1189 621 -2
1189 622 -2
1189 624 -2
1190 620 -2
1190 621 -2
1190 622 -2
1191 625 -4
1191 627 -2
1191 1434 4
1192 626 -2
1192 627 2
1192 1434 -2
1193 625 -4
1193 1434 2
1194 626 -2
1194 627 2
1194 1434 -2
1195 626 -2
1196 628 -4
1196 629 -2
1196 630 -2
1196 1435 2
1197 632 -4
1197 1436 6
1198 1437 6
1199 632 -2
1199 1438 6
1200 628 -6
1200 634 -4
1200 1435 4
1201 629 -6
1201 634 -2
1201 1435 2
1202 630 -6
1202 634 -2
1202 1435 2
1203 631 -6
1204 632 -2
1204 635 -12
1204 1436 4
1204 1438 4
1205 633 -2
1206 636 -2
1206 1439 2
1207 638 -4
1207 639 2
1207 1440 4
1208 636 -8
1208 640 -4
1208 1439 10
1209 637 -8
1209 640 -2
1210 638 -4
1210 641 -10
1210 1440 4
1211 639 -4
1211 1440 -2
1212 645 -4
1212 646 -2
1212 647 -2
1213 650 -2
1213 1441 6
1214 649 -6
1214 652 -4
1214 653 2
1215 650 -2
1215 654 -4
1215 1441 10
1216 651 -2
1216 654 -2
1217 657 -2
1217 1442 2
1218 659 -4
1218 660 2
1218 1443 6
1219 657 -6
1219 661 -4
1219 1442 10
1220 658 -6
1220 661 -2
1221 659 -2
1221 662 -10
1221 1443 4
1222 660 -2
1222 1443 -2
1223 663 -8
1223 664 -4
1224 665 -2
1224 667 -4
1224 1444 2
1225 665 -6
1225 668 -4
1225 1444 6
1226 669 -8
1227 666 -6
1227 670 -8
1228 667 -6
1228 668 -2
1228 1444 4
1229 671 -4
1229 672 -2
1229 673 -2
1230 675 -4
1232 675 -2
1233 677 -2
1233 1445 2
1234 679 -4
1234 680 2
1234 1446 6
1235 677 -6
1235 681 -4
1235 1445 10
1236 678 -6
1236 681 -2
1237 679 -2
1237 682 -10
1237 1446 4
1238 680 -2
1238 1446 -2
1239 683 -8
1239 684 -4
1240 685 -4
1240 686 2
1240 1448 2
1241 687 -4
1241 1447 10
1241 1449 6
1242 687 -2
1242 1450 6
1243 685 -6
1243 688 -10
1243 1448 4
1244 686 -6
1244 1448 -2
1245 687 -2
1245 1449 4
1245 1450 2
1247 689 -8
1248 690 -12
1248 692 -4
1248 1452 4
1249 691 -2
1249 693 -8
1249 1453 2
1250 691 -6
1250 694 -8
1250 1453 6
1251 1451 4
1252 692 -6
1252 1452 4
1253 693 -6
1253 694 -2
1253 1453 2
1254 696 -2
1255 698 -2
1255 700 -4
1256 701 -6
1256 703 -4
1257 702 -2
1257 704 -8
1258 705 -6
1259 706 -6
1260 707 -12
1260 708 -2
1260 1454 4
1261 708 -6
1261 1454 6
1262 709 -4
1262 710 2
1262 711 -2
1262 712 2
1263 714 -4
1263 717 -4
1263 1455 14
1264 715 -2
1264 716 -2
1264 718 -2
1265 714 -2
1265 715 -2
1265 716 -2
1266 722 -4
1266 723 -2
1266 724 -2
1267 727 -2
1267 1456 6
1268 726 -6
1268 729 -4
1268 730 2
1269 727 -2
1269 731 -4
1269 1456 10
1270 728 -2
1270 731 -2
1271 734 -4
1271 735 -2
1271 736 -2
1272 738 -4
1274 738 -2
1275 740 -2
1275 1457 2
1276 742 -4
1276 743 2
1276 1458 6
1277 740 -6
1277 744 -4
1277 1457 10
1278 741 -6
1278 744 -2
1279 742 -2
1279 745 -10
1279 1458 4
1280 743 -2
1280 1458 -2
1281 746 -8
1281 747 -4
1282 749 -2
1283 751 -2
1283 753 -4
1284 754 -6
1284 756 -4
1285 755 -2
1285 757 -8
1286 758 -6
1287 759 -6
1288 760 -2
1289 762 -4
1289 763 2
1290 764 -6
1290 766 -4
1291 765 -2
1291 767 -8
1292 769 -4
1292 1459 6
1293 768 -6
1293 770 -8
1294 769 -2
1294 1459 4
1295 771 -12
1295 772 -2
1295 1460 4
1296 772 -6
1296 1460 6
1297 776 -6
1297 777 -2
1298 780 -6
1298 781 -2
1300 782 -6
1301 787 -4
1301 788 -2
1301 789 -2
1302 792 -2
1303 794 -2
1303 796 -4
1304 797 -2
1305 799 -4
1305 800 2
1306 801 -6
1306 803 -4
1307 802 -2
1307 804 -8
1308 808 -6
1308 809 -2
1309 812 -6
1309 813 -2
1311 814 -6
1312 819 -2
1313 826 -6
1313 827 -2
1314 836 -4
1314 842 -2
1314 847 -2
1314 851 -2
1314 854 -2
1314 856 -2
1314 1461 4
1315 837 -2
1315 856 2
1315 857 2
1315 861 -2
1315 865 -2
1315 868 -2
1315 1461 -2
1316 836 -2
1316 838 -2
1316 854 -2
1316 858 2
1316 870 -2
1316 872 -2
1316 1461 2
1317 837 -2
1317 839 -2
1317 851 2
1317 856 2
1317 859 2
1317 871 -2
1317 1461 -2
1318 838 -2
1318 840 -2
1318 847 -2
1318 854 -2
1318 857 -2
1318 860 2
1318 1461 2
1319 839 -2
1319 841 -2
1319 842 2
1319 851 2
1319 858 -2
1319 868 -2
1319 1461 -2
1320 836 -2
1320 840 -2
1320 847 -2
1320 859 -2
1320 865 2
1320 870 -2
1320 1461 2
1321 841 -2
1321 842 2
1321 860 -2
1321 861 -2
1321 871 -2
1321 872 2
1321 1461 -2
1322 843 -2
1322 855 -2
1322 862 2
1322 873 -2
1322 876 2
1323 841 2
1323 844 -2
1323 852 2
1323 863 2
1323 874 -2
1324 845 -2
1324 846 2
1324 848 -2
1324 855 -2
1324 864 2
1325 843 2
1325 846 -2
1325 850 2
1325 852 2
1325 869 -2
1326 837 -2
1326 848 -2
1326 853 2
1326 866 2
1326 875 -2
1327 838 -2
1327 840 -2
1327 849 -4
1327 867 2
1328 839 -2
1328 844 2
1328 845 -2
1328 850 -2
1328 853 2
1329 878 -4
1329 889 -4
1330 879 -2
1330 883 2
1330 885 2
1330 890 -2
1330 893 2
1330 895 -2
1331 878 -2
1331 880 -2
1331 882 -2
1331 886 2
1331 891 -2
1331 894 2
1332 879 -2
1332 883 2
1332 887 2
1332 892 -2
1333 880 -2
1333 882 -2
1333 888 2
1334 898 -4
1334 903 -2
1334 907 -2
1334 910 -2
1334 912 -2
1334 1462 4
1335 899 -2
1335 912 -2
1335 913 -2
1335 916 -2
1335 919 -2
1335 1462 2
1336 898 -2
1336 900 -2
1336 910 -2
1336 914 -2
1336 921 -2
1336 1462 2
1337 899 -2
1337 901 -2
1337 907 -2
1337 912 -2
1337 915 -2
1337 1462 2
1338 900 -2
1338 902 -2
1338 903 -2
1338 910 -2
1338 913 -2
1338 1462 2
1339 898 -2
1339 901 -2
1339 907 -2
1339 914 -2
1339 919 -2
1339 1462 2
1340 902 -2
1340 903 -2
1340 915 -2
1340 916 -2
1340 921 -2
1340 1462 2
1341 904 -2
1341 911 -2
1341 917 -2
1341 922 -2
1342 902 -2
1342 905 -2
1342 908 -2
1342 918 -2
1343 904 -2
1343 906 -4
1343 911 -2
1344 899 -2
1344 908 -2
1344 909 -2
1344 920 -2
1345 900 -2
1345 901 -2
1345 905 -2
1345 909 -2
1346 924 -4
1346 925 2
1346 926 -2
1346 927 2
1346 928 -2
1346 929 2
1347 934 -4
1347 939 -4
1347 943 -4
1347 1463 18
1348 935 -2
1348 938 -2
1348 940 -2
1348 944 -2
1348 946 -2
1349 934 -2
1349 936 -2
1349 937 -2
1349 941 -2
1349 945 -2
1350 935 -2
1350 936 -2
1350 937 -2
1350 938 -2
1350 942 -2
1351 951 -4
1351 952 -2
1351 953 -2
1351 954 -2
1351 955 -2
1351 1464 6
1352 948 -6
1352 958 -4
1352 965 -4
1353 949 -6
1353 959 -2
1353 961 2
1353 963 2
1353 966 -2
1354 950 -6
1354 958 -2
1354 960 -4
1354 964 2
1355 951 -2
1355 967 -4
1355 970 -2
1355 972 -2
1355 1464 4
1356 952 -2
1356 968 -2
1356 972 -2
1356 973 -2
1356 1464 2
1357 953 -2
1357 967 -2
1357 969 -2
1357 970 -2
1357 1464 2
1358 954 -2
1358 967 -2
1358 968 -2
1358 972 -2
1358 1464 2
1359 955 -2
1359 969 -2
1359 970 -2
1359 973 -2
1359 1464 2
1360 956 -2
1360 971 -4
1361 957 -2
1361 968 -2
1361 969 -2
1362 975 -2
1362 1465 4
1363 974 -8
1363 978 -4
1363 979 2
1363 980 -2
1363 981 2
1364 975 -4
1364 983 -4
1364 986 -4
1364 1465 14
1365 976 -4
1365 984 -2
1365 985 -2
1365 987 -2
1366 977 -4
1366 983 -2
1366 984 -2
1366 985 -2
1367 988 -4
1367 995 -4
1367 996 -2
1367 997 -2
1367 1466 10
1368 988 -2
1368 999 -4
1368 1000 -2
1368 1001 -2
1369 989 -4
1369 992 2
1369 1003 -4
1370 990 -4
1370 993 2
1371 991 -4
1371 994 2
1371 1003 -2
1372 995 -2
1372 1005 -4
1372 1466 4
1373 996 -2
1373 1005 -2
1373 1466 2
1374 997 -2
1374 1005 -2
1374 1466 2
1375 998 -2
1376 1006 -4
1376 1007 2
1376 1008 -2
1376 1009 2
1376 1010 -2
1376 1011 2
1377 1016 -4
1377 1021 -4
1377 1025 -4
1377 1467 18
1378 1017 -2
1378 1020 -2
1378 1022 -2
1378 1026 -2
1378 1028 -2
1379 1016 -2
1379 1018 -2
1379 1019 -2
1379 1023 -2
1379 1027 -2
1380 1017 -2
1380 1018 -2
1380 1019 -2
1380 1020 -2
1380 1024 -2
1381 1033 -4
1381 1034 -2
1381 1035 -2
1381 1036 -2
1381 1037 -2
1382 1041 -2
1382 1468 6
1383 1040 -6
1383 1044 -4
1383 1045 2
1383 1046 -2
1383 1047 2
1384 1041 -2
1384 1049 -4
1384 1052 -4
1384 1468 14
1385 1042 -2
1385 1050 -2
1385 1051 -2
1385 1053 -2
1386 1043 -2
1386 1049 -2
1386 1050 -2
1386 1051 -2
1387 1054 -4
1387 1058 -4
1387 1059 -2
1387 1060 -2
1388 1062 -4
1389 1062 -2
1389 1065 2
1390 1063 -4
1390 1064 2
1391 1066 -4
1391 1067 -2
1391 1068 -2
1391 1069 -2
1391 1070 -2
1392 1073 -4
1392 1080 -4
1393 1074 -2
1393 1076 2
1393 1078 2
1393 1081 -2
1394 1073 -2
1394 1075 -4
1394 1079 2
1395 1082 -2
1395 1469 2
1396 1085 -4
1396 1086 2
1396 1087 -2
1396 1088 2
1396 1470 6
1397 1082 -6
1397 1090 -4
1397 1093 -4
1397 1469 14
1398 1083 -6
1398 1091 -2
1398 1092 -2
1398 1094 -2
1399 1084 -6
1399 1090 -2
1399 1091 -2
1399 1092 -2
1400 1085 -2
1400 1095 -4
1400 1097 -2
1400 1470 4
1401 1086 -2
1401 1096 -2
1401 1097 2
1401 1470 -2
1402 1087 -2
1402 1095 -4
1402 1470 2
1403 1088 -2
1403 1096 -2
1403 1097 2
1403 1470 -2
1404 1089 -2
1404 1096 -2
1405 1098 -8
1405 1102 -4
1405 1103 -2
1405 1104 -2
1406 1099 -4
1406 1106 -4
1407 1100 -4
1408 1101 -4
1408 1106 -2
1409 1108 -10
1409 1110 -2
1409 1471 4
1410 1112 -2
1410 1471 -2
1411 1109 -4
1411 1110 -4
1411 1112 2
1411 1471 10
1412 1109 -2
1412 1111 -4
1412 1113 2
1413 1115 -2
1414 1118 -2
1414 1122 -4
1414 1123 -2
1414 1124 -2
1415 1126 -4
1415 1128 -2
1416 1130 -6
1416 1134 -4
1416 1135 -2
1416 1136 -2
1417 1131 -2
1417 1138 -4
1418 1132 -2
1419 1133 -2
1419 1138 -2
1420 1140 -8
1420 1142 -2
1421 1141 -4
1421 1144 -4
1421 1145 2
1422 1146 -2
1422 1148 -2
1422 1472 2
1423 1146 -6
1423 1150 -2
1423 1472 6
1424 1152 -4
1424 1153 2
1425 1147 -6
1425 1155 -4
1425 1156 2
1426 1148 -6
1426 1150 -2
1426 1157 -4
1426 1472 10
1427 1149 -6
1427 1151 -2
1427 1157 -2
1428 1154 -2
1428 1160 -8
1428 1161 -4
1429 1165 -4
1429 1166 -2
1429 1167 -2
1429 1168 -2
1429 1169 -2
1430 1173 -2
1431 1176 -2
1431 1180 -4
1431 1181 -2
1431 1182 -2
1432 1184 -4
1432 1186 -2
1433 1188 -2
1434 1191 -4
1434 1192 2
1434 1193 -2
1434 1194 2
1435 1196 -6
1435 1200 -4
1435 1201 -2
1435 1202 -2
1436 1197 -2
1436 1204 -4
1437 1198 -2
1438 1199 -2
1438 1204 -2
1439 1206 -8
1439 1208 -2
1440 1207 -4
1440 1210 -4
1440 1211 2
1441 1213 -2
1441 1215 -2
1442 1217 -6
1442 1219 -2
1443 1218 -2
1443 1221 -4
1443 1222 2
1444 1224 -6
1444 1225 -2
1444 1228 -4
1445 1233 -6
1445 1235 -2
1446 1234 -2
1446 1237 -4
1446 1238 2
1447 1241 -2
1447 1473 6
1448 1240 -6
1448 1243 -4
1448 1244 2
1449 1241 -2
1449 1245 -4
1449 1473 10
1450 1242 -2
1450 1245 -2
1451 1251 -4
1452 1248 -6
1452 1252 -4
1453 1249 -6
1453 1250 -2
1453 1253 -8
1454 1260 -6
1454 1261 -2
1455 1263 -2
1456 1267 -2
1456 1269 -2
1457 1275 -6
1457 1277 -2
1458 1276 -2
1458 1279 -4
1458 1280 2
1459 1292 -2
1459 1294 -4
1460 1295 -6
1460 1296 -2
1461 1314 -4
1461 1315 2
1461 1316 -2
1461 1317 2
1461 1318 -2
1461 1319 2
1461 1320 -2
1461 1321 2
1462 1334 -4
1462 1335 -2
1462 1336 -2
1462 1337 -2
1462 1338 -2
1462 1339 -2
1462 1340 -2
1463 1347 -2
1464 1351 -2
1464 1355 -4
1464 1356 -2
1464 1357 -2
1464 1358 -2
1464 1359 -2
1465 1362 -4
1465 1364 -2
1466 1367 -2
1466 1372 -4
1466 1373 -2
1466 1374 -2
1467 1377 -2
1468 1382 -2
1468 1384 -2
1469 1395 -6
1469 1397 -2
1470 1396 -2
1470 1400 -4
1470 1401 2
1470 1402 -2
1470 1403 2
1471 1409 -4
1471 1410 2
1471 1411 -2
1472 1422 -6
1472 1423 -2
1472 1426 -2
1473 1447 -2
1473 1449 -2
1473 1473 0
