1 1 22
2 2 20
3 3 22
4 4 22
5 5 22
6 6 22
7 7 18
8 8 20
9 9 20
10 10 20
11 11 20
12 12 22
13 13 22
14 14 22
15 15 22
16 16 22
17 17 16
18 18 18
19 19 18
20 20 18
21 21 20
22 22 20
23 23 20
24 24 20
25 25 22
26 26 22
27 27 22
28 28 14
29 29 16
30 30 16
31 31 16
32 32 18
33 33 18
34 34 18
35 35 20
36 36 20
37 37 22
38 38 12
39 39 14
40 40 14
41 41 16
42 42 16
43 43 18
44 44 20
45 45 10
46 46 12
47 47 12
48 48 14
49 49 16
50 50 8
51 51 10
52 52 12
53 53 6
54 54 8
55 55 4
57 57 14
57 58 4
58 57 4
58 58 14
58 59 4
59 58 4
59 59 14
59 60 4
60 59 4
60 60 14
60 61 4
61 60 4
61 61 10
62 62 12
62 63 4
63 62 4
63 63 12
63 64 4
64 63 4
64 64 12
64 65 4
65 64 4
65 65 12
66 66 20
67 67 14
67 68 4
68 67 4
68 68 14
68 69 4
69 68 4
69 69 14
69 70 4
70 69 4
70 70 10
71 71 22
72 72 14
72 73 4
73 72 4
73 73 14
73 74 4
74 73 4
74 74 14
75 75 22
76 76 10
77 77 14
77 78 4
78 77 4
78 78 14
78 79 4
79 78 4
79 79 10
80 80 22
81 81 14
82 82 14
82 83 4
83 82 4
83 83 14
84 84 22
85 85 14
85 86 4
86 85 4
86 86 10
87 87 10
87 88 4
88 87 4
88 88 10
88 89 4
89 88 4
89 89 10
89 90 4
90 89 4
90 90 6
91 91 18
92 92 12
92 93 4
93 92 4
93 93 12
93 94 4
94 93 4
94 94 12
95 95 20
96 96 12
96 97 4
97 96 4
97 97 12
97 98 4
98 97 4
98 98 8
99 99 20
100 100 8
101 101 12
101 102 4
102 101 4
102 102 12
103 103 20
104 104 12
105 105 12
105 106 4
106 105 4
106 106 8
107 107 20
108 108 20
109 109 20
110 110 20
111 111 20
112 112 20
113 113 20
114 114 14
114 115 4
115 114 4
115 115 14
115 116 4
116 115 4
116 116 10
117 117 22
118 118 14
118 119 4
119 118 4
119 119 14
120 120 22
121 121 10
122 122 14
122 123 4
123 122 4
123 123 10
124 124 22
125 125 14
126 126 22
127 127 22
128 128 22
129 129 22
130 130 14
130 131 4
131 130 4
131 131 10
132 132 22
133 133 10
134 134 14
135 135 22
136 136 10
137 137 8
137 138 4
138 137 4
138 138 8
138 139 4
139 138 4
139 139 8
140 140 16
141 141 10
141 142 4
142 141 4
142 142 10
142 143 4
143 142 4
143 143 6
144 144 18
145 145 10
145 146 4
146 145 4
146 146 10
147 147 18
148 148 6
149 149 10
149 150 4
150 149 4
150 150 6
151 151 18
152 152 10
153 153 18
154 154 18
155 155 18
156 156 18
157 157 18
158 158 18
159 159 12
159 160 4
160 159 4
160 160 12
161 161 20
162 162 12
162 163 4
163 162 4
163 163 8
164 164 20
165 165 8
166 166 12
167 167 20
168 168 20
169 169 20
170 170 12
171 171 20
172 172 8
173 173 20
174 174 20
175 175 20
176 176 20
177 177 20
178 178 20
179 179 20
180 180 20
181 181 20
182 182 14
182 183 4
183 182 4
183 183 10
184 184 22
185 185 14
186 186 22
187 187 10
188 188 22
189 189 22
190 190 10
191 191 22
192 192 6
192 193 4
193 192 4
193 193 6
193 194 4
194 193 4
194 194 2
195 195 14
196 196 8
196 197 4
197 196 4
197 197 8
198 198 16
199 199 8
199 200 4
200 199 4
200 200 4
201 201 16
202 202 4
203 203 8
204 204 16
205 205 16
206 206 16
207 207 16
208 208 16
209 209 10
209 210 4
210 209 4
210 210 6
211 211 18
212 212 10
213 213 18
214 214 6
215 215 18
216 216 18
217 217 6
218 218 18
219 219 18
220 220 18
221 221 18
222 222 18
223 223 18
224 224 12
225 225 20
226 226 8
227 227 20
228 228 20
229 229 20
230 230 20
231 231 20
232 232 10
233 233 22
234 234 4
234 235 4
235 234 4
235 235 4
236 236 12
237 237 6
237 238 4
238 237 4
238 238 2
239 239 14
240 240 6
241 241 14
242 242 2
243 243 14
244 244 14
245 245 14
246 246 14
247 247 8
248 248 16
249 249 4
250 250 16
251 251 16
252 252 16
253 253 16
254 254 16
255 255 6
256 256 18
257 257 18
258 258 18
259 259 20
260 260 2
260 261 4
261 260 4
261 261 -2
262 262 10
263 263 4
264 264 12
266 266 12
267 267 12
268 268 12
269 269 2
270 270 14
271 271 14
272 272 14
273 273 16
275 275 8
276 276 -2
277 277 10
278 278 10
279 279 10
280 280 12
281 281 -6
282 282 6
283 283 8
284 284 4
285 285 6
285 286 2
285 288 2
286 285 2
286 286 6
286 287 2
286 289 2
286 291 2
287 286 2
287 287 6
287 288 2
287 290 2
287 293 2
288 285 2
288 287 2
288 288 6
288 291 2
288 294 2
289 286 2
289 289 6
289 290 2
289 295 2
289 297 2
290 287 2
290 289 2
290 290 6
290 291 2
290 292 2
290 296 2
290 299 2
291 286 2
291 288 2
291 290 2
291 291 6
291 293 2
291 297 2
291 300 2
292 290 2
292 292 6
292 293 2
292 298 2
292 302 2
293 287 2
293 291 2
293 292 2
293 293 6
293 294 2
293 299 2
293 303 2
294 288 2
294 293 2
294 294 6
294 300 2
294 304 2
295 289 2
295 295 6
295 296 2
295 304 -2
295 306 2
296 290 2
296 295 2
296 296 6
296 297 2
296 298 2
296 305 2
296 308 2
297 289 2
297 291 2
297 296 2
297 297 6
297 299 2
297 306 2
297 309 2
298 292 2
298 296 2
298 298 6
298 299 2
298 301 2
298 307 2
298 311 2
299 290 2
299 293 2
299 297 2
299 298 2
299 299 6
299 300 2
299 302 2
299 308 2
299 312 2
300 291 2
300 294 2
300 299 2
300 300 6
300 303 2
300 305 -2
300 309 2
301 298 2
301 301 6
301 302 2
301 310 4
302 292 2
302 299 2
302 301 2
302 302 6
302 303 2
302 311 2
302 313 2
303 293 2
303 300 2
303 302 2
303 303 6
303 304 2
303 306 -2
303 312 2
304 294 2
304 295 -2
304 303 2
304 304 6
304 305 -2
305 296 2
305 300 -2
305 304 -2
305 305 6
305 306 2
305 307 2
305 312 -2
306 295 2
306 297 2
306 303 -2
306 305 2
306 306 6
306 308 2
306 313 -2
307 298 2
307 305 2
307 307 6
307 308 2
307 309 -2
307 310 2
307 314 2
308 296 2
308 299 2
308 306 2
308 307 2
308 308 6
308 309 2
308 311 2
308 312 -2
308 314 -2
309 297 2
309 300 2
309 307 -2
309 308 2
309 309 6
309 312 2
309 313 -2
310 301 4
310 307 2
310 310 6
310 311 4
310 313 2
311 298 2
311 302 2
311 308 2
311 310 4
311 311 6
311 312 2
311 314 4
312 299 2
312 303 2
312 305 -2
312 308 -2
312 309 2
312 311 2
312 312 6
312 313 2
312 314 -2
313 302 2
313 306 -2
313 309 -2
313 310 2
313 312 2
313 313 6
313 314 2
314 307 2
314 308 -2
314 311 4
314 312 -2
314 313 2
314 314 2
315 315 4
315 316 2
315 318 2
316 315 2
316 316 4
316 317 2
316 319 2
316 321 2
317 316 2
317 317 4
317 318 2
317 320 2
317 323 2
318 315 2
318 317 2
318 318 4
318 321 2
318 324 2
319 316 2
319 319 4
319 320 2
319 325 2
319 327 2
320 317 2
320 319 2
320 320 4
320 321 2
320 322 2
320 326 2
320 329 2
321 316 2
321 318 2
321 320 2
321 321 4
321 323 2
321 327 2
321 330 2
322 320 2
322 322 4
322 323 2
322 328 2
322 332 2
323 317 2
323 321 2
323 322 2
323 323 4
323 324 2
323 329 2
323 333 2
324 318 2
324 323 2
324 324 4
324 325 -2
324 330 2
325 319 2
325 324 -2
325 325 4
325 326 2
325 333 -2
326 320 2
326 325 2
326 326 4
326 327 2
326 328 2
326 330 -2
326 335 2
327 319 2
327 321 2
327 326 2
327 327 4
327 329 2
327 333 -2
327 334 -2
328 322 2
328 326 2
328 328 4
328 329 2
328 331 4
328 334 2
328 336 4
329 320 2
329 323 2
329 327 2
329 328 2
329 329 4
329 330 2
329 332 2
330 321 2
330 324 2
330 326 -2
330 329 2
330 330 4
330 333 2
330 334 -2
331 328 2
331 331 4
331 332 2
332 322 2
332 329 2
332 331 4
332 332 4
332 333 2
332 334 2
332 336 4
333 323 2
333 325 -2
333 327 -2
333 330 2
333 332 2
333 333 4
333 335 -2
334 327 -2
334 328 2
334 330 -2
334 332 2
334 334 4
335 326 2
335 333 -2
335 335 4
336 328 2
336 332 2
336 336 4
337 337 8
337 338 2
337 339 2
338 337 2
338 338 8
338 339 2
338 340 2
338 341 2
339 337 2
339 338 2
339 339 8
339 341 2
339 342 2
340 338 2
340 340 8
340 341 2
340 343 2
340 344 2
341 338 2
341 339 2
341 340 2
341 341 8
341 342 2
341 344 2
341 345 2
342 339 2
342 341 2
342 342 8
342 345 2
342 346 2
343 340 2
343 343 8
343 344 2
343 346 2
343 347 2
344 340 2
344 341 2
344 343 2
344 344 8
344 345 2
344 347 2
344 348 2
345 341 2
345 342 2
345 344 2
345 345 8
345 346 2
345 347 2
345 348 2
346 342 2
346 343 2
346 345 2
346 346 8
346 347 2
347 343 2
347 344 2
347 345 2
347 346 2
347 347 8
347 348 4
348 344 2
348 345 2
348 347 4
348 348 12
349 349 6
349 350 2
349 352 2
350 349 2
350 350 6
350 351 2
350 353 2
350 355 2
351 350 2
351 351 6
351 352 2
351 354 2
351 357 2
352 349 2
352 351 2
352 352 6
352 355 2
352 358 2
353 350 2
353 353 6
353 354 2
353 358 -2
353 360 2
354 351 2
354 353 2
354 354 6
354 355 2
354 356 2
354 359 2
354 362 2
355 350 2
355 352 2
355 354 2
355 355 6
355 357 2
355 359 -2
355 360 2
356 354 2
356 356 6
356 357 2
356 361 4
357 351 2
357 355 2
357 356 2
357 357 6
357 358 2
357 360 -2
357 362 2
358 352 2
358 353 -2
358 357 2
358 358 6
358 359 -2
359 354 2
359 355 -2
359 358 -2
359 359 6
359 360 2
359 361 2
359 362 -2
360 353 2
360 355 2
360 357 -2
360 359 2
360 360 6
360 361 -2
360 362 2
361 356 4
361 359 2
361 360 -2
361 361 6
361 362 4
362 354 2
362 357 2
362 359 -2
362 360 2
362 361 4
362 362 2
363 363 10
363 364 2
363 365 2
364 363 2
364 364 10
364 365 2
364 366 2
364 367 2
365 363 2
365 364 2
365 365 10
365 367 2
365 368 2
366 364 2
366 366 10
366 367 2
366 369 2
366 370 2
367 364 2
367 365 2
367 366 2
367 367 10
367 368 2
367 370 2
367 371 2
368 365 2
368 367 2
368 368 10
368 369 2
368 371 2
369 366 2
369 368 2
369 369 10
369 370 2
369 371 2
370 366 2
370 367 2
370 369 2
370 370 10
370 371 4
370 372 6
371 367 2
371 368 2
371 369 2
371 370 4
371 371 10
371 372 6
372 370 2
372 371 2
372 372 10
373 373 6
373 374 2
373 376 2
374 373 2
374 374 6
374 375 2
374 377 2
374 379 2
375 374 2
375 375 6
375 376 2
375 378 2
375 381 2
376 373 2
376 375 2
376 376 6
376 377 -2
376 379 2
377 374 2
377 376 -2
377 377 6
377 378 2
377 381 -2
378 375 2
378 377 2
378 378 6
378 380 4
379 374 2
379 376 2
379 379 6
380 378 2
380 380 6
380 381 2
381 375 2
381 377 -2
381 380 4
381 381 6
382 382 10
382 383 2
382 384 2
383 382 2
383 383 10
383 384 2
383 385 2
383 386 2
384 382 2
384 383 2
384 384 10
384 386 2
384 387 2
385 383 2
385 385 10
385 386 2
385 387 2
385 388 2
386 383 2
386 384 2
386 385 2
386 386 10
386 387 2
386 388 4
387 384 2
387 385 2
387 386 2
387 387 10
387 388 2
388 385 2
388 386 4
388 387 2
388 388 14
389 389 2
389 390 4
390 389 4
390 390 2
390 391 4
391 390 4
391 391 2
392 392 10
393 393 6
393 394 2
393 396 2
394 393 2
394 394 6
394 395 2
394 396 -2
394 397 -2
395 394 2
395 395 6
395 396 2
395 397 4
396 393 2
396 394 -2
396 395 2
396 396 6
396 397 -2
397 394 -2
397 395 4
397 396 -2
397 397 2
398 398 10
398 399 2
398 400 2
399 398 2
399 399 10
399 400 2
399 401 2
399 402 2
400 398 2
400 399 2
400 400 10
400 401 2
400 402 2
401 399 2
401 400 2
401 401 10
401 402 4
402 399 2
402 400 2
402 401 4
402 402 14
403 403 6
403 404 4
404 403 4
404 404 6
404 405 4
405 404 4
405 405 2
406 406 14
407 407 6
408 408 6
409 409 6
410 410 10
410 411 2
410 412 2
411 410 2
411 411 10
411 412 4
411 413 6
412 410 2
412 411 4
412 412 10
412 413 6
413 411 2
413 412 2
413 413 10
414 414 6
414 415 4
414 416 4
415 414 4
415 415 6
415 417 4
416 414 4
416 416 2
416 417 4
417 415 4
417 416 4
417 417 2
418 418 10
418 419 4
419 418 4
419 419 14
420 420 2
421 421 2
421 422 2
421 424 2
422 421 2
422 422 2
422 423 2
422 425 2
422 427 2
423 422 2
423 423 2
423 424 2
423 426 2
423 429 2
424 421 2
424 423 2
424 424 2
424 427 2
424 430 2
425 422 2
425 425 2
425 426 2
425 430 -2
425 432 2
426 423 2
426 425 2
426 426 2
426 427 2
426 428 2
426 431 2
426 434 2
427 422 2
427 424 2
427 426 2
427 427 2
427 429 2
427 431 -2
427 432 2
428 426 2
428 428 2
428 429 2
428 433 4
429 423 2
429 427 2
429 428 2
429 429 2
429 430 2
429 432 -2
429 434 2
430 424 2
430 425 -2
430 429 2
430 430 2
430 431 -2
431 426 2
431 427 -2
431 430 -2
431 431 2
431 432 2
431 433 2
431 434 -2
432 425 2
432 427 2
432 429 -2
432 431 2
432 432 2
432 433 -2
432 434 2
433 428 4
433 431 2
433 432 -2
433 433 2
433 434 4
434 426 2
434 429 2
434 431 -2
434 432 2
434 433 4
434 434 -2
435 435 6
435 436 2
435 437 2
436 435 2
436 436 6
436 437 2
436 438 2
436 439 2
437 435 2
437 436 2
437 437 6
437 439 2
437 440 2
438 436 2
438 438 6
438 439 2
438 441 2
438 442 2
439 436 2
439 437 2
439 438 2
439 439 6
439 440 2
439 442 2
439 443 2
440 437 2
440 439 2
440 440 6
440 441 2
440 443 2
441 438 2
441 440 2
441 441 6
441 442 2
441 443 2
442 438 2
442 439 2
442 441 2
442 442 6
442 443 4
442 444 6
443 439 2
443 440 2
443 441 2
443 442 4
443 443 6
443 444 6
444 442 2
444 443 2
444 444 6
445 445 4
445 446 2
445 448 2
446 445 2
446 446 4
446 447 2
446 449 2
446 451 2
447 446 2
447 447 4
447 448 2
447 450 2
447 453 2
448 445 2
448 447 2
448 448 4
448 449 -2
448 451 2
449 446 2
449 448 -2
449 449 4
449 450 2
449 453 -2
450 447 2
450 449 2
450 450 4
450 452 4
451 446 2
451 448 2
451 451 4
452 450 2
452 452 4
452 453 2
453 447 2
453 449 -2
453 452 4
453 453 4
454 454 8
454 455 2
454 456 2
455 454 2
455 455 8
455 456 2
455 457 2
455 458 2
456 454 2
456 455 2
456 456 8
456 458 2
456 459 2
457 455 2
457 457 8
457 458 2
457 459 2
457 460 2
458 455 2
458 456 2
458 457 2
458 458 8
458 459 2
458 460 4
459 456 2
459 457 2
459 458 2
459 459 8
459 460 2
460 457 2
460 458 4
460 459 2
460 460 12
461 461 4
461 462 2
461 464 2
462 461 2
462 462 4
462 463 2
462 464 -2
462 465 -2
463 462 2
463 463 4
463 464 2
463 465 4
464 461 2
464 462 -2
464 463 2
464 464 4
464 465 -2
465 462 -2
465 463 4
465 464 -2
466 466 8
466 467 2
466 468 2
467 466 2
467 467 8
467 468 2
467 469 2
467 470 2
468 466 2
468 467 2
468 468 8
468 469 2
468 470 2
469 467 2
469 468 2
469 469 8
469 470 4
470 467 2
470 468 2
470 469 4
470 470 12
471 472 4
472 471 4
472 473 4
473 472 4
473 473 -4
474 474 8
475 475 4
476 476 4
477 477 4
478 478 8
478 479 2
478 480 2
479 478 2
479 479 8
479 480 4
479 481 6
480 478 2
480 479 4
480 480 8
480 481 6
481 479 2
481 480 2
481 481 8
482 482 4
482 483 4
483 482 4
483 483 4
484 484 12
486 486 8
486 487 4
487 486 4
487 487 12
488 488 4
488 489 4
489 488 8
489 490 8
490 489 4
490 490 -4
491 491 8
491 492 2
491 493 2
492 491 2
492 492 8
492 493 2
492 494 2
492 495 2
493 491 2
493 492 2
493 493 8
493 495 2
493 496 2
494 492 2
494 494 8
494 495 2
494 496 2
494 497 2
495 492 2
495 493 2
495 494 2
495 495 8
495 496 2
495 497 4
496 493 2
496 494 2
496 495 2
496 496 8
496 497 2
497 494 2
497 495 4
497 496 2
497 497 12
498 498 12
498 499 4
499 498 4
499 499 12
499 500 4
500 499 4
500 500 12
501 501 8
501 502 2
501 503 2
502 501 2
502 502 8
502 503 2
502 504 2
502 505 2
503 501 2
503 502 2
503 503 8
503 504 2
503 505 2
504 502 2
504 503 2
504 504 8
504 505 4
505 502 2
505 503 2
505 504 4
505 505 12
506 506 12
506 507 4
507 506 4
507 507 12
507 508 4
508 507 4
508 508 8
509 509 8
510 510 8
511 511 8
511 512 2
511 513 2
512 511 2
512 512 8
512 513 4
512 514 6
513 511 2
513 512 4
513 513 8
513 514 6
514 512 2
514 513 2
514 514 8
515 515 12
515 516 4
516 515 4
516 516 12
517 517 12
518 518 12
519 519 8
519 520 4
520 519 4
520 520 12
521 521 12
521 522 4
522 521 4
522 522 8
523 523 6
523 524 2
523 526 2
524 523 2
524 524 6
524 525 2
524 526 -2
524 527 -2
525 524 2
525 525 6
525 526 2
525 527 4
526 523 2
526 524 -2
526 525 2
526 526 6
526 527 -2
527 524 -2
527 525 4
527 526 -2
527 527 2
528 528 10
528 529 2
528 530 2
529 528 2
529 529 10
529 530 2
529 531 2
529 532 2
530 528 2
530 529 2
530 530 10
530 531 2
530 532 2
531 529 2
531 530 2
531 531 10
531 532 4
532 529 2
532 530 2
532 531 4
532 532 14
533 533 6
534 534 6
535 535 6
536 536 10
536 537 2
536 538 2
537 536 2
537 537 10
537 538 4
537 539 6
538 536 2
538 537 4
538 538 10
538 539 6
539 537 2
539 538 2
539 539 10
540 540 2
540 541 4
541 540 4
541 541 2
542 542 10
543 543 2
544 544 10
544 545 4
545 544 4
545 545 14
546 546 6
546 547 4
547 546 4
547 547 2
548 548 14
549 549 10
549 550 2
549 551 2
550 549 2
550 550 10
550 551 4
550 552 6
551 549 2
551 550 4
551 551 10
551 552 6
552 550 2
552 551 2
552 552 10
553 553 14
553 554 4
554 553 4
554 554 14
555 555 10
556 556 10
557 557 10
557 558 4
558 557 4
558 558 14
559 559 14
559 560 4
560 559 4
560 560 10
561 561 14
562 562 14
563 563 2
564 564 10
564 565 4
565 564 4
565 565 14
566 566 2
566 567 4
567 566 4
567 567 -2
568 568 10
569 569 14
570 570 6
571 571 10
572 572 10
573 573 14
574 574 14
575 575 -2
576 576 2
577 577 10
578 579 2
578 581 2
579 578 2
579 580 2
579 582 2
579 584 2
580 579 2
580 581 2
580 583 2
580 586 2
581 578 2
581 580 2
581 582 -2
581 584 2
582 579 2
582 581 -2
582 583 2
582 586 -2
583 580 2
583 582 2
583 585 4
584 579 2
584 581 2
585 583 2
585 586 2
586 580 2
586 582 -2
586 585 4
587 587 4
587 588 2
587 589 2
588 587 2
588 588 4
588 589 2
588 590 2
588 591 2
589 587 2
589 588 2
589 589 4
589 591 2
589 592 2
590 588 2
590 590 4
590 591 2
590 592 2
590 593 2
591 588 2
591 589 2
591 590 2
591 591 4
591 592 2
591 593 4
592 589 2
592 590 2
592 591 2
592 592 4
592 593 2
593 590 2
593 591 4
593 592 2
593 593 8
594 594 2
594 595 2
594 597 2
595 594 2
595 595 2
595 596 2
595 597 -2
595 598 -2
596 595 2
596 596 2
596 597 2
596 598 4
597 594 2
597 595 -2
597 596 2
597 597 2
597 598 -2
598 595 -2
598 596 4
598 597 -2
598 598 -2
599 599 6
599 600 2
599 601 2
600 599 2
600 600 6
600 601 2
600 602 2
600 603 2
601 599 2
601 600 2
601 601 6
601 602 2
601 603 2
602 600 2
602 601 2
602 602 6
602 603 4
603 600 2
603 601 2
603 602 4
603 603 10
604 604 2
605 605 2
606 606 2
607 607 6
607 608 2
607 609 2
608 607 2
608 608 6
608 609 4
608 610 6
609 607 2
609 608 4
609 609 6
609 610 6
610 608 2
610 609 2
610 610 6
611 611 -2
611 612 4
612 611 4
612 612 -2
613 613 6
614 614 -2
615 615 6
615 616 4
616 615 4
616 616 10
617 617 2
617 618 4
618 617 4
618 618 -2
619 619 10
620 620 6
620 621 2
620 622 2
621 620 2
621 621 6
621 622 2
621 623 2
621 624 2
622 620 2
622 621 2
622 622 6
622 623 2
622 624 2
623 621 2
623 622 2
623 623 6
623 624 4
624 621 2
624 622 2
624 623 4
624 624 10
625 625 10
625 626 4
626 625 4
626 626 10
626 627 4
627 626 4
627 627 6
628 628 6
628 629 2
628 630 2
629 628 2
629 629 6
629 630 4
629 631 6
630 628 2
630 629 4
630 630 6
630 631 6
631 629 2
631 630 2
631 631 6
632 632 10
632 633 4
633 632 4
633 633 10
634 634 6
635 635 6
636 636 6
636 637 4
637 636 4
637 637 10
638 638 10
638 639 4
639 638 4
639 639 6
640 640 10
641 641 10
642 642 4
643 643 4
644 644 4
645 645 8
645 646 2
645 647 2
646 645 2
646 646 8
646 647 4
646 648 6
647 645 2
647 646 4
647 647 8
647 648 6
648 646 2
648 647 2
648 648 8
650 650 8
650 651 4
651 650 4
651 651 12
652 653 4
653 652 4
653 653 -4
654 654 8
655 655 12
656 656 4
657 657 8
657 658 4
658 657 4
658 658 12
659 659 12
659 660 4
660 659 4
660 660 8
661 661 8
662 662 8
663 663 12
664 664 12
665 665 12
667 667 8
668 668 8
669 669 8
670 670 -4
671 671 8
671 672 2
671 673 2
672 671 2
672 672 8
672 673 4
672 674 6
673 671 2
673 672 4
673 673 8
673 674 6
674 672 2
674 673 2
674 674 8
675 675 12
675 676 4
676 675 4
676 676 12
677 677 8
677 678 4
678 677 4
678 678 12
679 679 12
679 680 4
680 679 4
680 680 8
681 681 8
682 682 8
683 683 12
684 684 12
685 685 12
685 686 4
686 685 4
686 686 8
687 687 20
688 688 8
689 689 12
690 690 12
691 691 12
692 692 8
693 693 8
694 694 8
695 695 2
696 696 10
696 697 4
697 696 4
697 697 14
698 698 14
699 699 2
700 700 10
701 701 14
702 702 14
703 703 10
704 704 10
705 705 10
706 706 -2
707 707 10
708 708 10
709 709 -2
709 710 2
709 712 2
710 709 2
710 710 -2
710 711 2
710 712 -2
710 713 -2
711 710 2
711 711 -2
711 712 2
711 713 4
712 709 2
712 710 -2
712 711 2
712 712 -2
712 713 -2
713 710 -2
713 711 4
713 712 -2
713 713 -6
714 714 2
714 715 2
714 716 2
715 714 2
715 715 2
715 716 2
715 717 2
715 718 2
716 714 2
716 715 2
716 716 2
716 717 2
716 718 2
717 715 2
717 716 2
717 717 2
717 718 4
718 715 2
718 716 2
718 717 4
718 718 6
722 722 4
722 723 2
722 724 2
723 722 2
723 723 4
723 724 4
723 725 6
724 722 2
724 723 4
724 724 4
724 725 6
725 723 2
725 724 2
725 725 4
726 726 -4
727 727 4
727 728 4
728 727 4
728 728 8
729 729 -4
729 730 4
730 729 4
730 730 -8
731 731 4
732 732 8
734 734 4
734 735 2
734 736 2
735 734 2
735 735 4
735 736 4
735 737 6
736 734 2
736 735 4
736 736 4
736 737 6
737 735 2
737 736 2
737 737 4
738 738 8
738 739 4
739 738 4
739 739 8
740 740 4
740 741 4
741 740 4
741 741 8
742 742 8
742 743 4
743 742 4
743 743 4
744 744 4
745 745 4
746 746 8
747 747 8
748 748 -2
749 749 6
749 750 4
750 749 4
750 750 10
751 751 10
752 752 -2
753 753 6
754 754 10
755 755 10
756 756 6
757 757 6
758 758 6
759 759 -6
760 760 6
760 761 4
761 760 4
761 761 10
762 762 10
762 763 4
763 762 4
763 763 6
764 764 10
765 765 10
766 766 6
767 767 6
768 768 10
769 769 18
770 770 6
771 771 6
772 772 6
773 773 12
774 774 8
775 775 -4
776 776 8
777 777 8
778 778 12
779 779 12
780 780 8
781 781 8
782 782 8
783 783 10
784 784 -4
785 785 -4
786 786 -4
787 788 2
787 789 2
788 787 2
788 789 4
788 790 6
789 787 2
789 788 4
789 790 6
790 788 2
790 789 2
791 791 -6
792 792 2
792 793 4
793 792 4
793 793 6
794 794 6
795 795 -6
796 796 2
797 797 2
797 798 4
798 797 4
798 798 6
799 799 6
799 800 4
800 799 4
800 800 2
801 801 6
802 802 6
803 803 2
804 804 2
805 805 8
806 806 4
807 807 -8
808 808 4
809 809 4
810 810 8
811 811 8
812 812 4
813 813 4
814 814 4
815 815 6
816 816 6
817 817 6
818 818 -10
819 819 -2
819 820 4
820 819 4
820 820 2
821 821 4
823 823 -12
824 824 4
825 825 4
828 828 2
829 829 2
830 830 2
832 832 -2
833 833 -2
834 834 -2
835 835 -6
836 836 -2
836 837 2
836 841 2
837 836 2
837 837 -2
837 838 2
837 842 2
837 846 2
838 837 2
838 838 -2
838 839 2
838 843 2
838 850 2
839 838 2
839 839 -2
839 840 2
839 844 2
839 853 2
840 839 2
840 840 -2
840 841 2
840 845 2
840 855 2
841 836 2
841 840 2
841 841 -2
841 846 2
841 856 2
842 837 2
842 842 -2
842 843 2
842 856 -2
842 860 2
843 838 2
843 842 2
843 843 -2
843 844 2
843 847 2
843 857 2
843 864 2
844 839 2
844 843 2
844 844 -2
844 845 2
844 848 2
844 858 2
844 867 2
845 840 2
845 844 2
845 845 -2
845 846 2
845 849 2
845 859 2
845 869 2
846 837 2
846 841 2
846 845 2
846 846 -2
846 850 2
846 857 -2
846 860 2
847 843 2
847 847 -2
847 848 2
847 861 2
847 871 2
848 844 2
848 847 2
848 848 -2
848 849 2
848 851 2
848 862 2
848 874 2
849 845 2
849 848 2
849 849 -2
849 850 2
849 852 2
849 863 2
849 875 2
850 838 2
850 846 2
850 849 2
850 850 -2
850 853 2
850 858 -2
850 864 2
851 848 2
851 851 -2
851 852 2
851 865 2
851 872 -2
852 849 2
852 851 2
852 852 -2
852 853 2
852 854 2
852 866 2
852 876 2
853 839 2
853 850 2
853 852 2
853 853 -2
853 855 2
853 859 -2
853 867 2
854 852 2
854 854 -2
854 855 2
854 861 2
854 868 2
855 840 2
855 853 2
855 854 2
855 855 -2
855 856 2
855 860 -2
855 869 2
856 841 2
856 842 -2
856 855 2
856 856 -2
856 857 -2
857 843 2
857 846 -2
857 856 -2
857 857 -2
857 858 2
857 861 2
857 869 -2
858 844 2
858 850 -2
858 857 2
858 858 -2
858 859 2
858 862 2
858 875 -2
859 845 2
859 853 -2
859 858 2
859 859 -2
859 860 2
859 863 2
859 876 -2
860 842 2
860 846 2
860 855 -2
860 859 2
860 860 -2
860 861 -2
860 864 2
861 847 2
861 854 2
861 857 2
861 860 -2
861 861 -2
861 862 2
861 876 2
862 848 2
862 858 2
862 861 2
862 862 -2
862 863 2
862 864 -2
862 865 2
862 868 2
862 877 -2
863 849 2
863 859 2
863 862 2
863 863 -2
863 864 2
863 866 2
863 867 -2
863 870 2
863 877 2
864 843 2
864 850 2
864 860 2
864 862 -2
864 863 2
864 864 -2
864 867 2
864 869 -2
864 871 2
865 851 2
865 862 2
865 865 -2
865 866 2
865 871 -2
865 872 2
865 873 -2
866 852 2
866 863 2
866 865 2
866 866 -2
866 867 2
866 868 2
866 873 2
866 874 -2
866 877 -2
867 844 2
867 853 2
867 863 -2
867 864 2
867 866 2
867 867 -2
867 869 2
867 874 2
867 875 -2
868 854 2
868 862 2
868 866 2
868 868 -2
868 869 2
868 870 2
868 872 2
869 845 2
869 855 2
869 857 -2
869 864 -2
869 867 2
869 868 2
869 869 -2
869 875 2
869 876 -2
870 863 2
870 868 2
870 870 -2
870 871 2
870 873 4
870 875 2
871 847 2
871 864 2
871 865 -2
871 870 2
871 871 -2
871 874 2
871 876 2
872 851 -2
872 865 2
872 868 2
872 872 -2
872 873 2
872 874 -2
872 876 -2
873 865 -2
873 866 2
873 870 4
873 872 2
873 873 -2
873 874 2
873 877 4
874 848 2
874 866 -2
874 867 2
874 871 2
874 872 -2
874 873 2
874 874 -2
874 875 2
874 877 -2
875 849 2
875 858 -2
875 867 -2
875 869 2
875 870 2
875 874 2
875 875 -2
875 876 2
875 877 2
876 852 2
876 859 -2
876 861 2
876 869 -2
876 871 2
876 872 -2
876 875 2
876 876 -2
876 877 -2
877 862 -2
877 863 2
877 866 -2
877 873 4
877 874 -2
877 875 2
877 876 -2
877 877 -6
878 878 -4
878 879 2
878 883 2
879 878 2
879 879 -4
879 880 2
879 884 2
879 888 2
880 879 2
880 880 -4
880 881 2
880 885 2
880 892 2
881 880 2
881 881 -4
881 882 2
881 886 2
881 894 2
882 881 2
882 882 -4
882 883 2
882 887 2
882 895 2
883 878 2
883 882 2
883 883 -4
883 884 -2
883 888 2
884 879 2
884 883 -2
884 884 -4
884 885 2
884 895 -2
885 880 2
885 884 2
885 885 -4
885 886 2
885 888 -2
885 889 2
885 896 -2
886 881 2
886 885 2
886 886 -4
886 887 2
886 890 2
886 892 -2
886 897 -2
887 882 2
887 886 2
887 887 -4
887 888 2
887 891 2
887 894 -2
887 896 2
888 879 2
888 883 2
888 885 -2
888 887 2
888 888 -4
888 892 2
888 895 -2
889 885 2
889 889 -4
889 890 2
889 893 2
889 895 2
890 886 2
890 889 2
890 890 -4
890 891 2
890 896 2
891 887 2
891 890 2
891 891 -4
891 892 2
891 893 2
891 897 4
892 880 2
892 886 -2
892 888 2
892 891 2
892 892 -4
892 894 2
892 896 -2
893 889 2
893 891 2
893 893 -4
893 894 2
893 896 -2
894 881 2
894 887 -2
894 892 2
894 893 2
894 894 -4
894 895 2
894 897 -2
895 882 2
895 884 -2
895 888 -2
895 889 2
895 894 2
895 895 -4
895 896 2
896 885 -2
896 887 2
896 890 2
896 892 -2
896 893 -2
896 895 2
896 896 -4
897 886 -2
897 891 4
897 894 -2
897 897 -4
898 899 2
898 902 2
899 898 2
899 900 2
899 903 2
899 906 2
900 899 2
900 901 2
900 904 2
900 909 2
901 900 2
901 902 2
901 905 2
901 911 2
902 898 2
902 901 2
902 906 2
902 912 2
903 899 2
903 904 2
903 912 2
903 915 2
904 900 2
904 903 2
904 905 2
904 907 2
904 913 2
904 918 2
905 901 2
905 904 2
905 906 2
905 908 2
905 914 2
905 920 2
906 899 2
906 902 2
906 905 2
906 909 2
906 913 2
906 915 2
907 904 2
907 908 2
907 916 2
907 921 2
908 905 2
908 907 2
908 909 2
908 910 2
908 917 2
908 922 2
909 900 2
909 906 2
909 908 2
909 911 2
909 914 2
909 918 2
910 908 2
910 911 2
910 916 2
910 919 2
911 901 2
911 909 2
911 910 2
911 912 2
911 915 2
911 920 2
912 902 2
912 903 2
912 911 2
912 913 2
913 904 2
913 906 2
913 912 2
913 914 2
913 916 2
913 920 2
914 905 2
914 909 2
914 913 2
914 915 2
914 917 2
914 922 2
915 903 2
915 906 2
915 911 2
915 914 2
915 916 2
915 918 2
916 907 2
916 910 2
916 913 2
916 915 2
916 917 2
916 922 2
917 908 2
917 914 2
917 916 2
917 918 4
917 919 4
917 923 10
918 904 2
918 909 2
918 915 2
918 917 4
918 920 4
918 921 2
919 910 2
919 917 4
919 920 2
919 921 4
920 905 2
920 911 2
920 913 2
920 918 4
920 919 2
920 922 4
921 907 2
921 918 2
921 919 4
921 922 4
922 908 2
922 914 2
922 916 2
922 920 4
922 921 4
922 923 10
923 917 2
923 922 2
924 924 -2
924 925 2
924 929 2
925 924 2
925 925 -2
925 926 2
925 929 -2
925 930 -2
926 925 2
926 926 -2
926 927 2
926 930 2
926 931 -2
927 926 2
927 927 -2
927 928 2
927 931 2
927 932 -2
928 927 2
928 928 -2
928 929 2
928 930 2
928 932 2
929 924 2
929 925 -2
929 928 2
929 929 -2
929 930 -2
930 925 -2
930 926 2
930 928 2
930 929 -2
930 930 -2
930 931 2
930 932 -2
931 926 -2
931 927 2
931 930 2
931 931 -2
931 932 4
931 933 -6
932 927 -2
932 928 2
932 930 -2
932 931 4
932 932 -2
932 933 6
933 931 -2
933 932 2
933 933 -2
934 934 2
934 935 2
934 938 2
935 934 2
935 935 2
935 936 2
935 939 2
935 942 2
936 935 2
936 936 2
936 937 2
936 940 2
936 945 2
937 936 2
937 937 2
937 938 2
937 941 2
937 946 2
938 934 2
938 937 2
938 938 2
938 939 2
938 942 2
939 935 2
939 938 2
939 939 2
939 940 2
939 946 2
940 936 2
940 939 2
940 940 2
940 941 2
940 942 2
940 943 2
940 947 2
941 937 2
941 940 2
941 941 2
941 942 2
941 944 2
941 945 2
941 947 2
942 935 2
942 938 2
942 940 2
942 941 2
942 942 2
942 945 2
942 946 2
943 940 2
943 943 2
943 944 4
943 946 2
944 941 2
944 943 4
944 944 2
944 945 2
944 947 4
945 936 2
945 941 2
945 942 2
945 944 2
945 945 2
945 946 2
945 947 2
946 937 2
946 939 2
946 942 2
946 943 2
946 945 2
946 946 2
946 947 2
947 940 2
947 941 2
947 944 4
947 945 2
947 946 2
947 947 6
948 948 -2
949 949 -2
950 950 -2
951 951 2
951 952 2
951 955 2
952 951 2
952 952 2
952 953 2
952 955 2
952 956 2
953 952 2
953 953 2
953 954 2
953 956 2
953 957 2
954 953 2
954 954 2
954 955 2
954 956 2
954 957 2
955 951 2
955 952 2
955 954 2
955 955 2
955 956 2
956 952 2
956 953 2
956 954 2
956 955 2
956 956 2
956 957 4
957 953 2
957 954 2
957 956 4
957 957 6
958 958 -6
958 959 2
958 961 2
959 958 2
959 959 -6
959 960 2
959 962 2
959 964 2
960 959 2
960 960 -6
960 961 2
960 963 2
960 966 2
961 958 2
961 960 2
961 961 -6
961 962 -2
961 964 2
962 959 2
962 961 -2
962 962 -6
962 963 2
962 966 -2
963 960 2
963 962 2
963 963 -6
963 965 4
964 959 2
964 961 2
964 964 -6
965 963 2
965 965 -6
965 966 2
966 960 2
966 962 -2
966 965 4
966 966 -6
967 967 -2
967 968 2
967 969 2
968 967 2
968 968 -2
968 969 2
968 970 2
968 971 2
969 967 2
969 968 2
969 969 -2
969 971 2
969 972 2
970 968 2
970 970 -2
970 971 2
970 972 2
970 973 2
971 968 2
971 969 2
971 970 2
971 971 -2
971 972 2
971 973 4
972 969 2
972 970 2
972 971 2
972 972 -2
972 973 2
973 970 2
973 971 4
973 972 2
973 973 2
974 974 -6
975 975 2
975 976 4
976 975 4
976 976 2
976 977 4
977 976 4
977 977 6
978 978 -2
978 979 2
978 981 2
979 978 2
979 979 -2
979 980 2
979 981 -2
979 982 -2
980 979 2
980 980 -2
980 981 2
980 982 4
981 978 2
981 979 -2
981 980 2
981 981 -2
981 982 -2
982 979 -2
982 980 4
982 981 -2
982 982 -6
983 983 2
983 984 2
983 985 2
984 983 2
984 984 2
984 985 2
984 986 2
984 987 2
985 983 2
985 984 2
985 985 2
985 986 2
985 987 2
986 984 2
986 985 2
986 986 2
986 987 4
987 984 2
987 985 2
987 986 4
987 987 6
988 988 6
989 989 -2
989 992 4
990 990 -2
990 993 4
991 991 -2
991 994 4
992 989 4
992 992 -6
993 990 4
993 993 -6
994 991 4
994 994 -6
995 995 -2
995 996 2
995 997 2
995 999 4
996 995 2
996 996 -2
996 997 4
996 998 6
996 1000 4
997 995 2
997 996 4
997 997 -2
997 998 6
997 1001 4
998 996 2
998 997 2
998 998 -2
998 1002 4
999 995 4
999 999 2
999 1000 2
999 1001 2
1000 996 4
1000 999 2
1000 1000 2
1000 1001 4
1000 1002 6
1001 997 4
1001 999 2
1001 1000 4
1001 1001 2
1001 1002 6
1002 998 4
1002 1000 2
1002 1001 2
1002 1002 2
1003 1003 -6
1003 1004 4
1004 1003 4
1004 1004 -6
1005 1005 2
1006 1006 -6
1006 1007 2
1006 1011 2
1007 1006 2
1007 1007 -6
1007 1008 2
1007 1011 -2
1007 1012 -2
1008 1007 2
1008 1008 -6
1008 1009 2
1008 1012 2
1008 1013 -2
1009 1008 2
1009 1009 -6
1009 1010 2
1009 1013 2
1009 1014 -2
1010 1009 2
1010 1010 -6
1010 1011 2
1010 1012 2
1010 1014 2
1011 1006 2
1011 1007 -2
1011 1010 2
1011 1011 -6
1011 1012 -2
1012 1007 -2
1012 1008 2
1012 1010 2
1012 1011 -2
1012 1012 -6
1012 1013 2
1012 1014 -2
1013 1008 -2
1013 1009 2
1013 1012 2
1013 1013 -6
1013 1014 4
1013 1015 -6
1014 1009 -2
1014 1010 2
1014 1012 -2
1014 1013 4
1014 1014 -6
1014 1015 6
1015 1013 -2
1015 1014 2
1015 1015 -6
1016 1016 -2
1016 1017 2
1016 1020 2
1017 1016 2
1017 1017 -2
1017 1018 2
1017 1021 2
1017 1024 2
1018 1017 2
1018 1018 -2
1018 1019 2
1018 1022 2
1018 1027 2
1019 1018 2
1019 1019 -2
1019 1020 2
1019 1023 2
1019 1028 2
1020 1016 2
1020 1019 2
1020 1020 -2
1020 1021 2
1020 1024 2
1021 1017 2
1021 1020 2
1021 1021 -2
1021 1022 2
1021 1028 2
1022 1018 2
1022 1021 2
1022 1022 -2
1022 1023 2
1022 1024 2
1022 1025 2
1022 1029 2
1023 1019 2
1023 1022 2
1023 1023 -2
1023 1024 2
1023 1026 2
1023 1027 2
1023 1029 2
1024 1017 2
1024 1020 2
1024 1022 2
1024 1023 2
1024 1024 -2
1024 1027 2
1024 1028 2
1025 1022 2
1025 1025 -2
1025 1026 4
1025 1028 2
1026 1023 2
1026 1025 4
1026 1026 -2
1026 1027 2
1026 1029 4
1027 1018 2
1027 1023 2
1027 1024 2
1027 1026 2
1027 1027 -2
1027 1028 2
1027 1029 2
1028 1019 2
1028 1021 2
1028 1024 2
1028 1025 2
1028 1027 2
1028 1028 -2
1028 1029 2
1029 1022 2
1029 1023 2
1029 1026 4
1029 1027 2
1029 1028 2
1029 1029 2
1030 1030 -4
1031 1031 -4
1032 1032 -4
1033 1034 2
1033 1037 2
1034 1033 2
1034 1035 2
1034 1037 2
1034 1038 2
1035 1034 2
1035 1036 2
1035 1038 2
1035 1039 2
1036 1035 2
1036 1037 2
1036 1038 2
1036 1039 2
1037 1033 2
1037 1034 2
1037 1036 2
1037 1038 2
1038 1034 2
1038 1035 2
1038 1036 2
1038 1037 2
1038 1039 4
1039 1035 2
1039 1036 2
1039 1038 4
1039 1039 4
1040 1040 -8
1041 1042 4
1042 1041 4
1042 1043 4
1043 1042 4
1043 1043 4
1044 1044 -8
1044 1045 2
1044 1047 2
1045 1044 2
1045 1045 -8
1045 1046 2
1045 1047 -2
1045 1048 -2
1046 1045 2
1046 1046 -8
1046 1047 2
1046 1048 4
1047 1044 2
1047 1045 -2
1047 1046 2
1047 1047 -8
1047 1048 -2
1048 1045 -2
1048 1046 4
1048 1047 -2
1048 1048 -12
1049 1049 -4
1049 1050 2
1049 1051 2
1050 1049 2
1050 1050 -4
1050 1051 2
1050 1052 2
1050 1053 2
1051 1049 2
1051 1050 2
1051 1051 -4
1051 1052 2
1051 1053 2
1052 1050 2
1052 1051 2
1052 1052 -4
1052 1053 4
1053 1050 2
1053 1051 2
1053 1052 4
1054 1054 4
1055 1055 -4
1056 1056 -4
1057 1057 -4
1058 1059 2
1058 1060 2
1059 1058 2
1059 1060 4
1059 1061 6
1060 1058 2
1060 1059 4
1060 1061 6
1061 1059 2
1061 1060 2
1063 1063 -8
1063 1064 4
1064 1063 4
1064 1064 -12
1066 1067 2
1066 1070 2
1067 1066 2
1067 1068 2
1067 1070 2
1067 1071 2
1068 1067 2
1068 1069 2
1068 1071 2
1068 1072 2
1069 1068 2
1069 1070 2
1069 1071 2
1069 1072 2
1070 1066 2
1070 1067 2
1070 1069 2
1070 1071 2
1071 1067 2
1071 1068 2
1071 1069 2
1071 1070 2
1071 1072 4
1072 1068 2
1072 1069 2
1072 1071 4
1072 1072 4
1073 1073 4
1073 1074 2
1073 1076 2
1074 1073 2
1074 1074 4
1074 1075 2
1074 1077 2
1074 1079 2
1075 1074 2
1075 1075 4
1075 1076 2
1075 1078 2
1075 1081 2
1076 1073 2
1076 1075 2
1076 1076 4
1076 1077 -2
1076 1079 2
1077 1074 2
1077 1076 -2
1077 1077 4
1077 1078 2
1077 1081 -2
1078 1075 2
1078 1077 2
1078 1078 4
1078 1080 4
1079 1074 2
1079 1076 2
1079 1079 4
1080 1078 2
1080 1080 4
1080 1081 2
1081 1075 2
1081 1077 -2
1081 1080 4
1081 1081 4
1082 1083 4
1083 1082 4
1083 1084 4
1084 1083 4
1084 1084 4
1085 1085 4
1085 1086 2
1085 1088 2
1086 1085 2
1086 1086 4
1086 1087 2
1086 1088 -2
1086 1089 -2
1087 1086 2
1087 1087 4
1087 1088 2
1087 1089 4
1088 1085 2
1088 1086 -2
1088 1087 2
1088 1088 4
1088 1089 -2
1089 1086 -2
1089 1087 4
1089 1088 -2
1090 1090 -4
1090 1091 2
1090 1092 2
1091 1090 2
1091 1091 -4
1091 1092 2
1091 1093 2
1091 1094 2
1092 1090 2
1092 1091 2
1092 1092 -4
1092 1093 2
1092 1094 2
1093 1091 2
1093 1092 2
1093 1093 -4
1093 1094 4
1094 1091 2
1094 1092 2
1094 1093 4
1095 1096 4
1096 1095 4
1096 1097 4
1097 1096 4
1097 1097 -4
1098 1098 4
1099 1099 4
1100 1100 4
1101 1101 4
1102 1103 2
1102 1104 2
1103 1102 2
1103 1104 4
1103 1105 6
1104 1102 2
1104 1103 4
1104 1105 6
1105 1103 2
1105 1104 2
1106 1106 4
1106 1107 4
1107 1106 4
1107 1107 4
1110 1111 4
1110 1112 4
1111 1110 4
1111 1111 4
1111 1113 4
1112 1110 4
1112 1112 -4
1112 1113 4
1113 1111 4
1113 1112 4
1114 1114 -6
1115 1115 2
1115 1116 4
1116 1115 4
1116 1116 2
1116 1117 4
1117 1116 4
1117 1117 6
1118 1118 6
1119 1119 -6
1120 1120 -6
1121 1121 -6
1122 1122 -2
1122 1123 2
1122 1124 2
1123 1122 2
1123 1123 -2
1123 1124 4
1123 1125 6
1124 1122 2
1124 1123 4
1124 1124 -2
1124 1125 6
1125 1123 2
1125 1124 2
1125 1125 -2
1126 1126 2
1127 1127 -6
1128 1128 2
1128 1129 4
1129 1128 4
1129 1129 6
1130 1130 6
1131 1131 6
1132 1132 6
1133 1133 6
1134 1134 -2
1134 1135 2
1134 1136 2
1135 1134 2
1135 1135 -2
1135 1136 4
1135 1137 6
1136 1134 2
1136 1135 4
1136 1136 -2
1136 1137 6
1137 1135 2
1137 1136 2
1137 1137 -2
1138 1138 2
1138 1139 4
1139 1138 4
1139 1139 2
1140 1140 2
1141 1141 2
1142 1142 2
1142 1143 4
1143 1142 4
1143 1143 6
1144 1144 6
1144 1145 4
1145 1144 4
1145 1145 2
1146 1146 2
1147 1147 -10
1148 1148 -2
1148 1149 4
1149 1148 4
1149 1149 2
1150 1150 -2
1150 1151 4
1151 1150 4
1151 1151 2
1152 1152 2
1152 1153 4
1153 1152 4
1153 1153 -2
1154 1154 6
1155 1155 -10
1155 1156 4
1156 1155 4
1156 1156 -14
1157 1157 -2
1158 1158 2
1159 1159 -6
1160 1160 2
1161 1161 2
1162 1162 -8
1163 1163 -8
1164 1164 -8
1165 1165 -4
1165 1166 2
1165 1169 2
1166 1165 2
1166 1166 -4
1166 1167 2
1166 1169 2
1166 1170 2
1167 1166 2
1167 1167 -4
1167 1168 2
1167 1170 2
1167 1171 2
1168 1167 2
1168 1168 -4
1168 1169 2
1168 1170 2
1168 1171 2
1169 1165 2
1169 1166 2
1169 1168 2
1169 1169 -4
1169 1170 2
1170 1166 2
1170 1167 2
1170 1168 2
1170 1169 2
1170 1170 -4
1170 1171 4
1171 1167 2
1171 1168 2
1171 1170 4
1172 1172 -10
1173 1173 -2
1173 1174 4
1174 1173 4
1174 1174 -2
1174 1175 4
1175 1174 4
1175 1175 2
1176 1176 2
1177 1177 -10
1178 1178 -10
1179 1179 -10
1180 1180 -6
1180 1181 2
1180 1182 2
1181 1180 2
1181 1181 -6
1181 1182 4
1181 1183 6
1182 1180 2
1182 1181 4
1182 1182 -6
1182 1183 6
1183 1181 2
1183 1182 2
1183 1183 -6
1184 1184 -2
1185 1185 -10
1186 1186 -2
1186 1187 4
1187 1186 4
1187 1187 2
1188 1188 -2
1188 1189 4
1189 1188 4
1189 1189 -2
1189 1190 4
1190 1189 4
1190 1190 2
1191 1191 2
1191 1192 2
1191 1194 2
1192 1191 2
1192 1192 2
1192 1193 2
1192 1194 -2
1192 1195 -2
1193 1192 2
1193 1193 2
1193 1194 2
1193 1195 4
1194 1191 2
1194 1192 -2
1194 1193 2
1194 1194 2
1194 1195 -2
1195 1192 -2
1195 1193 4
1195 1194 -2
1195 1195 -2
1196 1196 2
1197 1197 2
1198 1198 2
1199 1199 2
1200 1200 -6
1200 1201 2
1200 1202 2
1201 1200 2
1201 1201 -6
1201 1202 4
1201 1203 6
1202 1200 2
1202 1201 4
1202 1202 -6
1202 1203 6
1203 1201 2
1203 1202 2
1203 1203 -6
1204 1204 -2
1204 1205 4
1205 1204 4
1205 1205 -2
1206 1206 -2
1207 1207 -2
1208 1208 -2
1208 1209 4
1209 1208 4
1209 1209 2
1210 1210 2
1210 1211 4
1211 1210 4
1211 1211 -2
1212 1212 4
1214 1214 -12
1215 1215 -4
1215 1216 4
1216 1215 4
1219 1219 -4
1219 1220 4
1220 1219 4
1221 1222 4
1222 1221 4
1222 1222 -4
1223 1223 4
1227 1227 -12
1228 1228 -4
1229 1229 4
1230 1230 4
1231 1231 4
1232 1232 4
1235 1235 -4
1235 1236 4
1236 1235 4
1237 1238 4
1238 1237 4
1238 1238 -4
1239 1239 4
1241 1241 8
1241 1242 4
1242 1241 4
1242 1242 12
1243 1244 4
1244 1243 4
1244 1244 -4
1245 1245 8
1246 1246 12
1247 1247 4
1251 1251 8
1252 1252 -4
1253 1253 -4
1254 1254 2
1255 1255 2
1256 1256 2
1257 1257 2
1258 1258 -2
1259 1259 -14
1260 1260 -2
1261 1261 -2
1262 1262 -14
1263 1263 -6
1263 1264 4
1264 1263 4
1264 1264 -6
1264 1265 4
1265 1264 4
1265 1265 -2
1267 1267 -4
1268 1268 -16
1269 1269 -8
1269 1270 4
1270 1269 4
1270 1270 -4
1275 1275 -4
1276 1276 -4
1277 1277 -8
1277 1278 4
1278 1277 4
1278 1278 -4
1279 1279 -4
1279 1280 4
1280 1279 4
1280 1280 -8
1282 1282 -2
1283 1283 -2
1284 1284 -2
1285 1285 -2
1286 1286 -6
1287 1287 -18
1288 1288 -2
1289 1289 -2
1290 1290 -2
1291 1291 -2
1292 1292 10
1293 1293 -2
1294 1294 6
1295 1295 -6
1296 1296 -6
1297 1297 -4
1298 1298 -4
1299 1299 8
1300 1300 -4
1301 1301 -4
1302 1302 -6
1303 1303 -6
1304 1304 -6
1305 1305 -6
1306 1306 -6
1307 1307 -6
1308 1308 -8
1309 1309 -8
1310 1310 4
1311 1311 -8
1312 1312 -10
1313 1313 -12
1314 1314 -10
1314 1315 2
1314 1321 2
1315 1314 2
1315 1315 -10
1315 1316 2
1315 1321 -2
1315 1322 -2
1316 1315 2
1316 1316 -10
1316 1317 2
1316 1322 2
1316 1323 -2
1317 1316 2
1317 1317 -10
1317 1318 2
1317 1323 2
1317 1324 -2
1318 1317 2
1318 1318 -10
1318 1319 2
1318 1324 2
1318 1325 -2
1319 1318 2
1319 1319 -10
1319 1320 2
1319 1325 2
1319 1326 -2
1320 1319 2
1320 1320 -10
1320 1321 2
1320 1322 2
1320 1326 2
1321 1314 2
1321 1315 -2
1321 1320 2
1321 1321 -10
1321 1322 -2
1322 1315 -2
1322 1316 2
1322 1320 2
1322 1321 -2
1322 1322 -10
1322 1323 2
1322 1326 -2
1323 1316 -2
1323 1317 2
1323 1322 2
1323 1323 -10
1323 1324 2
1323 1326 2
1323 1327 -2
1324 1317 -2
1324 1318 2
1324 1323 2
1324 1324 -10
1324 1325 2
1324 1327 2
1324 1328 -2
1325 1318 -2
1325 1319 2
1325 1324 2
1325 1325 -10
1325 1326 2
1325 1327 -2
1325 1328 2
1326 1319 -2
1326 1320 2
1326 1322 -2
1326 1323 2
1326 1325 2
1326 1326 -10
1326 1327 2
1327 1323 -2
1327 1324 2
1327 1325 -2
1327 1326 2
1327 1327 -10
1327 1328 4
1328 1324 -2
1328 1325 2
1328 1327 4
1328 1328 -14
1329 1329 -12
1330 1330 -12
1331 1331 -12
1332 1332 -12
1333 1333 -12
1334 1334 -8
1334 1335 2
1334 1340 2
1335 1334 2
1335 1335 -8
1335 1336 2
1335 1340 2
1335 1341 2
1336 1335 2
1336 1336 -8
1336 1337 2
1336 1341 2
1336 1342 2
1337 1336 2
1337 1337 -8
1337 1338 2
1337 1342 2
1337 1343 2
1338 1337 2
1338 1338 -8
1338 1339 2
1338 1343 2
1338 1344 2
1339 1338 2
1339 1339 -8
1339 1340 2
1339 1341 2
1339 1344 2
1340 1334 2
1340 1335 2
1340 1339 2
1340 1340 -8
1340 1341 2
1341 1335 2
1341 1336 2
1341 1339 2
1341 1340 2
1341 1341 -8
1341 1342 2
1341 1344 2
1342 1336 2
1342 1337 2
1342 1341 2
1342 1342 -8
1342 1343 2
1342 1344 2
1342 1345 2
1343 1337 2
1343 1338 2
1343 1342 2
1343 1343 -8
1343 1344 2
1343 1345 4
1344 1338 2
1344 1339 2
1344 1341 2
1344 1342 2
1344 1343 2
1344 1344 -8
1344 1345 2
1345 1342 2
1345 1343 4
1345 1344 2
1345 1345 -4
1346 1346 -14
1347 1347 -6
1347 1348 4
1348 1347 4
1348 1348 -6
1348 1349 4
1349 1348 4
1349 1349 -6
1349 1350 4
1350 1349 4
1350 1350 -2
1351 1351 -2
1352 1352 -14
1353 1353 -14
1354 1354 -14
1355 1355 -10
1355 1356 2
1355 1359 2
1356 1355 2
1356 1356 -10
1356 1357 2
1356 1359 2
1356 1360 2
1357 1356 2
1357 1357 -10
1357 1358 2
1357 1360 2
1357 1361 2
1358 1357 2
1358 1358 -10
1358 1359 2
1358 1360 2
1358 1361 2
1359 1355 2
1359 1356 2
1359 1358 2
1359 1359 -10
1359 1360 2
1360 1356 2
1360 1357 2
1360 1358 2
1360 1359 2
1360 1360 -10
1360 1361 4
1361 1357 2
1361 1358 2
1361 1360 4
1361 1361 -6
1362 1362 -6
1363 1363 -14
1364 1364 -6
1364 1365 4
1365 1364 4
1365 1365 -6
1365 1366 4
1366 1365 4
1366 1366 -2
1367 1367 -6
1367 1368 4
1368 1367 4
1368 1368 -2
1369 1369 -14
1370 1370 -14
1371 1371 -14
1372 1372 -10
1372 1373 2
1372 1374 2
1373 1372 2
1373 1373 -10
1373 1374 4
1373 1375 6
1374 1372 2
1374 1373 4
1374 1374 -10
1374 1375 6
1375 1373 2
1375 1374 2
1375 1375 -10
1376 1376 -18
1377 1377 -10
1377 1378 4
1378 1377 4
1378 1378 -10
1378 1379 4
1379 1378 4
1379 1379 -10
1379 1380 4
1380 1379 4
1380 1380 -6
1381 1381 -4
1382 1382 -8
1383 1383 -20
1384 1384 -12
1384 1385 4
1385 1384 4
1385 1385 -12
1385 1386 4
1386 1385 4
1386 1386 -8
1387 1387 -4
1388 1388 -12
1388 1389 4
1389 1388 4
1389 1389 -8
1390 1390 -20
1391 1391 -4
1392 1392 -4
1393 1393 -4
1394 1394 -4
1395 1395 -8
1396 1396 -8
1397 1397 -12
1397 1398 4
1398 1397 4
1398 1398 -12
1398 1399 4
1399 1398 4
1399 1399 -8
1400 1400 -8
1400 1401 2
1400 1403 2
1401 1400 2
1401 1401 -8
1401 1402 2
1401 1403 -2
1401 1404 -2
1402 1401 2
1402 1402 -8
1402 1403 2
1402 1404 4
1403 1400 2
1403 1401 -2
1403 1402 2
1403 1403 -8
1403 1404 -2
1404 1401 -2
1404 1402 4
1404 1403 -2
1404 1404 -12
1405 1405 -4
1406 1406 -4
1407 1407 -4
1408 1408 -4
1409 1409 -8
1409 1410 4
1410 1409 4
1410 1410 -12
1411 1411 -12
1411 1412 4
1412 1411 4
1412 1412 -8
1413 1413 -6
1414 1414 -6
1415 1415 -6
1416 1416 -6
1417 1417 -6
1418 1418 -6
1419 1419 -6
1420 1420 -6
1421 1421 -6
1422 1422 -10
1423 1423 -10
1424 1424 -10
1425 1425 -22
1426 1426 -14
1426 1427 4
1427 1426 4
1427 1427 -10
1428 1428 -6
1429 1429 -8
1430 1430 -10
1431 1431 -10
1432 1432 -10
1433 1433 -10
1434 1434 -10
1435 1435 -10
1436 1436 -10
1437 1437 -10
1438 1438 -10
1439 1439 -10
1440 1440 -10
1441 1441 -12
1442 1442 -12
1443 1443 -12
1444 1444 -12
1445 1445 -12
1446 1446 -12
1448 1448 -12
1449 1449 -4
1449 1450 4
1450 1449 4
1452 1452 -12
1453 1453 -12
1454 1454 -14
1455 1455 -14
1456 1456 -16
1457 1457 -16
1458 1458 -16
1459 1459 -2
1460 1460 -18
1461 1461 -22
1462 1462 -12
1463 1463 -14
1464 1464 -14
1465 1465 -14
1466 1466 -14
1467 1467 -18
1468 1468 -20
1469 1469 -20
1470 1470 -20
1471 1471 -20
1472 1472 -22
1473 1473 -12
1473 1473 0
