1 2 32
1 3 56
1 4 72
1 5 80
2 1 36
2 6 56
2 7 48
2 8 60
2 9 64
3 1 36
3 6 4
3 7 24
3 10 80
3 11 48
4 1 36
4 7 8
4 8 20
4 11 32
4 12 108
5 1 36
5 8 12
5 9 32
5 10 16
5 11 24
6 2 32
6 3 4
6 13 72
6 14 40
6 15 48
7 2 32
7 3 28
7 4 12
7 13 12
7 14 40
7 16 64
7 17 36
8 2 32
8 4 24
8 5 16
8 14 16
8 15 32
8 17 48
9 2 16
9 5 20
9 15 24
9 16 16
10 3 28
10 5 8
10 14 4
10 16 16
10 18 72
11 3 28
11 4 24
11 5 20
11 15 4
11 16 16
11 17 24
11 18 48
12 4 12
12 17 8
13 6 28
13 7 4
13 19 80
13 20 32
13 21 36
14 6 28
14 7 24
14 8 12
14 10 8
14 19 24
14 20 48
14 22 48
15 6 28
15 8 20
15 9 32
15 11 4
15 20 24
15 21 72
15 22 16
16 7 24
16 9 16
16 10 20
16 11 12
16 20 12
16 22 24
16 23 96
17 7 12
17 8 20
17 11 16
17 12 36
17 21 12
17 22 32
18 10 20
18 11 8
18 22 4
18 23 32
19 13 24
19 14 4
19 24 80
19 25 24
20 13 24
20 14 20
20 15 12
20 16 8
20 24 40
20 25 48
20 26 48
21 13 12
21 15 16
21 17 4
21 25 32
22 14 20
22 15 8
22 16 16
22 17 24
22 18 12
22 25 24
22 26 72
23 16 8
23 18 12
23 26 12
24 19 20
24 20 4
24 27 72
24 28 16
25 19 20
25 20 16
25 21 24
25 22 8
25 27 60
25 28 80
26 20 8
26 22 12
26 23 16
26 28 40
27 24 16
27 25 4
27 29 56
28 24 8
28 25 12
28 26 12
28 29 84
29 27 12
29 28 8
29 30 144
30 29 4
31 35 28
31 39 48
31 43 60
31 46 48
31 47 64
31 50 60
32 35 4
32 36 24
32 40 40
32 44 48
32 46 -24
32 48 48
33 36 8
33 37 20
33 39 8
33 41 32
33 48 -32
33 50 -20
34 37 12
34 40 16
34 41 -24
34 43 12
34 44 -24
34 47 -16
35 31 28
35 32 4
35 51 48
35 55 40
35 58 48
35 61 40
35 62 48
36 32 24
36 33 8
36 51 8
36 52 40
36 56 32
36 59 36
36 61 -20
37 33 20
37 34 12
37 52 16
37 53 32
37 55 8
37 59 -24
37 62 -16
38 54 28
38 63 48
38 64 48
38 65 60
38 66 60
38 67 64
39 31 24
39 33 4
39 51 4
39 55 20
39 68 64
39 71 36
39 73 32
40 32 20
40 34 8
40 52 4
40 55 4
40 56 16
40 69 48
40 73 -16
41 33 16
41 34 -12
41 53 4
41 56 8
41 68 16
41 69 -32
41 71 -12
42 54 4
42 57 24
42 64 -24
42 70 40
42 74 48
42 75 48
43 31 20
43 34 4
43 55 8
43 58 16
43 71 24
43 76 48
44 32 16
44 34 -8
44 56 8
44 58 4
44 59 12
44 76 -24
45 57 8
45 60 20
45 63 8
45 66 -20
45 72 32
45 75 -32
46 31 8
46 32 -4
46 61 20
46 73 32
46 76 36
47 31 16
47 34 -4
47 58 12
47 62 12
47 68 16
47 73 16
48 32 12
48 33 -8
48 59 12
48 62 4
48 69 16
48 73 -8
49 60 12
49 65 12
49 67 -16
49 70 16
49 72 -24
49 74 -24
50 31 12
50 33 -4
50 61 8
50 62 16
50 71 24
51 35 24
51 36 4
51 39 4
51 77 60
51 80 32
51 83 36
51 85 32
52 36 20
52 37 8
52 40 4
52 77 12
52 78 48
52 81 24
52 85 -16
53 37 16
53 41 4
53 78 24
53 80 8
53 81 -16
53 83 -12
54 38 28
54 42 4
54 79 48
54 86 40
54 87 40
54 88 48
54 89 48
55 35 20
55 37 4
55 39 20
55 40 4
55 43 12
55 77 12
55 80 32
55 90 48
55 92 24
56 36 16
56 40 16
56 41 8
56 44 12
56 78 12
56 80 8
56 81 24
56 92 -12
57 42 24
57 45 8
57 79 8
57 82 40
57 87 -20
57 91 32
57 93 36
58 35 16
58 43 16
58 44 4
58 47 16
58 80 16
58 83 24
58 92 16
59 36 12
59 37 -8
59 44 12
59 48 16
59 81 16
59 83 8
59 92 -8
60 45 20
60 49 12
60 82 16
60 84 32
60 86 8
60 89 -16
60 93 -24
61 35 8
61 36 -4
61 46 24
61 50 8
61 85 32
61 92 24
62 35 12
62 37 -4
62 47 12
62 48 4
62 50 20
62 83 24
62 85 16
62 90 16
63 38 24
63 45 4
63 79 4
63 86 20
63 94 64
63 95 32
63 96 36
64 38 8
64 42 -4
64 87 20
64 95 32
64 97 36
65 38 20
65 49 4
65 86 8
65 88 16
65 96 24
65 97 48
66 38 12
66 45 -4
66 87 8
66 89 16
66 96 24
67 38 16
67 49 -4
67 88 12
67 89 12
67 94 16
67 95 16
68 39 16
68 41 4
68 47 8
68 80 4
68 90 12
68 98 48
69 40 12
69 41 -8
69 48 8
69 81 4
69 90 4
69 98 -24
70 42 20
70 49 8
70 82 4
70 86 4
70 91 16
70 95 -16
70 99 48
71 39 12
71 41 -4
71 43 12
71 50 20
71 83 4
71 90 16
71 92 8
72 45 16
72 49 -12
72 84 4
72 91 8
72 94 16
72 96 -12
72 99 -32
73 39 8
73 40 -4
73 46 24
73 47 8
73 48 -4
73 85 4
73 92 12
73 98 48
74 42 16
74 49 -8
74 88 4
74 91 8
74 93 12
74 97 -24
75 42 12
75 45 -8
75 89 4
75 93 12
75 95 -8
75 99 16
76 43 8
76 44 -4
76 46 12
76 92 8
77 51 20
77 52 4
77 55 4
77 100 64
77 103 24
77 105 24
78 52 16
78 53 8
78 56 4
78 100 16
78 101 48
78 105 -12
79 54 24
79 57 4
79 63 4
79 102 60
79 106 32
79 107 32
79 108 36
80 51 16
80 53 4
80 55 16
80 56 4
80 58 12
80 68 8
80 100 24
80 103 36
80 109 32
81 52 12
81 53 -8
81 56 12
81 59 12
81 69 8
81 101 24
81 103 12
81 109 -16
82 57 20
82 60 8
82 70 4
82 102 12
82 104 48
82 107 -16
82 110 24
83 51 12
83 53 -4
83 58 12
83 59 4
83 62 16
83 71 4
83 103 24
83 105 24
84 60 16
84 72 4
84 104 24
84 106 8
84 108 -12
84 110 -16
85 51 8
85 52 -4
85 61 20
85 62 8
85 73 4
85 105 36
85 109 16
86 54 20
86 60 4
86 63 20
86 65 12
86 70 4
86 102 12
86 106 32
86 111 48
86 112 24
87 54 8
87 57 -4
87 64 24
87 66 8
87 107 32
87 112 24
88 54 16
88 65 16
88 67 16
88 74 4
88 106 16
88 108 24
88 112 16
89 54 12
89 60 -4
89 66 20
89 67 12
89 75 4
89 107 16
89 108 24
89 111 16
90 55 12
90 62 8
90 68 12
90 69 4
90 71 12
90 103 12
90 109 16
91 57 16
91 70 16
91 72 8
91 74 12
91 104 12
91 106 8
91 110 24
91 112 -12
92 55 8
92 56 -4
92 58 8
92 59 -4
92 61 20
92 71 8
92 73 16
92 76 24
92 105 12
92 109 32
93 57 12
93 60 -8
93 74 12
93 75 16
93 108 8
93 110 16
93 112 -8
94 63 16
94 67 8
94 72 4
94 106 4
94 111 12
94 113 48
95 63 8
95 64 24
95 67 8
95 70 -4
95 75 -4
95 107 4
95 112 12
95 113 48
96 63 12
96 65 12
96 66 20
96 72 -4
96 108 4
96 111 16
96 112 8
97 64 12
97 65 8
97 74 -4
97 112 8
98 68 8
98 69 -4
98 73 8
98 109 4
99 70 12
99 72 -8
99 75 8
99 110 4
99 111 4
99 113 -24
100 77 16
100 78 4
100 80 4
100 114 60
100 116 16
101 78 12
101 81 4
101 114 20
101 116 -8
102 79 20
102 82 4
102 86 4
102 115 64
102 118 24
102 119 24
103 77 12
103 80 12
103 81 4
103 83 12
103 90 8
103 114 40
103 116 32
104 82 16
104 84 8
104 91 4
104 115 16
104 117 48
104 119 -12
105 77 8
105 78 -4
105 83 8
105 85 16
105 92 4
105 116 32
106 79 16
106 84 4
106 86 16
106 88 12
106 91 4
106 94 8
106 115 24
106 118 36
106 120 32
107 79 8
107 82 -4
107 87 20
107 89 8
107 95 4
107 119 36
107 120 16
108 79 12
108 84 -4
108 88 12
108 89 16
108 93 4
108 96 4
108 118 24
108 119 24
109 80 8
109 81 -4
109 85 8
109 90 8
109 92 12
109 98 12
109 116 24
110 82 12
110 84 -8
110 91 12
110 93 12
110 99 8
110 117 24
110 118 12
110 120 -16
111 86 12
111 89 8
111 94 12
111 96 12
111 99 4
111 118 12
111 120 16
112 86 8
112 87 20
112 88 8
112 91 -4
112 93 -4
112 95 16
112 96 8
112 97 24
112 119 12
112 120 32
113 94 8
113 95 8
113 99 -4
113 120 4
114 100 12
114 101 4
114 103 4
114 121 48
115 102 16
115 104 4
115 106 4
115 122 60
115 123 16
116 100 8
116 101 -4
116 103 8
116 105 12
116 109 8
116 121 60
117 104 12
117 110 4
117 122 20
117 123 -8
118 102 12
118 106 12
118 108 12
118 110 4
118 111 8
118 122 40
118 123 32
119 102 8
119 104 -4
119 107 16
119 108 8
119 112 4
119 123 32
120 106 8
120 107 8
120 110 -4
120 111 8
120 112 12
120 113 12
120 123 24
121 114 8
121 116 4
122 115 12
122 117 4
122 118 4
122 124 48
123 115 8
123 117 -4
123 118 8
123 119 12
123 120 8
123 124 60
124 122 8
124 123 4
125 139 20
125 155 32
125 165 36
125 172 8
125 175 32
125 178 8
126 139 4
126 140 16
126 148 4
126 149 -4
126 156 24
126 160 4
126 161 -4
126 166 24
126 168 8
126 169 -4
126 173 4
126 174 -12
126 175 -16
126 176 8
126 177 -4
126 179 4
126 180 -4
127 139 4
127 141 16
127 157 24
127 161 4
127 162 -4
127 167 48
127 169 4
127 170 -4
127 172 12
127 175 16
127 178 16
128 139 4
128 142 16
128 148 -4
128 150 4
128 158 24
128 160 -4
128 162 4
128 166 -24
128 168 -8
128 170 4
128 173 4
128 174 12
128 175 -16
128 176 -8
128 177 4
128 179 4
128 180 4
129 140 8
129 143 12
129 148 4
129 151 -4
129 155 8
129 158 -16
129 160 8
129 161 -4
129 163 -4
129 165 -12
129 168 8
129 170 -4
129 173 4
129 174 -12
129 176 8
129 179 -4
129 180 -8
130 140 4
130 141 4
130 144 12
130 149 4
130 151 -4
130 159 16
130 161 4
130 164 -4
130 166 -12
130 168 -4
130 169 8
130 171 -12
130 172 -4
130 173 4
130 177 4
130 179 8
130 180 -4
131 140 4
131 142 4
131 145 12
131 149 -4
131 150 4
131 159 -16
131 161 -4
131 162 4
131 167 -24
131 169 -8
131 170 8
131 178 4
132 141 8
132 146 24
132 155 8
132 157 16
132 161 -4
132 162 4
132 165 12
132 169 -4
132 170 4
132 172 16
132 178 20
133 141 4
133 142 4
133 147 12
133 150 -4
133 153 4
133 159 16
133 162 -4
133 164 4
133 166 12
133 168 4
133 170 -8
133 171 12
133 172 -4
133 173 4
133 177 -4
133 179 8
133 180 4
134 142 8
134 143 -12
134 148 -4
134 153 4
134 155 8
134 156 -16
134 160 -8
134 162 4
134 163 4
134 165 -12
134 168 -8
134 169 4
134 173 4
134 174 12
134 176 -8
134 179 -4
134 180 8
135 143 4
135 144 8
135 145 -8
135 149 4
135 153 -4
135 156 -8
135 157 8
135 161 8
135 163 -4
135 164 -4
135 176 -4
135 177 8
135 178 -4
135 179 -4
135 180 -4
136 143 4
136 145 8
136 147 -8
136 150 4
136 151 -4
136 157 -8
136 158 8
136 162 8
136 163 -4
136 164 -4
136 176 -4
136 177 8
136 178 4
136 179 4
136 180 -4
137 144 8
137 146 8
137 147 8
137 151 4
137 153 -4
137 156 8
137 158 8
137 169 -4
137 170 4
137 172 -4
137 173 8
137 179 4
138 144 4
138 145 4
138 147 4
138 159 -8
138 169 4
138 170 -4
138 173 -8
138 179 4
139 125 20
139 126 4
139 127 4
139 128 4
139 181 32
139 191 24
139 198 24
139 201 8
139 205 8
140 126 16
140 129 8
140 130 4
140 131 4
140 181 8
140 182 24
140 186 4
140 187 -4
140 192 16
140 194 4
140 195 -4
140 198 -12
140 199 8
140 200 -4
140 202 4
140 203 -12
140 204 4
141 127 16
141 130 4
141 132 8
141 133 4
141 181 8
141 183 24
141 193 32
141 195 4
141 196 -4
141 198 12
141 201 12
141 205 16
142 128 16
142 131 4
142 133 4
142 134 8
142 181 8
142 184 24
142 186 -4
142 188 4
142 192 -16
142 194 -4
142 196 4
142 198 -12
142 199 -8
142 200 4
142 202 4
142 203 12
142 204 -4
143 129 12
143 134 -12
143 135 4
143 136 4
143 182 16
143 184 -16
143 186 4
143 189 -4
143 194 8
143 195 -4
143 196 -4
143 199 4
143 203 -12
143 204 8
144 130 12
144 135 8
144 137 8
144 138 4
144 182 8
144 183 8
144 185 16
144 187 4
144 189 -4
144 192 -8
144 195 4
144 197 -12
144 199 -4
144 200 4
144 201 -4
144 202 4
144 204 4
145 131 12
145 135 -8
145 136 8
145 138 4
145 182 8
145 184 8
145 185 -16
145 187 -4
145 188 4
145 193 -16
145 195 -4
145 196 4
145 205 8
146 132 12
146 137 4
146 183 16
146 191 8
146 195 -4
146 196 4
146 201 8
146 205 8
147 133 12
147 136 -8
147 137 8
147 138 4
147 183 8
147 184 8
147 185 16
147 188 -4
147 189 4
147 192 8
147 196 -4
147 197 12
147 199 4
147 200 -4
147 201 -4
147 202 4
147 204 -4
148 126 4
148 128 -4
148 129 4
148 134 -4
148 186 20
148 206 32
148 210 8
148 212 36
148 214 8
148 216 8
148 217 60
148 218 32
148 219 8
149 126 -4
149 130 4
149 131 -4
149 135 4
149 186 4
149 187 16
149 207 24
149 210 4
149 211 4
149 213 24
149 214 8
149 215 4
149 216 4
149 218 16
149 219 8
150 128 4
150 131 4
150 133 -4
150 136 4
150 186 4
150 188 16
150 208 24
150 210 4
150 211 4
150 213 24
150 214 8
150 215 4
150 216 4
150 218 16
150 219 8
151 129 -4
151 130 -4
151 136 -4
151 137 4
151 187 8
151 189 12
151 206 8
151 208 16
151 210 8
151 211 -4
151 212 12
151 214 8
151 215 -4
151 216 8
151 219 8
152 187 4
152 188 4
152 190 12
152 209 48
152 211 8
152 213 12
152 214 -4
152 215 16
152 216 -8
153 133 4
153 134 4
153 135 -4
153 137 -4
153 188 8
153 189 12
153 206 8
153 207 16
153 210 8
153 211 -4
153 212 12
153 214 8
153 215 -4
153 216 8
153 219 8
154 189 4
154 190 16
154 207 8
154 208 8
154 211 8
154 215 -4
154 216 -4
154 219 -8
155 125 16
155 129 4
155 132 4
155 134 4
155 181 4
155 191 12
155 220 32
155 224 8
156 126 12
156 134 -8
156 135 -4
156 137 4
156 182 4
156 191 4
156 192 8
156 206 4
156 207 -4
156 220 -16
156 221 4
156 222 -4
156 223 4
156 225 -12
157 127 12
157 132 8
157 135 4
157 136 -4
157 183 4
157 191 4
157 193 16
157 220 16
157 224 12
158 128 12
158 129 -8
158 136 4
158 137 4
158 184 4
158 191 4
158 192 -8
158 206 -4
158 208 4
158 220 -16
158 221 -4
158 222 4
158 223 -4
158 225 12
159 130 8
159 131 -8
159 133 8
159 138 -4
159 185 4
159 193 8
159 207 4
159 208 -4
159 224 -4
160 126 4
160 128 -4
160 129 8
160 134 -8
160 186 4
160 194 16
160 210 -4
160 221 24
160 226 24
160 227 8
160 228 8
160 229 48
161 126 -4
161 127 4
161 129 -4
161 130 4
161 131 -4
161 132 -4
161 135 8
161 187 4
161 194 4
161 195 12
161 210 -4
161 222 16
161 226 12
161 227 8
161 228 4
162 127 -4
162 128 4
162 131 4
162 132 4
162 133 -4
162 134 4
162 136 8
162 188 4
162 194 4
162 196 12
162 210 -4
162 222 16
162 226 12
162 227 8
162 228 4
163 129 -4
163 134 4
163 135 -4
163 136 -4
163 189 4
163 195 8
163 196 8
163 210 -4
163 221 16
163 227 4
163 228 8
164 130 -4
164 133 4
164 135 -4
164 136 -4
164 190 4
164 195 4
164 196 4
164 197 24
164 211 -8
164 222 8
164 227 -4
164 228 -8
165 125 12
165 129 -4
165 132 4
165 134 -4
165 191 8
165 198 8
165 231 8
166 126 8
166 128 -8
166 130 -4
166 133 4
166 192 8
166 212 4
166 213 -4
166 230 12
167 127 8
167 131 -4
167 193 8
167 198 4
167 231 4
168 126 8
168 128 -8
168 129 8
168 130 -4
168 133 4
168 134 -8
168 194 8
168 199 12
168 206 8
168 214 -4
168 223 16
168 227 -8
168 230 36
169 126 -4
169 127 4
169 130 8
169 131 -8
169 132 -4
169 134 4
169 137 -4
169 138 4
169 195 8
169 199 4
169 200 8
169 207 8
169 214 -4
169 223 8
169 227 -4
170 127 -4
170 128 4
170 129 -4
170 131 8
170 132 4
170 133 -8
170 137 4
170 138 -4
170 196 8
170 199 4
170 200 8
170 208 8
170 214 -4
170 223 8
170 227 -4
171 130 -4
171 133 4
171 197 8
171 200 4
171 209 8
171 215 -4
172 125 8
172 127 12
172 130 -4
172 132 16
172 133 -4
172 137 -4
172 201 16
172 224 24
172 231 48
173 126 4
173 128 4
173 129 4
173 130 4
173 133 4
173 134 4
173 137 8
173 138 -8
173 201 4
173 202 12
173 231 -24
174 126 -4
174 128 4
174 129 -4
174 134 4
174 203 20
174 217 -20
174 225 32
174 229 -32
174 230 -36
175 125 8
175 126 -4
175 127 4
175 128 -4
175 198 12
175 220 16
176 126 8
176 128 -8
176 129 8
176 134 -8
176 135 -4
176 136 -4
176 199 12
176 204 8
176 212 12
176 219 -4
176 221 16
176 225 -24
176 228 -8
177 126 -4
177 128 4
177 130 4
177 133 -4
177 135 8
177 136 8
177 200 12
177 204 8
177 213 12
177 219 -4
177 222 16
178 125 8
178 127 16
178 131 4
178 132 20
178 135 -4
178 136 4
178 201 8
178 205 24
178 224 16
179 126 4
179 128 4
179 129 -4
179 130 8
179 133 8
179 134 -4
179 135 -4
179 136 4
179 137 4
179 138 4
179 202 8
179 205 8
179 224 -8
180 126 -4
180 128 4
180 129 -8
180 130 -4
180 133 4
180 134 8
180 135 -4
180 136 -4
180 203 12
180 204 -16
180 216 4
180 218 -16
180 223 -24
180 226 -24
181 139 16
181 140 4
181 141 4
181 142 4
181 155 4
181 232 36
181 239 16
181 243 8
182 140 12
182 143 8
182 144 4
182 145 4
182 156 4
182 232 12
182 233 24
182 235 4
182 236 -4
182 239 -8
182 240 4
182 241 -4
182 242 4
182 244 -12
183 141 12
183 144 4
183 146 16
183 147 4
183 157 4
183 232 12
183 234 48
183 239 8
183 243 12
184 142 12
184 143 -8
184 145 4
184 147 4
184 158 4
184 232 12
184 233 -24
184 235 -4
184 237 4
184 239 -8
184 240 -4
184 241 4
184 242 -4
184 244 12
185 144 8
185 145 -8
185 147 8
185 159 4
185 234 24
185 236 4
185 237 -4
185 243 -4
186 140 4
186 142 -4
186 143 4
186 148 20
186 149 4
186 150 4
186 160 4
186 235 32
186 245 24
186 247 8
186 249 24
186 250 8
186 251 8
186 252 48
187 140 -4
187 144 4
187 145 -4
187 149 16
187 151 8
187 152 4
187 161 4
187 235 8
187 236 24
187 246 16
187 247 4
187 248 4
187 249 12
187 250 8
187 251 4
188 142 4
188 145 4
188 147 -4
188 150 16
188 152 4
188 153 8
188 162 4
188 235 8
188 237 24
188 246 16
188 247 4
188 248 4
188 249 12
188 250 8
188 251 4
189 143 -4
189 144 -4
189 147 4
189 151 12
189 153 12
189 154 4
189 163 4
189 236 16
189 237 16
189 245 16
189 247 8
189 248 -8
189 250 4
189 251 8
190 152 12
190 154 16
190 164 4
190 236 8
190 237 8
190 238 48
190 246 8
190 248 8
190 250 -4
190 251 -8
191 139 12
191 146 8
191 155 12
191 156 4
191 157 4
191 158 4
191 165 12
191 232 12
191 239 16
191 255 8
192 140 8
192 142 -8
192 144 -4
192 147 4
192 156 8
192 158 -8
192 166 12
192 233 12
192 245 4
192 246 -4
192 254 12
193 141 8
193 145 -4
193 157 8
193 159 4
193 167 12
193 234 12
193 239 8
193 255 4
194 140 4
194 142 -4
194 143 8
194 160 16
194 161 4
194 162 4
194 168 8
194 235 8
194 240 24
194 247 -4
194 253 16
194 256 36
194 257 8
195 140 -4
195 141 4
195 143 -4
195 144 4
195 145 -4
195 146 -8
195 161 12
195 163 8
195 164 4
195 169 8
195 236 8
195 240 8
195 241 16
195 247 -4
195 253 8
195 257 4
196 141 -4
196 142 4
196 143 -4
196 145 4
196 146 8
196 147 -4
196 162 12
196 163 8
196 164 4
196 170 8
196 237 8
196 240 8
196 241 16
196 247 -4
196 253 8
196 257 4
197 144 -4
197 147 4
197 164 8
197 171 8
197 238 8
197 241 8
197 248 -4
197 257 -4
198 139 8
198 140 -4
198 141 4
198 142 -4
198 165 8
198 167 8
198 175 16
198 239 16
199 140 8
199 142 -8
199 143 4
199 144 -4
199 147 4
199 168 12
199 169 4
199 170 4
199 176 12
199 240 16
199 242 16
199 245 8
199 250 -4
199 254 24
199 257 -8
200 140 -4
200 142 4
200 144 4
200 147 -4
200 169 8
200 170 8
200 171 12
200 177 12
200 241 16
200 242 16
200 246 8
200 250 -4
201 139 8
201 141 12
201 144 -4
201 146 16
201 147 -4
201 172 16
201 173 4
201 178 8
201 243 24
201 255 32
202 140 4
202 142 4
202 144 4
202 147 4
202 173 12
202 179 8
202 243 8
202 255 -16
203 140 -4
203 142 4
203 143 -4
203 174 20
203 180 4
203 244 32
203 252 -16
203 254 -24
203 256 -24
204 140 4
204 142 -4
204 143 8
204 144 4
204 147 -4
204 176 8
204 177 8
204 180 -16
204 242 24
204 244 -24
204 249 12
204 251 -4
204 253 16
205 139 4
205 141 8
205 145 4
205 146 8
205 178 12
205 179 4
205 243 16
206 148 16
206 151 4
206 153 4
206 156 4
206 158 -4
206 168 4
206 235 4
206 245 12
206 258 32
206 259 8
206 260 36
206 261 8
207 149 12
207 153 8
207 154 4
207 156 -4
207 159 4
207 169 4
207 236 4
207 245 4
207 246 8
207 258 16
207 259 4
207 261 4
208 150 12
208 151 8
208 154 4
208 158 4
208 159 -4
208 170 4
208 237 4
208 245 4
208 246 8
208 258 16
208 259 4
208 261 4
209 152 8
209 171 4
209 238 4
209 246 4
209 261 -4
210 148 8
210 149 4
210 150 4
210 151 8
210 153 8
210 160 -4
210 161 -4
210 162 -4
210 163 -4
210 247 16
210 259 24
210 262 24
211 149 4
211 150 4
211 151 -4
211 152 8
211 153 -4
211 154 8
211 164 -8
211 247 4
211 248 12
211 262 -12
212 148 12
212 151 4
212 153 4
212 166 4
212 176 4
212 245 8
212 249 8
212 260 24
212 262 8
213 149 8
213 150 8
213 152 4
213 166 -4
213 177 4
213 246 8
213 249 8
214 148 8
214 149 8
214 150 8
214 151 8
214 152 -4
214 153 8
214 168 -4
214 169 -4
214 170 -4
214 247 8
214 250 12
214 261 16
215 149 4
215 150 4
215 151 -4
215 152 16
215 153 -4
215 154 -4
215 171 -12
215 248 8
215 250 4
215 261 -8
216 148 8
216 149 4
216 150 4
216 151 8
216 152 -8
216 153 8
216 154 -4
216 180 4
216 251 16
216 261 24
216 262 24
217 148 4
217 174 -4
217 252 16
217 260 24
218 148 8
218 149 4
218 150 4
218 180 -4
218 249 12
218 252 12
218 258 16
219 148 8
219 149 8
219 150 8
219 151 8
219 153 8
219 154 -8
219 176 -4
219 177 -4
219 250 12
219 251 8
219 259 16
220 155 8
220 156 -4
220 157 4
220 158 -4
220 175 8
220 239 4
221 156 4
221 158 -4
221 160 12
221 163 8
221 176 8
221 240 4
221 245 4
221 253 8
221 259 -4
221 263 48
222 156 -4
222 158 4
222 161 8
222 162 8
222 164 4
222 177 8
222 241 4
222 246 4
222 253 8
222 259 -4
223 156 4
223 158 -4
223 168 8
223 169 4
223 170 4
223 180 -12
223 242 4
223 253 8
223 254 12
223 258 16
223 261 -4
224 155 8
224 157 12
224 159 -4
224 172 12
224 178 8
224 179 -4
224 243 4
224 255 16
225 156 -4
225 158 4
225 174 16
225 176 -4
225 244 4
225 254 -12
225 260 -12
225 263 -32
226 160 8
226 161 4
226 162 4
226 180 -8
226 249 4
226 253 8
226 256 12
226 262 -4
227 160 8
227 161 8
227 162 8
227 163 4
227 164 -4
227 168 -8
227 169 -4
227 170 -4
227 250 4
227 257 8
227 259 -8
228 160 8
228 161 4
228 162 4
228 163 8
228 164 -8
228 176 -8
228 251 4
228 257 12
228 262 -12
229 160 4
229 174 -8
229 252 4
229 256 12
229 263 16
230 166 4
230 168 4
230 174 -12
230 254 8
230 256 8
230 260 8
231 165 4
231 167 4
231 172 8
231 173 -4
231 255 8
232 181 12
232 182 4
232 183 4
232 184 4
232 191 4
232 264 32
232 269 8
233 182 8
233 184 -8
233 192 4
233 265 4
233 266 -4
233 268 12
234 183 8
234 185 4
234 193 4
234 264 16
234 269 4
235 182 4
235 184 -4
235 186 16
235 187 4
235 188 4
235 194 4
235 206 4
235 265 36
235 270 16
235 271 8
235 272 36
235 273 8
236 182 -4
236 185 4
236 187 12
236 189 8
236 190 4
236 195 4
236 207 4
236 265 12
236 266 24
236 270 8
236 271 4
236 273 4
237 184 4
237 185 -4
237 188 12
237 189 8
237 190 4
237 196 4
237 208 4
237 265 12
237 266 24
237 270 8
237 271 4
237 273 4
238 190 8
238 197 4
238 209 4
238 266 12
238 273 -4
239 181 8
239 182 -4
239 183 4
239 184 -4
239 191 8
239 193 8
239 198 12
239 220 8
239 264 24
240 182 4
240 184 -4
240 194 12
240 195 4
240 196 4
240 199 8
240 221 4
240 265 12
240 267 24
240 271 -4
240 274 24
241 182 -4
241 184 4
241 195 8
241 196 8
241 197 12
241 200 8
241 222 4
241 266 12
241 267 24
241 271 -4
242 182 4
242 184 -4
242 199 8
242 200 8
242 204 12
242 223 4
242 267 24
242 268 36
242 270 8
242 273 -4
243 181 8
243 183 12
243 185 -4
243 201 12
243 202 4
243 205 16
243 224 4
243 269 48
244 182 -4
244 184 4
244 203 16
244 204 -4
244 225 4
244 268 -36
244 272 -12
244 274 -16
245 186 12
245 189 8
245 192 4
245 199 4
245 206 12
245 207 4
245 208 4
245 212 12
245 221 4
245 265 12
245 270 16
245 275 48
245 276 8
246 187 8
246 188 8
246 190 4
246 192 -4
246 200 4
246 207 8
246 208 8
246 209 12
246 213 12
246 222 4
246 266 12
246 270 16
247 186 8
247 187 4
247 188 4
247 189 8
247 194 -4
247 195 -4
247 196 -4
247 210 16
247 211 4
247 214 8
247 271 24
247 276 16
248 187 4
248 188 4
248 189 -8
248 190 8
248 197 -12
248 211 12
248 215 8
248 271 8
248 276 -8
249 186 8
249 187 4
249 188 4
249 204 4
249 212 8
249 213 8
249 218 16
249 226 4
249 270 16
249 272 24
250 186 8
250 187 8
250 188 8
250 189 4
250 190 -4
250 199 -4
250 200 -4
250 214 12
250 215 4
250 219 12
250 227 4
250 271 16
250 273 16
251 186 8
251 187 4
251 188 4
251 189 8
251 190 -8
251 204 -4
251 216 16
251 219 8
251 228 4
251 273 24
251 276 16
252 186 4
252 203 -4
252 217 20
252 218 4
252 229 4
252 272 24
252 275 16
253 194 8
253 195 4
253 196 4
253 204 8
253 221 8
253 222 8
253 223 8
253 226 12
253 267 12
253 270 8
253 274 24
253 276 -4
254 192 4
254 199 4
254 203 -12
254 223 4
254 225 -12
254 230 12
254 268 12
254 274 16
254 275 16
255 191 4
255 193 4
255 201 8
255 202 -4
255 224 8
255 231 12
255 269 12
256 194 4
256 203 -8
256 226 4
256 229 16
256 230 8
256 272 8
256 274 16
257 194 8
257 195 4
257 196 4
257 197 -12
257 199 -8
257 227 8
257 228 12
257 273 8
257 276 -8
258 206 8
258 207 4
258 208 4
258 218 8
258 223 4
258 270 4
258 275 12
259 206 8
259 207 4
259 208 4
259 210 12
259 219 8
259 221 -4
259 222 -4
259 227 -4
259 271 4
259 276 8
260 206 4
260 212 4
260 217 20
260 225 -4
260 230 4
260 272 4
260 275 16
261 206 8
261 207 4
261 208 4
261 209 -12
261 214 8
261 215 -4
261 216 12
261 223 -4
261 273 4
261 276 8
262 210 8
262 211 -4
262 212 8
262 216 8
262 226 -4
262 228 -4
262 276 8
263 221 4
263 225 -8
263 229 8
263 274 4
263 275 4
264 232 8
264 234 8
264 239 4
265 233 4
265 235 12
265 236 4
265 237 4
265 240 4
265 245 4
265 277 32
265 279 24
265 280 8
266 233 -4
266 236 8
266 237 8
266 238 12
266 241 4
266 246 4
266 277 32
267 240 8
267 241 8
267 242 8
267 253 4
267 277 16
267 278 48
267 280 -4
268 233 4
268 242 4
268 244 -12
268 254 4
268 278 32
268 279 8
269 232 4
269 234 4
269 243 8
269 255 4
270 235 8
270 236 4
270 237 4
270 242 4
270 245 8
270 246 8
270 249 12
270 253 4
270 258 8
270 277 24
270 279 36
271 235 8
271 236 4
271 237 4
271 240 -4
271 241 -4
271 247 12
271 248 4
271 250 8
271 259 4
271 280 24
272 235 4
272 244 -4
272 249 4
272 252 16
272 256 4
272 260 4
272 279 24
273 235 8
273 236 4
273 237 4
273 238 -12
273 242 -4
273 250 8
273 251 12
273 257 4
273 261 4
273 280 24
274 240 4
274 244 -8
274 253 4
274 254 8
274 256 12
274 263 8
274 278 24
274 279 12
275 245 4
275 252 8
275 254 4
275 258 4
275 260 12
275 263 4
275 279 12
276 245 8
276 247 8
276 248 -4
276 251 8
276 253 -4
276 257 -4
276 259 8
276 261 8
276 262 12
276 280 12
277 265 8
277 266 8
277 267 4
277 270 4
277 281 60
278 267 4
278 268 8
278 274 4
278 281 20
279 265 4
279 268 4
279 270 4
279 272 12
279 274 4
279 275 8
279 281 40
280 265 8
280 267 -4
280 271 8
280 273 8
280 276 4
281 277 4
281 278 4
281 279 4
282 292 12
282 302 16
282 307 8
282 315 8
283 292 4
283 293 8
283 295 4
283 296 -4
283 302 -8
283 303 4
283 304 -4
283 306 4
283 308 4
283 311 -12
283 314 20
283 317 -4
284 292 4
284 294 8
284 302 8
284 304 4
284 305 -4
284 307 8
284 309 8
284 315 8
284 316 4
284 317 -4
285 292 4
285 297 4
285 298 -4
285 302 -8
285 307 4
285 315 -4
286 292 4
286 294 8
286 302 8
286 304 -4
286 305 4
286 307 8
286 309 8
286 315 8
286 316 -4
286 317 4
287 292 4
287 293 -8
287 295 -4
287 299 4
287 302 -8
287 303 -4
287 304 4
287 306 -4
287 308 -4
287 312 12
287 314 -20
287 317 4
288 294 4
288 296 4
288 299 -4
288 307 -4
289 293 4
289 294 -4
289 297 4
289 301 -4
289 306 4
289 308 4
289 311 -12
289 315 4
289 316 4
289 317 -4
290 293 4
290 294 4
290 298 4
290 301 -4
290 306 4
290 308 4
290 312 -12
290 315 -4
290 316 4
290 317 -4
291 294 4
291 309 8
291 315 4
292 282 12
292 283 4
292 284 4
292 285 4
292 286 4
292 287 4
292 318 16
292 324 8
293 283 8
293 287 -8
293 289 4
293 290 4
293 319 4
293 320 -4
293 323 20
293 326 -12
294 284 8
294 286 8
294 288 4
294 289 -4
294 290 4
294 291 12
294 318 16
294 324 8
295 283 4
295 287 -4
295 319 12
295 327 16
295 328 8
295 331 60
295 332 8
295 333 8
295 335 12
295 337 8
296 283 -4
296 288 4
296 319 4
296 320 8
296 327 8
296 328 4
296 329 4
296 332 4
296 334 4
297 285 4
297 289 4
297 319 4
297 321 8
297 327 8
297 329 4
297 330 8
297 333 8
297 334 4
297 335 12
297 337 8
298 285 -4
298 290 4
298 319 4
298 321 8
298 327 8
298 329 -4
298 330 8
298 333 8
298 334 4
298 335 12
298 337 8
299 287 4
299 288 -4
299 319 4
299 320 8
299 327 8
299 328 4
299 329 -4
299 332 4
299 334 4
300 320 8
300 321 4
300 332 -8
300 333 -4
300 336 12
301 289 -4
301 290 -4
301 320 4
301 321 8
301 332 4
301 334 4
301 337 8
302 282 8
302 283 -4
302 284 4
302 285 -4
302 286 4
302 287 -4
302 318 4
303 283 4
303 287 -4
303 319 4
303 322 8
303 328 -4
303 338 40
303 340 8
303 341 12
304 283 -4
304 284 4
304 286 -4
304 287 4
304 320 4
304 322 8
304 328 -4
305 284 -4
305 286 4
305 321 4
305 322 8
305 330 -8
305 340 8
305 341 12
306 283 4
306 287 -4
306 289 4
306 290 4
306 322 8
306 323 20
306 327 8
306 332 -4
306 342 12
307 282 8
307 284 8
307 285 4
307 286 8
307 288 -4
307 324 8
307 343 24
308 283 4
308 287 -4
308 289 4
308 290 4
308 333 4
308 334 -4
308 342 12
309 284 4
309 286 4
309 291 12
309 324 4
309 343 12
310 325 12
310 335 -4
310 339 16
310 341 -8
310 342 -8
311 283 -4
311 289 -4
311 325 4
311 326 8
311 335 -4
311 339 8
311 341 -4
311 342 -4
312 287 4
312 290 -4
312 325 4
312 326 8
312 335 -4
312 339 8
312 341 -4
312 342 -4
313 326 4
313 336 -4
313 342 4
314 283 4
314 287 -4
314 323 12
314 331 12
314 338 16
315 282 8
315 284 8
315 285 -4
315 286 8
315 289 4
315 290 -4
315 291 12
315 324 8
316 284 4
316 286 -4
316 289 4
316 290 4
316 325 12
316 333 4
316 337 -4
316 339 -24
316 340 -8
317 283 -4
317 284 -4
317 286 4
317 287 4
317 289 -4
317 290 -4
317 326 12
317 334 4
317 337 -4
318 292 8
318 294 8
318 302 4
319 293 4
319 295 12
319 296 4
319 297 4
319 298 4
319 299 4
319 303 4
319 344 16
319 347 40
319 348 8
319 349 8
319 350 12
320 293 -4
320 296 8
320 299 8
320 300 8
320 301 4
320 304 4
320 344 16
321 297 8
321 298 8
321 300 4
321 301 8
321 305 4
321 344 16
321 349 8
321 350 12
322 303 8
322 304 8
322 305 8
322 306 8
322 344 8
322 345 40
322 348 -4
322 351 12
323 293 4
323 306 4
323 314 12
323 345 16
323 347 8
324 292 8
324 294 8
324 307 8
324 309 8
324 315 8
325 310 12
325 311 4
325 312 4
325 316 4
325 346 16
325 350 -4
325 351 -8
326 293 -4
326 311 8
326 312 8
326 313 12
326 317 4
326 346 16
326 350 -4
327 295 8
327 296 4
327 297 4
327 298 4
327 299 4
327 306 4
327 344 4
327 347 20
327 352 12
328 295 8
328 296 4
328 299 4
328 303 -4
328 304 -4
328 348 8
328 354 8
329 296 4
329 297 4
329 298 -4
329 299 -4
329 353 12
330 297 4
330 298 4
330 305 -4
330 348 4
330 354 4
331 295 4
331 314 4
331 347 8
332 295 8
332 296 4
332 299 4
332 300 -8
332 301 4
332 306 -4
332 348 8
333 295 8
333 297 8
333 298 8
333 300 -4
333 308 4
333 316 4
333 349 8
333 352 24
333 354 16
334 296 4
334 297 4
334 298 4
334 299 4
334 301 4
334 308 -4
334 317 4
334 349 8
335 295 4
335 297 4
335 298 4
335 310 -4
335 311 -4
335 312 -4
335 350 12
335 352 16
336 300 4
336 313 -12
336 350 4
336 352 -8
337 295 8
337 297 8
337 298 8
337 301 8
337 316 -4
337 317 -4
337 349 8
337 350 12
338 303 4
338 314 8
338 345 4
338 347 4
339 310 8
339 311 4
339 312 4
339 316 -4
339 346 4
339 352 -4
340 303 8
340 305 8
340 316 -8
340 349 4
340 351 12
340 354 -8
341 303 4
341 305 4
341 310 -8
341 311 -4
341 312 -4
341 350 4
341 351 8
342 306 4
342 308 4
342 310 -8
342 311 -4
342 312 -4
342 313 12
342 351 8
342 352 8
343 307 4
343 309 4
344 319 8
344 320 8
344 321 8
344 322 4
344 327 4
344 355 60
344 356 12
345 322 4
345 323 8
345 338 4
345 355 12
346 325 8
346 326 8
346 339 4
346 356 -4
347 319 4
347 323 4
347 327 4
347 331 12
347 338 4
347 355 12
348 319 8
348 322 -4
348 328 8
348 330 8
348 332 8
349 319 8
349 321 8
349 333 8
349 334 8
349 337 8
349 340 4
349 356 24
350 319 4
350 321 4
350 325 -4
350 326 -4
350 335 12
350 336 4
350 337 4
350 341 4
350 356 16
351 322 4
351 325 -8
351 340 4
351 341 8
351 342 8
351 356 8
352 327 4
352 333 4
352 335 8
352 336 -4
352 339 -4
352 342 4
352 356 4
353 329 4
354 328 4
354 330 4
354 333 8
354 340 -4
355 344 4
355 345 4
355 347 4
356 344 4
356 346 -4
356 349 4
356 350 8
356 351 4
356 352 4
358 362 28
358 364 20
358 365 12
359 362 4
360 363 20
360 365 -4
361 363 12
361 364 4
362 358 4
362 359 4
363 360 4
363 361 4
364 358 4
364 361 4
365 358 4
365 360 -4
365 365 0
