1 2 32
1 3 56
1 4 72
1 5 80
2 1 18
2 6 56
2 7 48
2 8 60
2 9 64
3 1 36
3 6 4
3 7 24
3 10 80
3 11 48
4 1 36
4 7 8
4 8 20
4 11 32
4 12 108
5 1 36
5 8 12
5 9 32
5 10 16
5 11 24
6 2 16
6 13 72
6 14 40
6 15 48
7 2 32
7 3 14
7 4 6
7 13 12
7 14 40
7 16 64
7 17 36
8 2 32
8 4 12
8 5 8
8 14 16
8 15 32
8 17 48
9 2 16
9 5 10
9 15 24
9 16 16
10 3 28
10 5 8
10 14 4
10 16 16
10 18 72
11 3 28
11 4 24
11 5 20
11 15 4
11 16 16
11 17 24
11 18 48
12 4 12
12 17 8
13 6 14
13 19 80
13 20 32
13 21 36
14 6 28
14 7 12
14 8 6
14 19 24
14 20 48
14 22 48
15 6 28
15 8 10
15 9 16
15 20 24
15 21 72
15 22 16
16 7 24
16 9 16
16 10 10
16 11 6
16 20 12
16 22 24
16 23 96
17 7 12
17 8 20
17 11 8
17 12 18
17 21 12
17 22 32
18 10 20
18 11 8
18 22 4
18 23 32
19 13 12
19 24 80
19 25 24
20 13 24
20 14 10
20 15 6
20 24 40
20 25 48
20 26 48
21 13 12
21 15 8
21 25 32
22 14 20
22 15 8
22 16 8
22 17 12
22 25 24
22 26 72
23 16 8
23 18 6
23 26 12
24 19 10
24 27 72
24 28 16
25 19 20
25 20 8
25 21 12
25 27 60
25 28 80
26 20 8
26 22 6
26 28 40
27 24 8
27 29 56
28 24 8
28 25 6
28 29 84
29 27 6
29 30 144
31 35 28
31 38 4
31 39 40
31 43 48
31 46 24
31 47 48
31 50 40
32 35 4
32 36 24
32 39 16
32 40 32
32 42 4
32 43 12
32 44 36
32 46 24
32 47 16
32 48 32
32 50 20
33 36 8
33 37 20
33 40 16
33 41 24
33 43 12
33 44 12
33 45 4
33 46 -24
34 37 12
34 40 8
34 47 16
34 48 -16
34 49 4
34 50 -20
35 31 10
35 32 -2
35 33 4
35 51 48
35 54 4
35 55 32
35 58 36
35 61 20
35 62 32
36 31 4
36 32 8
36 34 4
36 51 8
36 52 40
36 55 16
36 56 24
36 57 4
36 58 12
36 59 24
36 61 20
36 62 16
37 32 4
37 33 6
37 34 -2
37 52 16
37 53 32
37 56 16
37 58 12
37 60 4
37 61 -20
38 31 4
38 54 28
38 63 48
38 64 48
38 65 60
38 66 60
38 67 64
39 31 20
39 34 4
39 51 4
39 55 20
39 63 4
39 68 48
39 71 24
39 73 16
40 31 4
40 32 16
40 52 4
40 55 4
40 56 16
40 68 32
40 69 32
40 70 4
40 71 12
40 73 16
41 32 4
41 33 8
41 34 -8
41 53 4
41 56 8
41 69 16
41 71 12
41 72 4
41 73 -16
42 32 4
42 54 4
42 57 24
42 64 -24
42 70 40
42 74 48
42 75 48
43 31 16
43 34 -4
43 55 8
43 58 16
43 65 4
43 71 16
43 76 24
44 31 4
44 32 12
44 33 -4
44 34 -4
44 56 8
44 58 4
44 59 12
44 71 16
44 74 4
44 76 24
45 33 4
45 57 8
45 60 20
45 63 8
45 66 -20
45 72 32
45 75 -32
46 61 20
46 64 4
46 73 32
46 76 36
47 31 12
47 33 -4
47 58 12
47 62 12
47 67 4
47 68 16
47 73 8
48 31 4
48 32 4
48 33 -4
48 59 12
48 62 4
48 69 16
48 73 16
48 75 4
49 34 4
49 60 12
49 65 12
49 67 -16
49 70 16
49 72 -24
49 74 -24
50 31 8
50 32 -4
50 61 8
50 62 16
50 66 4
50 71 24
51 35 8
51 36 -2
51 37 4
51 77 60
51 79 4
51 80 24
51 83 24
51 85 16
52 35 4
52 36 6
52 77 12
52 78 48
52 80 16
52 81 16
52 82 4
52 83 12
52 85 16
53 36 4
53 78 24
53 81 8
53 83 12
53 84 4
53 85 -16
54 35 4
54 38 14
54 79 48
54 86 40
54 87 40
54 88 48
54 89 48
55 35 16
55 39 6
55 40 -2
55 41 4
55 43 6
55 77 12
55 80 32
55 86 4
55 90 32
55 92 12
56 35 4
56 36 12
56 37 -4
56 39 4
56 40 4
56 41 -4
56 44 6
56 78 12
56 80 8
56 81 24
56 90 32
56 91 4
56 92 12
57 36 4
57 42 12
57 45 4
57 79 8
57 82 40
57 87 -20
57 91 32
57 93 36
58 35 12
58 37 -4
58 43 4
58 44 -2
58 47 8
58 80 16
58 83 24
58 88 4
58 92 8
59 35 4
59 36 4
59 37 -4
59 43 4
59 44 -2
59 48 8
59 81 16
59 83 8
59 92 16
59 93 4
60 37 4
60 45 10
60 49 6
60 82 16
60 84 32
60 86 8
60 89 -16
60 93 -24
61 46 12
61 50 -4
61 85 32
61 87 4
61 92 24
62 35 8
62 36 -4
62 47 2
62 48 -6
62 50 10
62 83 24
62 85 16
62 89 4
62 90 16
63 38 24
63 39 4
63 45 2
63 79 4
63 86 20
63 94 64
63 95 32
63 96 36
64 38 8
64 42 -2
64 46 4
64 87 20
64 95 32
64 97 36
65 38 20
65 43 4
65 49 2
65 86 8
65 88 16
65 96 24
65 97 48
66 38 12
66 45 -2
66 50 4
66 87 8
66 89 16
66 96 24
67 38 16
67 47 4
67 49 -2
67 88 12
67 89 12
67 94 16
67 95 16
68 39 12
68 41 -4
68 47 8
68 80 4
68 90 12
68 94 4
68 98 24
69 39 4
69 40 4
69 41 -4
69 48 8
69 81 4
69 90 4
69 98 48
69 99 4
70 40 4
70 42 20
70 49 8
70 82 4
70 86 4
70 91 16
70 95 -16
70 99 48
71 39 8
71 40 -4
71 43 8
71 44 -4
71 50 20
71 83 4
71 90 16
71 92 8
71 96 4
72 41 4
72 45 16
72 49 -12
72 84 4
72 91 8
72 94 16
72 96 -12
72 99 -32
73 46 24
73 85 4
73 92 12
73 95 4
73 98 48
74 42 16
74 44 4
74 49 -8
74 88 4
74 91 8
74 93 12
74 97 -24
75 42 12
75 45 -8
75 48 4
75 89 4
75 93 12
75 95 -8
75 99 16
76 46 12
76 92 8
76 97 4
77 51 6
77 52 -2
77 53 4
77 100 64
77 102 4
77 103 16
77 105 12
78 51 4
78 52 4
78 53 -4
78 100 16
78 101 48
78 103 16
78 104 4
78 105 12
79 51 4
79 54 12
79 102 60
79 106 32
79 107 32
79 108 36
80 51 12
80 53 -4
80 55 4
80 56 -2
80 58 6
80 100 24
80 103 36
80 106 4
80 109 16
81 51 4
81 52 4
81 53 -4
81 55 4
81 56 -2
81 59 6
81 101 24
81 103 12
81 109 32
81 110 4
82 52 4
82 57 10
82 60 4
82 102 12
82 104 48
82 107 -16
82 110 24
83 51 8
83 52 -4
83 58 2
83 59 -6
83 62 8
83 103 24
83 105 24
83 108 4
84 53 4
84 60 8
84 104 24
84 106 8
84 108 -12
84 110 -16
85 61 10
85 62 -4
85 105 36
85 107 4
85 109 16
86 54 20
86 55 4
86 60 2
86 63 10
86 65 6
86 102 12
86 106 32
86 111 48
86 112 24
87 54 8
87 57 -2
87 61 4
87 64 12
87 66 4
87 107 32
87 112 24
88 54 16
88 58 4
88 65 8
88 67 8
88 106 16
88 108 24
88 112 16
89 54 12
89 60 -2
89 62 4
89 66 10
89 67 6
89 107 16
89 108 24
89 111 16
90 55 8
90 56 -4
90 62 8
90 68 2
90 69 -6
90 71 6
90 103 12
90 109 16
90 111 4
91 56 4
91 57 16
91 70 8
91 72 4
91 74 6
91 104 12
91 106 8
91 110 24
91 112 -12
92 61 20
92 71 -4
92 73 8
92 76 12
92 105 12
92 109 32
92 112 4
93 57 12
93 59 4
93 60 -8
93 74 6
93 75 8
93 108 8
93 110 16
93 112 -8
94 63 16
94 67 8
94 68 4
94 72 2
94 106 4
94 111 12
94 113 48
95 63 8
95 64 24
95 67 8
95 70 -2
95 73 4
95 75 -2
95 107 4
95 112 12
95 113 48
96 63 12
96 65 12
96 66 20
96 71 4
96 72 -2
96 108 4
96 111 16
96 112 8
97 64 12
97 65 8
97 74 -2
97 76 4
97 112 8
98 73 8
98 109 4
98 113 4
99 69 4
99 70 12
99 72 -8
99 75 8
99 110 4
99 111 4
99 113 -24
100 77 4
100 78 -2
100 114 60
100 115 4
100 116 8
101 77 4
101 78 -2
101 114 20
101 116 16
101 117 4
102 77 4
102 79 10
102 115 64
102 118 24
102 119 24
103 77 8
103 78 -4
103 80 2
103 81 -6
103 83 6
103 114 40
103 116 32
103 118 4
104 78 4
104 82 8
104 84 4
104 115 16
104 117 48
104 119 -12
105 83 -4
105 85 8
105 116 32
105 119 4
106 79 16
106 80 4
106 84 2
106 86 8
106 88 6
106 115 24
106 118 36
106 120 32
107 79 8
107 82 -2
107 85 4
107 87 10
107 89 4
107 119 36
107 120 16
108 79 12
108 83 4
108 84 -2
108 88 6
108 89 8
108 118 24
108 119 24
109 85 8
109 90 -4
109 92 6
109 116 24
109 120 4
110 81 4
110 82 12
110 84 -8
110 91 6
110 93 6
110 117 24
110 118 12
110 120 -16
111 86 12
111 89 8
111 90 4
111 94 6
111 96 6
111 118 12
111 120 16
112 86 8
112 87 20
112 88 8
112 91 -2
112 92 4
112 93 -2
112 95 8
112 96 4
112 97 12
112 119 12
112 120 32
113 94 8
113 95 8
113 98 4
113 99 -2
113 120 4
114 100 2
114 101 -6
114 121 48
114 122 4
115 100 4
115 102 8
115 122 60
115 123 16
116 103 -4
116 105 6
116 121 60
116 123 4
117 101 4
117 104 6
117 122 20
117 123 -8
118 102 12
118 103 4
118 106 6
118 108 6
118 122 40
118 123 32
119 102 8
119 104 -2
119 105 4
119 107 8
119 108 4
119 123 32
120 106 8
120 107 8
120 109 4
120 110 -2
120 111 4
120 112 6
120 123 24
121 114 -4
121 124 4
122 114 4
122 115 6
122 124 48
123 115 8
123 116 4
123 117 -2
123 118 4
123 119 6
123 124 60
124 121 4
124 122 4
125 139 20
125 148 4
125 155 24
125 165 24
125 172 4
125 174 12
125 175 16
126 139 4
126 140 16
126 148 4
126 149 -4
126 155 8
126 156 16
126 160 12
126 165 6
126 166 12
126 168 4
126 169 -2
126 173 2
126 174 6
126 175 8
126 176 6
126 177 -2
126 178 8
127 139 4
127 141 16
127 149 4
127 150 4
127 157 16
127 160 -4
127 167 24
127 169 2
127 170 -2
127 172 8
127 178 8
127 180 4
128 139 4
128 142 16
128 148 -4
128 150 4
128 155 8
128 158 16
128 160 -4
128 165 6
128 166 -12
128 168 -4
128 170 2
128 172 8
128 173 2
128 174 -6
128 175 8
128 176 -6
128 177 2
128 178 8
128 180 8
129 140 8
129 143 12
129 148 4
129 151 -4
129 156 8
129 158 -8
129 160 8
129 165 6
129 166 6
129 168 14
129 170 -2
129 172 -4
129 173 2
129 175 -8
129 176 2
129 179 4
129 180 -2
130 140 4
130 141 4
130 144 12
130 149 4
130 151 -4
130 152 4
130 155 8
130 157 8
130 159 8
130 167 12
130 168 4
130 169 4
130 171 -6
130 172 4
130 173 2
130 174 -6
130 175 8
130 177 -2
130 178 4
130 179 8
130 180 2
131 140 4
131 142 4
131 145 12
131 149 -4
131 150 4
131 152 -4
131 156 8
131 158 8
131 159 -8
131 161 -4
131 162 12
131 169 -4
131 170 4
131 173 8
131 175 -16
131 177 -4
131 178 4
131 179 8
132 141 8
132 146 24
132 151 4
132 153 4
132 157 8
132 168 -4
132 169 -2
132 170 2
132 172 8
132 173 -4
132 176 -4
132 178 16
132 179 -4
133 141 4
133 142 4
133 147 12
133 150 -4
133 152 4
133 153 4
133 155 8
133 157 8
133 159 8
133 167 12
133 168 -4
133 170 -4
133 171 6
133 172 4
133 173 10
133 174 6
133 175 8
133 177 -6
133 178 4
133 179 8
133 180 -2
134 142 8
134 143 -12
134 148 -4
134 153 4
134 156 -8
134 158 8
134 160 -8
134 165 6
134 166 -6
134 168 -6
134 169 2
134 172 -4
134 173 2
134 175 -8
134 176 -10
134 178 8
134 179 4
134 180 2
135 143 4
135 144 8
135 145 -8
135 149 4
135 153 -4
135 154 4
135 156 8
135 159 8
135 161 8
135 163 -12
135 165 6
135 166 -6
135 167 12
135 169 6
135 172 -4
135 173 4
135 174 -6
135 179 -4
136 143 4
136 145 8
136 147 -8
136 150 4
136 151 -4
136 154 -4
136 158 -8
136 159 -8
136 162 8
136 163 -4
136 165 -6
136 166 -6
136 167 -12
136 170 6
136 172 4
136 173 -4
136 174 -6
136 179 -4
137 144 8
137 146 8
137 147 8
137 151 4
137 153 -4
137 154 4
137 157 16
137 163 4
137 165 12
137 169 -6
137 170 -2
137 172 4
137 173 4
137 178 4
137 179 8
138 144 4
138 145 4
138 147 4
138 156 8
138 158 8
138 159 16
138 164 4
138 169 -4
138 170 4
138 171 -12
138 173 12
138 179 4
139 125 6
139 126 -2
139 127 -2
139 128 -2
139 129 2
139 134 2
139 181 32
139 186 4
139 191 16
139 198 12
139 201 4
139 203 12
140 125 2
140 126 4
140 130 -2
140 131 -2
140 132 2
140 134 -2
140 135 -2
140 181 8
140 182 24
140 186 4
140 187 -4
140 191 8
140 192 8
140 194 12
140 198 6
140 199 4
140 200 -2
140 202 2
140 203 6
140 205 12
141 127 4
141 129 2
141 130 -2
141 133 -2
141 134 2
141 135 2
141 136 -2
141 181 8
141 183 24
141 187 4
141 188 4
141 193 16
141 194 -4
141 201 8
141 204 -4
141 205 8
142 125 2
142 128 4
142 129 -2
142 131 -2
142 132 2
142 133 -2
142 136 2
142 181 8
142 184 24
142 186 -4
142 188 4
142 191 8
142 192 -8
142 194 -4
142 198 6
142 199 -4
142 200 2
142 201 8
142 202 2
142 203 -6
142 204 -8
142 205 12
143 126 2
143 128 -2
143 129 2
143 134 -2
143 135 -2
143 136 -2
143 182 16
143 184 -16
143 186 4
143 189 -4
143 192 8
143 194 8
143 199 8
143 205 -8
144 127 2
144 130 2
144 131 -2
144 132 2
144 134 -2
144 135 -2
144 138 -4
144 182 8
144 183 8
144 185 16
144 187 4
144 189 -4
144 190 4
144 191 8
144 193 16
144 198 6
144 199 4
144 200 -2
144 201 4
144 202 6
144 203 -6
144 204 -4
144 205 4
145 126 2
145 128 2
145 130 -2
145 131 2
145 133 -2
145 137 4
145 138 -2
145 182 8
145 184 8
145 185 -16
145 187 -4
145 188 4
145 190 -4
145 195 -4
145 196 12
145 198 -12
145 200 -4
145 201 4
145 202 8
146 132 2
146 135 2
146 136 -2
146 137 -2
146 183 16
146 189 4
146 199 -4
146 201 4
146 202 -4
146 205 8
147 127 2
147 129 -2
147 131 -2
147 132 2
147 133 2
147 136 2
147 138 -4
147 183 8
147 184 8
147 185 16
147 188 -4
147 189 4
147 190 4
147 191 8
147 193 16
147 198 6
147 199 -4
147 200 -6
147 201 4
147 202 14
147 203 6
147 204 4
147 205 4
148 125 4
148 126 2
148 128 -2
148 129 2
148 134 -2
148 186 20
148 206 24
148 212 24
148 214 4
148 216 4
148 218 16
148 219 4
149 125 2
149 126 -2
149 127 4
149 128 2
149 130 4
149 131 -2
149 132 -2
149 135 2
149 186 4
149 187 16
149 206 8
149 207 16
149 210 12
149 212 6
149 213 12
149 214 4
149 215 2
149 216 2
149 217 30
149 218 8
149 219 8
150 125 -2
150 126 -2
150 127 4
150 128 2
150 131 2
150 132 2
150 133 -4
150 136 2
150 186 4
150 188 16
150 206 8
150 208 16
150 210 4
150 212 6
150 213 12
150 214 4
150 215 2
150 216 10
150 217 30
150 218 8
150 219 8
151 127 2
151 129 -2
151 130 -2
151 131 2
151 132 2
151 135 2
151 136 -2
151 137 2
151 187 8
151 189 12
151 207 8
151 208 8
151 210 8
151 212 6
151 213 6
151 214 14
151 215 -2
151 218 8
152 126 -2
152 128 2
152 129 -2
152 130 4
152 131 -4
152 133 4
152 134 2
152 187 4
152 188 4
152 190 12
152 206 8
152 207 8
152 208 8
152 209 24
152 211 8
152 213 12
152 214 4
152 215 8
152 216 8
152 218 16
153 127 -2
153 131 -2
153 132 6
153 133 2
153 134 2
153 135 -2
153 136 2
153 137 -2
153 188 8
153 189 12
153 207 8
153 208 8
153 210 8
153 212 6
153 213 6
153 214 6
153 215 -2
153 218 8
153 219 8
154 129 -2
154 130 -2
154 133 2
154 134 2
154 135 2
154 136 -6
154 137 4
154 189 4
154 190 16
154 207 8
154 208 8
154 209 24
154 211 8
154 212 12
154 213 12
154 215 4
154 216 -4
154 219 4
155 125 12
155 129 -2
155 134 -2
155 181 4
155 191 12
155 206 4
155 220 16
155 224 4
155 225 12
156 125 2
156 126 8
156 128 -2
156 130 -2
156 132 2
156 134 -4
156 182 4
156 191 4
156 192 8
156 206 4
156 207 -4
156 220 16
156 221 12
156 223 -2
156 224 4
156 225 6
157 127 8
157 129 -2
157 131 -4
157 132 4
157 134 -2
157 183 4
157 191 4
157 193 16
157 207 4
157 208 4
157 221 -4
157 223 -4
157 224 8
158 125 2
158 126 -2
158 128 8
158 129 -4
158 132 2
158 133 -2
158 184 4
158 191 4
158 192 -8
158 206 -4
158 208 4
158 220 16
158 221 -4
158 223 -6
158 224 12
158 225 -6
159 126 -2
159 127 4
159 128 -2
159 130 2
159 131 -4
159 133 2
159 185 4
159 193 8
159 207 4
159 208 -4
159 209 12
159 220 32
159 222 -4
159 224 4
160 126 10
160 127 -4
160 128 -2
160 129 8
160 130 -2
160 133 2
160 134 -8
160 186 4
160 194 16
160 210 -4
160 221 16
160 226 12
160 227 4
160 228 4
161 125 2
161 127 2
161 129 -2
161 130 2
161 131 -2
161 132 -4
161 133 2
161 134 2
161 135 8
161 138 2
161 187 4
161 194 4
161 195 12
161 210 -4
161 211 4
161 221 8
161 222 8
161 226 6
161 227 4
161 228 2
161 229 24
162 125 -2
162 127 -2
162 129 -2
162 130 -2
162 131 10
162 132 4
162 133 -2
162 134 2
162 136 8
162 138 -2
162 188 4
162 194 4
162 196 12
162 210 -4
162 211 -4
162 221 8
162 222 8
162 226 6
162 227 4
162 228 10
162 229 24
163 129 -2
163 130 2
163 133 -2
163 134 2
163 135 -12
163 136 -4
163 137 4
163 189 4
163 195 8
163 196 8
163 210 -4
163 222 8
163 226 12
163 227 8
163 228 -4
164 126 -2
164 128 2
164 129 -2
164 130 -4
164 133 4
164 134 2
164 135 -4
164 136 -4
164 138 4
164 190 4
164 195 4
164 196 4
164 197 24
164 211 -8
164 221 8
164 222 16
164 226 12
164 227 4
164 228 4
165 125 8
165 126 -2
165 128 -2
165 191 8
165 198 8
165 212 4
165 230 -12
165 231 8
166 126 4
166 128 -4
166 192 8
166 212 4
166 213 -4
166 226 8
166 230 -12
166 231 -8
167 126 -2
167 127 4
167 128 -2
167 193 8
167 198 4
167 213 4
167 226 -4
167 231 4
168 126 6
168 128 -6
168 129 14
168 132 -4
168 134 -6
168 135 -2
168 136 -2
168 194 8
168 199 12
168 206 8
168 214 -4
168 223 8
169 125 2
169 130 6
169 131 -6
169 132 -2
169 134 2
169 135 4
169 137 -6
169 195 8
169 199 4
169 200 8
169 207 8
169 214 -4
169 215 4
169 223 8
169 227 -12
169 230 18
170 125 -2
170 129 -2
170 131 6
170 132 2
170 133 -6
170 136 4
170 137 -2
170 196 8
170 199 4
170 200 8
170 208 8
170 214 -4
170 215 -4
170 223 8
170 227 -4
170 230 18
171 126 -2
171 128 2
171 130 -2
171 133 2
171 135 2
171 136 2
171 138 -4
171 197 8
171 200 4
171 209 8
171 215 -4
171 223 8
172 125 -4
172 126 -6
172 128 2
172 129 2
172 130 -2
172 131 4
172 133 -2
172 134 2
172 201 16
172 210 4
172 216 4
172 224 16
172 231 24
173 125 4
173 126 -4
173 127 4
173 128 -4
173 129 -4
173 130 -4
173 133 4
173 134 -4
173 135 -4
173 136 4
173 201 4
173 202 12
173 211 4
173 224 16
173 228 4
173 231 24
174 125 4
174 203 20
174 217 -20
174 225 32
174 229 -32
174 230 -36
175 198 12
175 218 4
175 220 16
175 229 -12
176 126 6
176 128 -6
176 129 4
176 130 2
176 132 -4
176 133 -2
176 134 -12
176 135 2
176 136 2
176 199 12
176 204 8
176 212 12
176 219 -4
176 221 16
177 126 -2
177 128 2
177 129 4
177 130 2
177 131 -4
177 133 -10
177 134 -4
177 135 6
177 136 6
177 200 12
177 204 8
177 213 12
177 219 -4
177 222 16
177 225 -24
177 228 -8
178 126 -2
178 127 8
178 128 -2
178 129 -6
178 130 -6
178 132 16
178 133 -6
178 134 2
178 135 -4
178 136 4
178 137 -8
178 201 8
178 205 24
178 214 4
178 219 4
178 224 8
179 125 4
179 126 -2
179 127 4
179 128 -2
179 129 -2
179 130 2
179 131 -4
179 132 4
179 133 2
179 134 -2
179 135 -12
179 136 4
179 137 4
179 138 -12
179 202 8
179 205 8
179 215 4
179 224 16
179 227 4
180 126 -4
180 127 4
180 128 12
180 129 -8
180 134 8
180 203 12
180 204 -16
180 216 4
180 218 -16
180 223 -24
180 226 -24
181 139 4
181 140 -2
181 141 -2
181 142 -2
181 232 36
181 235 4
181 239 8
181 243 4
181 244 12
182 139 2
182 140 2
182 142 -2
182 144 -4
182 145 -2
182 146 4
182 232 12
182 233 24
182 235 4
182 236 -4
182 239 8
182 240 12
182 242 -2
182 243 4
182 244 6
183 141 2
183 144 -2
183 145 -4
183 147 -2
183 232 12
183 234 48
183 236 4
183 237 4
183 240 -4
183 242 -4
183 243 8
184 139 2
184 140 -2
184 142 2
184 145 -2
184 146 4
184 147 -4
184 232 12
184 233 -24
184 235 -4
184 237 4
184 239 8
184 240 -4
184 242 -6
184 243 12
184 244 -6
185 140 -2
185 141 4
185 142 -2
185 144 -2
185 147 -2
185 234 24
185 236 4
185 237 -4
185 238 12
185 239 16
185 241 -4
185 243 4
186 139 4
186 140 2
186 142 -2
186 143 2
186 148 6
186 149 -2
186 150 -2
186 151 2
186 153 2
186 235 32
186 245 16
186 249 12
186 250 4
186 251 4
187 139 2
187 140 -2
187 141 4
187 142 2
187 144 4
187 145 -2
187 146 -4
187 148 2
187 149 4
187 152 -2
187 153 4
187 154 2
187 235 8
187 236 24
187 245 8
187 246 8
187 247 12
187 249 6
187 250 4
187 251 2
187 252 24
188 139 -2
188 140 -2
188 141 4
188 142 2
188 145 2
188 146 4
188 147 -4
188 148 2
188 150 4
188 151 4
188 152 -2
188 154 2
188 235 8
188 237 24
188 245 8
188 246 8
188 247 4
188 249 6
188 250 4
188 251 10
188 252 24
189 143 -2
189 144 -2
189 146 8
189 147 2
189 149 2
189 150 2
189 151 2
189 153 2
189 154 2
189 236 16
189 237 16
189 246 8
189 247 8
189 249 12
189 250 8
189 251 -4
190 140 -2
190 142 2
190 143 -4
190 144 2
190 145 -4
190 147 6
190 149 2
190 150 2
190 151 2
190 152 6
190 153 2
190 236 8
190 237 8
190 238 48
190 245 8
190 246 16
190 248 8
190 249 12
190 250 4
190 251 4
191 139 8
191 140 -2
191 142 -2
191 155 2
191 156 -4
191 157 -2
191 158 -4
191 165 6
191 232 12
191 239 16
191 245 4
191 254 -12
191 255 8
192 140 4
192 142 -4
192 166 6
192 233 12
192 245 4
192 246 -4
192 253 8
192 254 -12
192 255 -8
193 140 -2
193 141 4
193 142 -2
193 156 -2
193 158 -2
193 159 -2
193 167 6
193 234 12
193 239 8
193 246 4
193 253 -4
193 255 4
194 140 10
194 141 -4
194 142 -2
194 143 8
194 144 -2
194 147 2
194 160 4
194 161 -2
194 162 -2
194 163 4
194 168 4
194 235 8
194 240 24
194 247 -4
194 253 8
194 257 4
195 139 2
195 143 -4
195 144 2
195 145 -2
195 146 -4
195 147 2
195 160 2
195 161 2
195 162 2
195 163 2
195 169 4
195 236 8
195 240 8
195 241 16
195 247 -4
195 248 4
195 253 8
195 256 18
195 257 -2
196 139 -2
196 143 -4
196 144 -2
196 145 10
196 146 4
196 147 -2
196 160 2
196 161 2
196 162 2
196 163 2
196 170 4
196 237 8
196 240 8
196 241 16
196 247 -4
196 248 -4
196 253 8
196 256 18
196 257 6
197 140 -2
197 142 2
197 144 -2
197 147 2
197 161 2
197 162 2
197 171 4
197 238 8
197 241 8
197 248 -4
197 253 8
197 257 4
198 165 -4
198 167 -4
198 175 8
198 239 16
198 249 4
198 256 -12
199 140 6
199 142 -6
199 143 8
199 144 2
199 146 -8
199 147 -2
199 168 2
199 176 6
199 240 16
199 242 16
199 245 8
199 250 -4
200 140 -2
200 142 2
200 143 4
200 144 2
200 145 -4
200 147 -10
200 168 4
200 169 2
200 170 2
200 171 -6
200 177 6
200 241 16
200 242 16
200 246 8
200 250 -4
200 254 24
200 257 -8
201 139 -4
201 140 -6
201 142 2
201 144 -2
201 145 4
201 147 -2
201 172 4
201 173 -2
201 178 -4
201 243 24
201 247 4
201 251 4
201 255 16
202 139 4
202 140 -6
202 141 4
202 142 -6
202 144 -6
202 145 4
202 147 2
202 172 4
202 173 -2
202 179 -4
202 243 8
202 248 4
202 255 32
202 257 4
203 139 4
203 174 10
203 180 -2
203 244 32
203 252 -16
203 254 -24
203 256 -24
204 140 4
204 141 -4
204 142 -12
204 143 8
204 176 4
204 177 -4
204 180 -8
204 242 24
204 244 -24
204 249 12
204 251 -4
204 253 16
205 140 -2
205 141 4
205 142 -2
205 143 -4
205 144 -6
205 146 8
205 147 -6
205 178 2
205 179 -6
205 243 16
205 250 4
206 148 12
206 151 2
206 153 2
206 155 4
206 156 2
206 158 -2
206 168 2
206 235 4
206 245 12
206 258 16
206 261 4
207 148 2
207 149 8
207 150 2
207 151 2
207 152 2
207 153 4
207 155 2
207 156 -2
207 157 2
207 158 2
207 159 4
207 169 2
207 236 4
207 245 4
207 246 8
207 258 16
207 259 12
207 260 18
207 261 -2
208 148 2
208 149 2
208 150 8
208 151 4
208 152 2
208 153 2
208 155 -2
208 156 -2
208 157 6
208 158 2
208 159 -4
208 170 2
208 237 4
208 245 4
208 246 8
208 258 16
208 259 4
208 260 18
208 261 6
209 149 2
209 150 2
209 152 4
209 156 -2
209 158 2
209 159 4
209 171 2
209 238 4
209 246 4
209 258 16
209 261 4
210 148 4
210 149 10
210 150 2
210 151 6
210 152 -4
210 153 6
210 160 -2
210 163 -2
210 172 4
210 247 16
210 259 16
210 262 12
211 148 4
211 149 4
211 150 4
211 151 -4
211 152 8
211 153 -4
211 154 4
211 160 -4
211 161 4
211 162 -4
211 163 4
211 164 -4
211 173 4
211 247 4
211 248 12
211 259 16
211 262 12
212 148 8
212 149 2
212 150 2
212 165 4
212 166 2
212 176 2
212 245 8
212 249 8
213 148 4
213 149 6
213 150 6
213 166 -6
213 167 8
213 177 2
213 246 8
213 249 8
213 260 24
213 262 8
214 148 4
214 149 6
214 150 6
214 151 12
214 153 4
214 154 -8
214 168 -2
214 178 4
214 247 8
214 250 12
214 261 8
215 148 4
215 149 2
215 150 2
215 152 8
215 154 -4
215 168 -4
215 169 6
215 170 -2
215 171 -6
215 179 4
215 248 8
215 250 4
215 261 16
216 149 -4
216 150 4
216 172 4
216 180 -2
216 251 16
216 261 24
216 262 24
217 174 -2
217 252 16
217 260 24
218 148 8
218 175 4
218 180 -2
218 249 12
218 252 12
218 258 16
219 148 4
219 149 4
219 150 4
219 151 4
219 152 -8
219 153 12
219 154 -4
219 176 -2
219 177 2
219 178 4
219 250 12
219 251 8
219 259 16
220 175 8
220 239 4
220 258 4
220 263 -12
221 156 10
221 157 -4
221 158 -2
221 160 8
221 161 2
221 162 2
221 176 8
221 240 4
221 245 4
221 253 8
221 259 -4
222 156 -2
222 158 2
222 159 -4
222 160 4
222 161 6
222 162 6
222 177 8
222 241 4
222 246 4
222 253 8
222 259 -4
222 263 48
223 156 4
223 157 -4
223 158 -12
223 168 8
223 180 -12
223 242 4
223 253 8
223 254 12
223 258 16
223 261 -4
224 155 -4
224 156 -8
224 159 -8
224 172 8
224 173 -4
224 243 4
224 255 16
224 259 4
224 261 4
225 155 4
225 174 16
225 244 4
225 254 -12
225 260 -12
225 263 -32
226 160 8
226 166 8
226 167 -8
226 180 -8
226 249 4
226 253 8
226 256 12
226 262 -4
227 160 4
227 161 4
227 162 4
227 163 8
227 164 -8
227 168 -4
227 169 -8
227 171 12
227 179 4
227 250 4
227 257 8
227 259 -8
228 161 -4
228 162 4
228 173 4
228 251 4
228 257 12
228 262 -12
229 174 -8
229 175 -4
229 252 4
229 256 12
229 263 16
230 165 -4
230 174 -12
230 254 8
230 256 8
230 260 8
231 165 -4
231 166 -4
231 167 -4
231 255 8
231 262 4
232 181 2
232 182 -4
232 183 -2
232 184 -4
232 264 32
232 265 4
232 268 -12
232 269 8
233 265 4
233 266 -4
233 267 8
233 268 -12
233 269 -8
234 182 -2
234 184 -2
234 185 -2
234 264 16
234 266 4
234 267 -4
234 269 4
235 181 4
235 182 2
235 184 -2
235 186 4
235 187 -2
235 188 -2
235 189 4
235 265 36
235 270 8
235 273 4
236 181 2
236 182 -2
236 183 2
236 184 2
236 185 4
236 186 2
236 187 2
236 188 2
236 189 2
236 265 12
236 266 24
236 270 8
236 271 12
236 272 18
236 273 -2
237 181 -2
237 182 -2
237 183 6
237 184 2
237 185 -4
237 186 2
237 187 2
237 188 2
237 189 2
237 265 12
237 266 24
237 270 8
237 271 4
237 272 18
237 273 6
238 182 -2
238 184 2
238 185 4
238 187 2
238 188 2
238 266 12
238 270 8
238 273 4
239 191 -4
239 193 -4
239 198 6
239 264 24
239 270 4
239 274 -12
240 182 10
240 183 -4
240 184 -2
240 194 2
240 199 4
240 265 12
240 267 24
240 271 -4
241 182 -2
241 184 2
241 185 -4
241 194 4
241 195 2
241 196 2
241 197 -6
241 200 4
241 266 12
241 267 24
241 271 -4
241 274 24
242 182 4
242 183 -4
242 184 -12
242 199 4
242 200 -4
242 204 6
242 267 24
242 268 36
242 270 8
242 273 -4
243 181 -4
243 182 -8
243 185 -8
243 201 2
243 202 -6
243 205 -8
243 269 48
243 271 4
243 273 4
244 181 4
244 203 8
244 204 2
244 268 -36
244 272 -12
244 274 -16
245 186 8
245 187 2
245 188 2
245 191 4
245 192 2
245 199 2
245 206 2
245 212 6
245 265 12
245 270 16
246 186 4
246 187 6
246 188 6
246 192 -6
246 193 8
246 200 2
246 206 4
246 207 2
246 208 2
246 209 -6
246 213 6
246 266 12
246 270 16
246 275 48
246 276 8
247 186 4
247 187 10
247 188 2
247 189 4
247 190 -4
247 194 -2
247 201 4
247 210 4
247 211 -2
247 214 4
247 271 24
247 276 8
248 186 4
248 187 2
248 188 2
248 189 -4
248 190 4
248 194 -4
248 195 6
248 196 -2
248 197 -6
248 202 4
248 210 4
248 211 -2
248 215 4
248 271 8
248 276 16
249 186 8
249 198 4
249 204 2
249 212 4
249 213 -4
249 218 8
249 270 16
249 272 24
250 186 4
250 187 4
250 188 4
250 189 8
250 190 -8
250 199 -2
250 200 2
250 205 8
250 214 2
250 215 -6
250 219 6
250 271 16
250 273 16
251 187 -4
251 188 4
251 201 4
251 204 2
251 216 8
251 219 -4
251 273 24
251 276 16
252 203 -2
252 217 10
252 218 -2
252 272 24
252 275 16
253 192 8
253 193 -8
253 194 8
253 204 8
253 221 4
253 222 -4
253 223 4
253 226 6
253 267 12
253 270 8
253 274 24
253 276 -4
254 191 -4
254 203 -12
254 223 -2
254 225 -6
254 230 6
254 268 12
254 274 16
254 275 16
255 191 -4
255 192 -4
255 193 -4
255 224 -4
255 231 6
255 269 12
255 276 4
256 198 -4
256 203 -8
256 226 -2
256 229 8
256 230 4
256 272 8
256 274 16
257 195 -4
257 196 4
257 202 4
257 227 -4
257 228 6
257 273 8
257 276 -8
258 206 8
258 218 8
258 220 4
258 223 2
258 270 4
258 275 12
259 206 4
259 207 8
259 209 -12
259 210 8
259 211 -4
259 219 8
259 221 -2
259 222 2
259 224 4
259 227 -2
259 271 4
259 276 8
260 217 20
260 225 -2
260 230 2
260 272 4
260 275 16
261 207 -4
261 208 4
261 216 12
261 223 2
261 224 4
261 273 4
261 276 8
262 216 8
262 226 2
262 228 -2
262 231 8
262 276 8
263 220 -4
263 225 -8
263 229 8
263 274 4
263 275 4
264 232 -4
264 234 -4
264 277 4
264 278 -12
265 232 4
265 233 2
265 235 2
265 277 32
266 233 -6
266 234 8
266 235 4
266 236 2
266 237 2
266 238 -6
266 277 32
266 279 24
266 280 8
267 233 8
267 234 -8
267 240 4
267 241 -4
267 242 4
267 277 16
267 278 48
267 280 -4
268 232 -4
268 242 -2
268 244 -6
268 278 32
268 279 8
269 232 -4
269 233 -4
269 234 -4
269 243 -4
269 280 4
270 235 8
270 239 4
270 242 2
270 245 4
270 246 -4
270 249 6
270 277 24
270 279 36
271 235 4
271 236 8
271 238 -12
271 240 -2
271 241 2
271 243 4
271 247 2
271 248 -6
271 250 4
271 280 24
272 244 -2
272 249 -2
272 252 8
272 279 24
273 236 -4
273 237 4
273 242 2
273 243 4
273 250 -4
273 251 6
273 280 24
274 239 -4
274 244 -8
274 253 -2
274 254 4
274 256 6
274 278 24
274 279 12
275 252 8
275 254 2
275 258 -2
275 260 6
275 279 12
276 251 8
276 253 2
276 255 8
276 257 -2
276 259 -4
276 261 4
276 262 6
276 280 12
277 264 4
277 265 4
277 266 -4
277 281 60
278 264 -4
278 267 -2
278 268 4
278 281 20
279 268 2
279 270 -2
279 272 6
279 281 40
280 267 2
280 269 8
280 271 -4
280 273 4
281 277 -2
282 292 12
282 295 4
282 302 8
282 307 4
282 310 12
282 314 -20
282 315 4
283 292 4
283 293 8
283 295 4
283 296 -4
283 302 8
283 303 12
283 306 -2
283 307 4
283 308 2
283 310 6
283 314 -10
283 316 8
283 317 2
284 292 4
284 294 8
284 296 4
284 297 4
284 303 -4
284 306 -4
284 307 6
284 308 4
284 309 4
284 310 6
284 311 -6
284 312 12
284 314 10
284 315 4
284 316 -2
284 317 4
285 292 4
285 297 4
285 298 -4
285 303 4
285 306 -4
285 307 4
285 309 8
285 311 -6
285 312 6
285 315 8
285 316 4
286 292 4
286 294 8
286 298 4
286 299 4
286 303 -4
286 306 -4
286 307 6
286 308 -4
286 309 4
286 310 -6
286 311 12
286 312 6
286 314 -10
286 315 4
286 316 2
286 317 -4
287 292 4
287 293 -8
287 295 -4
287 299 4
287 302 8
287 303 -4
287 306 -6
287 307 12
287 308 -2
287 310 -6
287 314 10
287 315 8
287 317 -2
288 294 4
288 296 4
288 299 -4
288 300 4
288 302 16
288 304 -4
288 307 4
288 308 -8
288 311 6
288 312 -6
288 313 36
288 315 4
288 317 -8
289 293 4
289 294 -4
289 297 4
289 300 -4
289 301 -4
289 302 -8
289 304 4
289 305 8
289 306 -4
289 308 4
289 309 -16
289 310 6
289 313 18
289 315 -8
289 316 2
289 317 -14
290 293 4
290 294 4
290 298 4
290 300 4
290 301 -4
290 302 8
290 304 -4
290 305 8
290 306 -4
290 308 12
290 310 6
290 313 18
290 315 8
290 316 2
290 317 -6
291 294 4
291 301 4
291 305 -4
291 309 8
291 311 6
291 312 -6
291 317 4
292 282 2
292 283 -4
292 284 -2
292 285 -2
292 286 -2
292 287 -4
292 318 16
292 319 4
292 323 -20
292 324 8
292 325 12
293 284 -2
293 286 2
293 289 -2
293 290 -2
293 319 4
293 320 -4
293 322 8
293 323 -20
293 324 -8
293 325 12
294 283 -2
294 285 -4
294 287 -2
294 288 -2
294 289 2
294 290 -2
294 291 -6
294 318 16
294 320 4
294 321 4
294 322 -8
294 324 8
294 326 12
295 282 4
295 283 2
295 284 -2
295 286 2
295 287 -2
295 319 12
295 327 8
295 332 4
295 333 4
295 337 -4
296 282 2
296 283 -2
296 284 4
296 285 2
296 286 -2
296 288 2
296 290 2
296 319 4
296 320 8
296 327 8
296 328 12
296 331 30
296 332 -2
296 333 -4
296 334 2
296 335 6
296 336 -12
296 337 8
297 283 -2
297 284 4
297 285 2
297 286 -2
297 289 2
297 290 -2
297 291 6
297 319 4
297 321 8
297 328 -4
297 332 4
297 333 6
297 334 -2
297 335 6
297 336 -6
297 337 8
298 284 2
298 285 -2
298 286 4
298 287 2
298 289 -2
298 290 2
298 291 -6
298 319 4
298 321 8
298 328 4
298 332 -4
298 333 6
298 334 -2
298 335 6
298 336 -6
298 337 8
299 282 -2
299 284 2
299 285 -2
299 286 4
299 287 2
299 288 -2
299 289 2
299 319 4
299 320 8
299 327 8
299 328 4
299 331 30
299 332 6
299 333 4
299 334 2
299 335 6
299 336 12
300 283 -2
300 287 2
300 288 4
300 289 -6
300 290 2
300 320 8
300 321 4
300 327 16
300 329 -4
300 332 8
300 333 4
300 334 8
300 336 12
300 337 8
301 284 -2
301 286 2
301 289 -4
301 290 -4
301 291 12
301 320 4
301 321 8
301 327 8
301 329 4
301 330 16
301 332 -4
301 334 12
301 335 12
301 336 12
301 337 4
302 318 4
302 327 4
302 338 -20
302 339 12
303 283 10
303 284 -2
303 285 4
303 286 -6
303 287 -2
303 319 4
303 322 8
303 328 -4
304 284 2
304 286 -2
304 288 -4
304 289 6
304 290 -2
304 320 4
304 322 8
304 328 -4
304 329 4
304 338 40
304 340 8
304 341 12
305 283 -2
305 284 -4
305 286 4
305 287 2
305 289 6
305 290 6
305 291 -12
305 321 4
305 322 8
305 329 -4
305 330 -8
305 340 8
305 341 12
306 283 4
306 284 -4
306 285 -4
306 286 -4
306 287 -12
306 322 8
306 323 20
306 327 8
306 332 -4
306 342 12
307 282 -4
307 283 -6
307 284 -2
307 285 -8
307 286 -2
307 287 2
307 289 4
307 290 -4
307 324 8
307 328 4
307 333 4
307 342 -12
307 343 24
308 283 -4
308 284 4
308 286 -4
308 287 4
308 288 -8
308 289 -4
308 290 4
308 329 4
308 333 4
308 334 -4
308 340 8
308 342 -12
308 343 -24
309 283 -2
309 284 -2
309 286 -2
309 287 -2
309 288 -4
309 290 -8
309 324 4
309 330 4
309 334 4
309 340 -4
309 343 12
310 282 4
310 284 2
310 286 -2
310 325 12
310 335 -4
310 339 8
310 342 -4
311 282 2
311 284 -2
311 286 4
311 287 2
311 288 2
311 325 4
311 326 8
311 335 -4
311 336 4
311 339 8
311 341 -12
311 342 2
312 282 -2
312 283 -2
312 284 4
312 286 2
312 288 -2
312 325 4
312 326 8
312 335 -4
312 336 -4
312 339 8
312 341 -4
312 342 -6
313 283 -2
313 287 2
313 288 4
313 326 4
313 336 -4
313 339 8
313 342 -4
314 282 -4
314 323 12
314 331 12
314 338 16
315 282 -4
315 283 -8
315 288 -8
315 289 4
315 290 -4
315 324 8
315 332 4
315 337 4
315 341 -12
316 283 2
316 285 4
316 287 6
316 325 12
316 333 4
316 337 -4
317 283 -2
317 287 2
317 288 -8
317 289 -16
317 290 -8
317 291 12
317 326 12
317 334 4
317 337 -4
317 339 -24
317 340 -8
318 292 -4
318 294 -4
318 344 4
318 345 -20
318 346 12
319 292 4
319 293 2
319 295 2
319 297 -2
319 298 -2
319 344 16
320 293 -2
320 294 4
320 295 4
320 297 2
320 298 2
320 300 -4
320 301 -2
320 344 16
320 347 40
320 348 8
320 349 8
320 350 12
321 293 -4
321 294 4
321 296 2
321 297 2
321 298 2
321 299 2
321 300 -2
321 301 -4
321 344 16
321 349 8
321 350 12
322 293 8
322 294 -8
322 303 4
322 304 -4
322 305 -4
322 306 4
322 344 8
322 345 40
322 348 -4
322 351 12
323 292 -4
323 306 -2
323 314 6
323 345 16
323 347 8
324 292 -8
324 293 -8
324 294 -8
324 307 -4
324 309 -4
324 315 -4
324 348 4
324 349 4
324 351 -12
325 292 4
325 310 2
325 316 -2
325 346 16
325 350 -4
326 293 -4
326 294 4
326 310 4
326 311 2
326 312 2
326 313 -6
326 317 -2
326 346 16
326 350 -4
326 351 -8
327 295 8
327 302 4
327 306 2
327 344 4
327 347 20
327 352 12
328 295 4
328 296 10
328 297 -6
328 298 2
328 299 2
328 300 -4
328 303 -2
328 304 -2
328 305 4
328 307 4
328 348 8
328 353 -12
328 354 8
329 296 4
329 297 4
329 298 -4
329 299 -4
329 300 -4
329 301 4
329 304 4
329 305 -4
329 308 4
329 353 -12
329 354 -8
330 296 -2
330 297 2
330 298 2
330 299 -2
330 300 -4
330 301 4
330 304 4
330 305 -2
330 309 4
330 348 4
330 354 4
331 314 2
331 347 8
332 296 -4
332 297 4
332 298 -4
332 299 4
332 306 2
332 315 4
332 348 8
332 353 12
333 295 -4
333 296 -6
333 299 2
333 307 4
333 308 2
333 316 -2
333 349 8
334 295 4
334 296 -2
334 299 -2
334 300 -8
334 301 4
334 308 -6
334 309 8
334 317 -2
334 349 8
334 352 24
334 354 16
335 296 -2
335 299 -2
335 310 -2
335 350 12
335 352 8
336 295 4
336 296 -6
336 299 2
336 310 -4
336 311 6
336 312 -2
336 313 -6
336 350 4
336 352 16
336 353 4
337 295 4
337 297 8
337 298 8
337 299 -8
337 300 -8
337 301 -4
337 315 4
337 316 -2
337 317 2
337 349 8
337 350 12
338 302 -4
338 314 8
338 345 4
338 347 4
339 302 4
339 310 8
339 346 4
339 352 -4
340 304 -8
340 308 8
340 309 -8
340 349 4
340 351 12
340 354 -8
341 304 -4
341 310 -4
341 311 -8
341 313 12
341 315 -4
341 350 4
341 351 8
341 353 -4
342 306 -4
342 307 -4
342 311 4
342 312 -4
342 351 8
342 352 8
342 353 4
343 307 -4
343 308 -4
343 309 -4
343 354 4
344 318 4
344 319 4
344 320 -4
344 321 -4
344 355 60
344 356 12
345 318 -4
345 322 -2
345 323 4
345 355 12
346 318 4
346 325 4
346 326 -4
346 356 -4
347 323 2
347 327 -2
347 331 6
347 355 12
348 322 2
348 324 4
348 328 -4
348 330 -4
348 332 4
349 320 -8
349 324 4
349 333 4
349 334 -4
349 337 -4
349 356 24
350 320 -4
350 325 -2
350 326 2
350 335 2
350 336 -6
350 337 -2
350 356 16
351 322 -4
351 324 -4
351 340 -2
351 341 -4
351 342 4
351 356 8
352 327 -4
352 339 2
352 342 2
352 356 4
353 328 -4
353 332 4
353 336 4
353 341 -4
353 342 4
354 328 -4
354 329 -4
354 330 -4
354 340 2
354 343 12
355 344 -2
356 344 -4
356 346 2
356 349 -2
356 350 -4
357 358 4
357 359 -28
357 360 12
357 361 -20
358 357 4
358 362 28
358 364 20
358 365 12
359 357 -4
359 362 4
360 357 4
360 363 20
360 365 -4
361 357 -4
361 363 12
361 364 4
362 358 -2
363 360 -2
363 361 -2
364 358 -4
364 361 -2
365 358 -4
365 360 2
365 365 0
