xi = 1 
ground_vanish_N
      M          N
    3.0000    1.0000
    4.0000    1.0000
    5.0000    2.0000
    6.0000    2.0000
    7.0000    3.0000
    8.0000    2.5000
    9.0000    4.0000
   10.0000    3.0000
   11.0000    5.0000

>> ground_vanish_N2(11)

     3     2
     4     1
     5     2
     6     2
     7     3
     8     2
     9     3
    10     3
    11     3

xi=2
>> ground_vanish_N(11)

     3     1
     4     2
     5     2
     6     3
     7     4
     8     5
     9     6
    10     7
    11     8

>> ground_vanish_N2(11)

     3     2
     4     1
     5     2
     6     2
     7     3
     8     2
     9     3
    10     3
    11     3
xi=6
>> ground_vanish_N(11)

     3     2
     4     3
     5     4
     6     5
     7     6
     8     7
     9     8
    10     9
    11    10

>> ground_vanish_N2(11)

     3     2
     4     1
     5     2
     6     2
     7     3
     8     2
     9     3
    10     3
    11     3

xi=11
>> ground_vanish_N(11)

     3     2
     4     3
     5     4
     6     5
     7     6
     8     7
     9     8
    10     9
    11    10

>> ground_vanish_N2(11)

     3     2
     4     1
     5     2
     6     2
     7     3
     8     2
     9     3
    10     3
    11     3
