0
3 2 2
-6.928203	-0.000000

4	0.988244
1	0.152882

5	0.448917
2	0.328630

4 4 4
-6.928203	0.000000

10	0.893431
8	0.414643
7	0.170745
2	0.026414

6	0.478202
9	0.345626
4	0.083373
1	0.025374

5 4 8
-12.310734	0.000000

18	0.881818
8	0.355023
9	0.308778
1	0.031825

12	0.937891
10	0.673557
20	0.660134
19	0.585875
13	0.275701
11	0.239372
2	0.148031
3	0.142019

6 3 10
-13.856406	0.000000

38	0.955069
19	0.295500
4	0.022857

12	0.862051
31	0.821952
30	0.790326
42	0.741338
32	0.585898
22	0.542697
13	0.436246
25	0.114685
1	0.100424
6	0.083955

7 10 26
-17.525145	-0.000000

84	0.794315
50	0.315434
53	0.259868
51	0.259868
52	0.249435
54	0.193869
16	0.117233
18	0.105744
17	0.098580
1	0.007437

62	1.816553
66	1.572239
63	0.835387
87	0.813233
86	0.784905
55	0.773129
22	0.707738
85	0.692925
23	0.606428
19	0.558586
59	0.392881
27	0.348135
65	0.337371
67	0.330627
58	0.304764
57	0.287309
25	0.243833
20	0.224998
64	0.208204
61	0.147080
26	0.136878
24	0.121823
21	0.104489
3	0.061926
2	0.061525
4	0.053944

8 16 42
-19.238937	0.000000

167	0.622165
180	0.538500
166	0.319453
106	0.288748
165	0.249919
168	0.160321
108	0.128613
109	0.111860
110	0.097174
107	0.074405
105	0.049420
35	0.045099
33	0.019896
34	0.017305
36	0.011529
4	0.001784

175	0.810646
126	0.503183
172	0.435518
83	0.408654
131	0.376222
171	0.334414
159	0.313646
80	0.294549
82	0.245186
158	0.238304
157	0.233566
84	0.174018
133	0.170187
123	0.155202
125	0.154965
121	0.134828
127	0.129662
81	0.124006
170	0.116697
176	0.084967
86	0.081243
50	0.078984
47	0.078590
45	0.071920
136	0.055418
79	0.050390
87	0.043590
23	0.043359
85	0.042568
124	0.039799
138	0.037621
122	0.034743
174	0.034618
173	0.033821
24	0.029118
120	0.024759
43	0.021058
135	0.017523
53	0.016965
132	0.014144
128	0.013616
129	0.011843

9 30 85
-22.685127	-0.000000

357	0.715787
282	0.283419
287	0.231234
283	0.231234
286	0.216959
284	0.216959
285	0.213553
288	0.164774
289	0.147092
290	0.147092
125	0.102764
129	0.089132
134	0.089132
132	0.086606
126	0.079712
128	0.079712
127	0.075160
137	0.075047
136	0.073022
135	0.073022
130	0.063601
133	0.063601
131	0.061528
138	0.056863
291	0.044272
31	0.037151
33	0.033890
34	0.032560
32	0.030825
1	0.001826

302	1.572493
315	1.565445
307	0.922220
303	0.805656
172	0.643172
178	0.618231
155	0.608513
316	0.538831
179	0.531101
361	0.510830
360	0.508205
156	0.493085
158	0.493085
359	0.487492
292	0.476344
157	0.471290
358	0.429918
159	0.357207
175	0.344156
294	0.337612
139	0.334543
304	0.329461
309	0.276109
298	0.269424
173	0.265100
311	0.262766
296	0.252121
141	0.246911
300	0.244507
310	0.227094
39	0.218475
176	0.218363
306	0.210504
314	0.207424
41	0.195586
295	0.191125
160	0.181436
40	0.180806
35	0.179695
163	0.176526
146	0.144669
165	0.143672
47	0.136098
317	0.133245
142	0.120964
140	0.120964
48	0.117079
169	0.110954
153	0.110615
144	0.105873
147	0.105873
152	0.100888
43	0.100842
313	0.100716
36	0.096854
149	0.095847
305	0.094905
168	0.093766
180	0.078127
174	0.075719
46	0.071474
148	0.070536
301	0.064213
37	0.056257
50	0.054796
177	0.053931
161	0.047955
164	0.047173
162	0.045262
167	0.044932
171	0.041588
44	0.041357
154	0.035791
49	0.031611
45	0.031247
42	0.026773
299	0.025344
38	0.022873
150	0.019363
308	0.018518
145	0.014937
3	0.013577
2	0.013192
5	0.012069
4	0.011188

10 10 88
-24.621468	0.000000

710	0.664264
572	0.534870
573	0.465198
279	0.187290
278	0.107670
280	0.081447
275	0.047947
65	0.019304
66	0.016789
6	0.000865

627	2.387678
598	1.714741
692	1.685593
725	1.680569
694	1.653465
497	1.649027
693	1.626015
499	1.532954
691	1.526367
722	1.491520
496	1.394756
495	1.394272
506	1.252498
509	1.233799
508	1.214908
695	1.140227
512	1.136316
189	0.961636
355	0.961287
498	0.916554
191	0.888407
356	0.836071
507	0.782043
196	0.781252
631	0.701878
202	0.700498
320	0.690360
634	0.676603
190	0.631385
620	0.609392
623	0.600491
321	0.600435
192	0.594150
635	0.588469
511	0.569482
624	0.522272
43	0.513309
510	0.507747
197	0.503436
205	0.462125
194	0.428704
514	0.419332
317	0.376858
200	0.374899
352	0.361551
44	0.336527
503	0.283160
362	0.282579
206	0.281712
195	0.272645
198	0.262481
363	0.245770
341	0.245343
208	0.244237
45	0.222668
193	0.221973
342	0.213385
199	0.202392
203	0.187468
209	0.157362
79	0.151724
504	0.147079
92	0.145561
80	0.131961
46	0.129635
93	0.126601
502	0.121131
207	0.114372
201	0.109974
210	0.100461
95	0.086173
82	0.061886
365	0.060653
344	0.053830
204	0.048387
703	0.035865
505	0.032660
501	0.032015
1	0.028818
98	0.025331
88	0.021993
513	0.019665
553	0.014118
10	0.013601
12	0.013049
556	0.012025
554	0.012005
555	0.011437

11 94 287
-27.820611	0.000000

1461	0.641635
1314	0.253827
1315	0.206510
1321	0.206510
1320	0.192669
1316	0.192669
1319	0.187568
1317	0.187568
1318	0.186205
1322	0.145353
1326	0.126411
1323	0.126411
1324	0.119947
1325	0.119947
1327	0.106106
1328	0.101005
836	0.091447
842	0.078733
856	0.078733
847	0.075283
854	0.075283
851	0.074456
841	0.069691
837	0.069691
861	0.065597
840	0.063300
838	0.063300
857	0.062657
860	0.062657
872	0.062075
865	0.062075
839	0.061721
871	0.061322
868	0.061322
870	0.058657
859	0.058502
858	0.058502
855	0.053615
843	0.053615
846	0.050586
848	0.049340
852	0.049340
853	0.046430
844	0.046430
862	0.046032
876	0.046032
845	0.045645
850	0.045645
873	0.044664
849	0.042980
864	0.042337
869	0.042337
874	0.041754
866	0.041754
875	0.041091
863	0.041091
867	0.038151
877	0.033386
285	0.032037
289	0.028283
294	0.028283
292	0.027602
304	0.026444
295	0.026444
301	0.025345
309	0.024779
313	0.024362
307	0.024362
286	0.024173
288	0.024173
287	0.022587
302	0.022523
298	0.022523
300	0.022035
297	0.022035
296	0.021603
303	0.021603
314	0.020872
310	0.020265
305	0.019764
306	0.019764
293	0.019763
290	0.019763
291	0.018833
308	0.018114
312	0.018114
311	0.017670
299	0.017168
57	0.011431
59	0.010481
61	0.010160
60	0.009891
58	0.009422
1	0.000459

1363	3.255590
1346	3.049387
1369	2.213355
1347	1.636152
1003	1.517897
1352	1.370575
978	1.270671
1364	1.266794
924	1.182860
981	1.031168
979	1.031074
980	0.985684
925	0.951980
929	0.951980
958	0.917504
928	0.888699
926	0.888699
989	0.876375
927	0.873653
1367	0.818908
1466	0.778382
1465	0.773398
1464	0.768643
1348	0.760262
992	0.753279
982	0.750495
1463	0.735995
1354	0.733829
1329	0.717302
974	0.712527
930	0.660207
1462	0.648866
1371	0.640054
1004	0.619671
960	0.606232
414	0.604701
932	0.582715
931	0.582715
416	0.521012
975	0.513348
1365	0.512647
1331	0.501834
878	0.499966
389	0.485257
403	0.460534
1358	0.449395
996	0.424738
1337	0.424653
889	0.423607
349	0.416662
1339	0.414613
405	0.412731
934	0.410829
965	0.409276
1356	0.407762
1360	0.406020
1373	0.399365
939	0.394448
943	0.392673
1335	0.383745
404	0.382031
1349	0.371273
995	0.365727
358	0.358227
353	0.358227
1341	0.357444
882	0.349163
880	0.349163
1355	0.348962
1372	0.348489
356	0.347324
961	0.344597
959	0.329413
1351	0.318220
350	0.316892
352	0.316892
1343	0.314148
1362	0.313911
361	0.298134
351	0.297157
963	0.292031
1334	0.289287
359	0.289279
360	0.289279
983	0.282893
393	0.278431
966	0.278283
986	0.275405
891	0.272544
390	0.267213
991	0.260305
315	0.259705
357	0.248344
354	0.248344
415	0.246735
355	0.239304
1333	0.238702
396	0.226323
394	0.226318
994	0.224717
322	0.221429
362	0.220668
395	0.216460
948	0.213788
417	0.212883
976	0.207493
1368	0.201989
954	0.189982
317	0.187178
972	0.183630
919	0.182510
935	0.177649
912	0.177025
883	0.176246
879	0.176246
933	0.173431
938	0.172871
952	0.172798
907	0.171021
420	0.167909
956	0.167513
971	0.167262
940	0.167240
944	0.165887
946	0.165570
397	0.165244
901	0.163912
998	0.158958
917	0.155185
968	0.153127
911	0.152640
1375	0.151918
391	0.151334
899	0.151326
885	0.151321
895	0.151321
881	0.148676
1366	0.146794
67	0.146020
373	0.144287
951	0.143944
893	0.137118
890	0.137118
69	0.132568
906	0.128970
967	0.128719
887	0.127846
892	0.127846
70	0.126802
904	0.125906
318	0.125003
316	0.125003
62	0.123083
418	0.121094
950	0.121087
68	0.119396
988	0.118552
897	0.116350
1005	0.115552
398	0.114458
332	0.113833
328	0.113833
1350	0.113422
401	0.111419
320	0.108120
323	0.108120
898	0.107838
1344	0.107574
1000	0.104622
1345	0.104072
77	0.101128
331	0.100900
1361	0.099400
375	0.097314
363	0.093868
368	0.090940
366	0.090893
79	0.090689
999	0.090133
78	0.084022
324	0.080499
319	0.080499
407	0.077862
387	0.077542
921	0.077504
1370	0.077436
72	0.076483
63	0.074710
984	0.074365
987	0.073118
985	0.070003
386	0.068963
915	0.068892
334	0.066927
85	0.066907
922	0.066700
343	0.066509
383	0.065033
326	0.064400
333	0.064400
380	0.063988
918	0.063621
342	0.062988
411	0.062331
977	0.059384
1342	0.058716
973	0.058607
914	0.057927
86	0.057691
64	0.057587
347	0.055280
1338	0.055142
936	0.054657
82	0.053987
941	0.053660
376	0.053365
382	0.053042
909	0.052854
341	0.052820
410	0.052815
338	0.052129
374	0.052119
945	0.051944
902	0.048244
937	0.048209
1340	0.047192
378	0.045516
916	0.045084
329	0.044432
381	0.044367
321	0.043461
947	0.042214
73	0.041916
913	0.041879
406	0.041554
942	0.041529
957	0.040863
392	0.040132
1002	0.038972
337	0.037555
76	0.035924
900	0.035379
1353	0.034917
886	0.030327
894	0.030327
399	0.030075
419	0.029787
402	0.029554
372	0.029448
908	0.029355
81	0.028864
923	0.028855
400	0.028284
969	0.027516
1359	0.026664
888	0.026092
905	0.025648
371	0.025629
65	0.025605
345	0.025496
364	0.025311
369	0.024797
367	0.024636
370	0.024583
388	0.024225
74	0.023884
409	0.023706
348	0.023641
365	0.023347
413	0.022949
83	0.021996
903	0.021711
990	0.021489
336	0.020611
84	0.017478
80	0.016791
75	0.016535
346	0.016372
1336	0.016324
993	0.015253
1357	0.015119
955	0.015067
339	0.014504
71	0.013921
1374	0.013808
384	0.013113
66	0.011871

-1
3 2 2
-6.928203	-0.000000

4	0.988244
1	0.152882

5	0.380216
2	0.101879

4 4 4
-6.928203	0.000000

7	0.675661
10	0.661949
8	0.307212
2	0.104525

9	0.406609
6	0.406609
4	0.094354
1	0.054475

5 4 8
-12.310734	-0.000000

18	0.881818
8	0.355023
9	0.308778
1	0.031825

20	0.541627
19	0.480699
13	0.226207
11	0.196399
10	0.139000
12	0.137303
2	0.035128
3	0.018340

6 3 9
-13.856406	0.000000

38	0.955069
19	0.295500
4	0.022857

31	0.781065
42	0.704462
30	0.418572
22	0.188760
12	0.138182
25	0.108981
6	0.029201
32	0.028039
1	0.010688

7 10 22
-17.525145	-0.000000

84	0.794315
50	0.315434
53	0.259868
51	0.259868
52	0.249435
54	0.193869
16	0.117233
18	0.105744
17	0.098580
1	0.007437

63	0.523826
87	0.509934
86	0.492171
85	0.434495
62	0.251790
59	0.217944
65	0.211547
67	0.207318
58	0.191101
64	0.130553
55	0.114967
61	0.092226
26	0.085829
19	0.083748
22	0.083149
24	0.076388
21	0.065520
23	0.064241
20	0.042105
66	0.040892
60	0.025813
2	0.010260

8 16 43
-19.238937	0.000000

167	0.559486
180	0.484249
166	0.477318
106	0.259658
165	0.224741
108	0.192170
109	0.167138
168	0.144170
110	0.087384
105	0.073841
107	0.066909
35	0.040555
33	0.029729
34	0.025856
36	0.017227
4	0.002665

158	1.566611
176	0.911045
157	0.881716
174	0.743176
173	0.726055
159	0.405039
138	0.383914
84	0.382341
80	0.363592
79	0.357348
82	0.324061
132	0.303640
128	0.292312
129	0.254236
86	0.216606
124	0.214898
136	0.212275
120	0.194546
87	0.183016
81	0.149595
85	0.147394
137	0.139883
23	0.128345
130	0.114970
41	0.078325
42	0.068122
53	0.061193
175	0.060039
54	0.058901
46	0.054310
25	0.047713
49	0.046973
83	0.046259
126	0.037537
44	0.033245
172	0.032489
131	0.027864
48	0.026204
24	0.025207
121	0.013739
133	0.012632
170	0.011892
171	0.011059

9 30 71
-22.685127	-0.000000

357	0.715787
282	0.283419
283	0.231234
287	0.231234
286	0.216959
284	0.216959
285	0.213553
288	0.164774
289	0.147092
290	0.147092
125	0.102764
134	0.089132
129	0.089132
132	0.086606
126	0.079712
128	0.079712
127	0.075160
137	0.075047
135	0.073022
136	0.073022
133	0.063601
130	0.063601
131	0.061528
138	0.056863
291	0.044272
31	0.037151
33	0.033890
34	0.032560
32	0.030825
1	0.001826

303	0.556571
316	0.372241
361	0.352897
360	0.351083
359	0.336774
358	0.297000
302	0.274307
304	0.227601
300	0.168913
298	0.163611
310	0.156883
296	0.151657
176	0.150852
311	0.149943
306	0.145422
314	0.143294
295	0.132035
160	0.125342
163	0.121949
309	0.104731
155	0.095395
317	0.092049
292	0.076968
158	0.070468
156	0.070468
152	0.069696
313	0.069577
153	0.067084
305	0.065563
157	0.065554
168	0.064776
169	0.061992
149	0.056874
180	0.053972
139	0.053190
174	0.052309
148	0.048728
307	0.048605
301	0.044361
159	0.041549
172	0.041423
312	0.038194
177	0.037257
161	0.033121
164	0.032588
162	0.031276
35	0.029253
171	0.028730
39	0.028629
141	0.025486
140	0.025061
142	0.025061
315	0.025020
154	0.024726
41	0.024435
146	0.023283
49	0.021838
45	0.021586
40	0.021171
36	0.018713
42	0.018496
297	0.016961
175	0.016685
170	0.015869
38	0.015801
147	0.015738
144	0.015738
167	0.014887
308	0.012793
145	0.012073
179	0.010267

10 10 78
-24.621468	0.000000

710	0.664264
572	0.534870
573	0.465198
279	0.187290
278	0.107670
280	0.081447
275	0.047947
65	0.019304
66	0.016789
6	0.000865

692	1.484824
725	1.480396
694	1.456521
722	1.313865
691	0.740475
693	0.652696
631	0.618277
511	0.614945
496	0.611823
500	0.608904
634	0.596012
620	0.536807
623	0.528966
635	0.518376
504	0.510452
502	0.510101
624	0.460064
509	0.446828
512	0.384166
598	0.379920
506	0.376142
627	0.375282
495	0.364547
508	0.295960
362	0.248921
514	0.247418
206	0.224277
363	0.216496
341	0.216120
510	0.192744
342	0.187969
199	0.178285
207	0.168970
498	0.167371
196	0.165108
320	0.152957
355	0.151090
202	0.144627
209	0.138618
503	0.136139
321	0.133033
356	0.131409
499	0.129091
189	0.099638
317	0.096014
194	0.094793
204	0.091658
505	0.084524
193	0.074185
191	0.070735
195	0.063860
200	0.060525
208	0.054593
365	0.053428
352	0.050128
507	0.048882
201	0.047841
344	0.047418
43	0.044489
79	0.038656
198	0.038503
695	0.038103
190	0.034713
80	0.033620
197	0.028963
501	0.028202
497	0.026843
45	0.024065
98	0.022314
92	0.020181
205	0.019571
88	0.019374
93	0.017553
513	0.017323
44	0.014628
82	0.013712
95	0.013544
203	0.011152

11 94 244
-27.820611	-0.000000

1461	0.641635
1314	0.253827
1321	0.206510
1315	0.206510
1320	0.192669
1316	0.192669
1317	0.187568
1319	0.187568
1318	0.186205
1322	0.145353
1326	0.126411
1323	0.126411
1324	0.119947
1325	0.119947
1327	0.106106
1328	0.101005
836	0.091447
856	0.078733
842	0.078733
854	0.075283
847	0.075283
851	0.074456
837	0.069691
841	0.069691
861	0.065597
840	0.063300
838	0.063300
860	0.062657
857	0.062657
872	0.062075
865	0.062075
839	0.061721
868	0.061322
871	0.061322
870	0.058657
859	0.058502
858	0.058502
855	0.053615
843	0.053615
846	0.050586
848	0.049340
852	0.049340
853	0.046430
844	0.046430
876	0.046032
862	0.046032
845	0.045645
850	0.045645
873	0.044664
849	0.042980
864	0.042337
869	0.042337
874	0.041754
866	0.041754
863	0.041091
875	0.041091
867	0.038151
877	0.033386
285	0.032037
294	0.028283
289	0.028283
292	0.027602
295	0.026444
304	0.026444
301	0.025345
309	0.024779
313	0.024362
307	0.024362
286	0.024173
288	0.024173
287	0.022587
302	0.022523
298	0.022523
300	0.022035
297	0.022035
303	0.021603
296	0.021603
314	0.020872
310	0.020265
305	0.019764
306	0.019764
293	0.019763
290	0.019763
291	0.018833
312	0.018114
308	0.018114
311	0.017670
299	0.017168
57	0.011431
59	0.010481
61	0.010160
60	0.009891
58	0.009422
1	0.000459

1347	1.089614
1364	0.843636
1346	0.557281
1367	0.545361
1466	0.518373
1465	0.515053
1464	0.511887
1348	0.506305
1463	0.490145
1462	0.432120
975	0.341870
1365	0.341403
1354	0.336148
934	0.273596
1360	0.270394
939	0.262687
943	0.261505
1349	0.247254
1337	0.244103
1358	0.244092
995	0.243560
1339	0.242113
1341	0.238044
1355	0.232395
1372	0.232080
996	0.225221
1335	0.221556
1356	0.216367
1373	0.216117
1351	0.211922
1343	0.209211
1362	0.209052
924	0.200634
1334	0.192654
1371	0.191439
983	0.188396
986	0.183409
1363	0.156682
925	0.151313
929	0.151313
976	0.138182
928	0.137426
926	0.137426
1368	0.134517
927	0.134135
960	0.130411
935	0.118281
938	0.115152
956	0.111557
971	0.111390
940	0.111339
1329	0.111232
944	0.110474
946	0.110300
998	0.105860
912	0.101950
1375	0.101171
919	0.101168
954	0.100886
907	0.100238
972	0.099413
911	0.099366
1366	0.097759
917	0.096523
951	0.095861
901	0.093191
930	0.089670
952	0.089442
904	0.086136
906	0.085889
967	0.085722
899	0.084717
418	0.080644
968	0.079074
988	0.078951
991	0.078534
1352	0.077662
964	0.077122
1005	0.076953
398	0.076224
878	0.075768
1350	0.075535
401	0.074201
931	0.073012
932	0.073012
898	0.071816
994	0.071632
958	0.071240
1345	0.069308
1344	0.066944
1361	0.066197
889	0.065348
1357	0.065256
997	0.063571
363	0.062512
349	0.062221
368	0.060557
366	0.060536
999	0.060025
1374	0.059040
1000	0.054792
974	0.053501
1370	0.051569
922	0.051243
358	0.051014
353	0.051014
984	0.049509
356	0.048826
987	0.048694
950	0.047565
985	0.046635
386	0.045927
1342	0.043799
915	0.043500
350	0.042071
352	0.042071
387	0.041013
978	0.040114
361	0.039698
315	0.039655
977	0.039548
973	0.039030
914	0.038577
351	0.037976
918	0.037924
359	0.037782
360	0.037782
343	0.037637
389	0.037569
1359	0.037431
347	0.036814
342	0.036685
936	0.036337
941	0.035689
382	0.035324
341	0.035176
410	0.035173
883	0.035165
879	0.035165
945	0.034639
322	0.033791
966	0.033006
909	0.032810
383	0.032671
411	0.032510
937	0.032168
1003	0.031267
921	0.031238
913	0.030269
880	0.030080
882	0.030080
881	0.030033
916	0.030024
338	0.029446
357	0.029101
354	0.029101
992	0.028318
947	0.028113
406	0.027673
942	0.027657
957	0.027213
355	0.027153
953	0.027066
392	0.026726
1002	0.025954
965	0.025872
416	0.025317
970	0.025167
337	0.025010
362	0.024867
963	0.023851
318	0.023608
316	0.023608
1353	0.023253
1336	0.023133
1004	0.022471
317	0.022422
893	0.021682
890	0.021682
414	0.021575
989	0.020537
885	0.020199
895	0.020199
399	0.020022
891	0.019943
933	0.019884
419	0.019837
402	0.019682
888	0.019670
372	0.019611
908	0.019550
905	0.019469
62	0.019232
923	0.019217
332	0.019144
328	0.019144
400	0.018842
67	0.018476
375	0.018195
887	0.017811
892	0.017811
371	0.017068
886	0.016927
894	0.016927
364	0.016849
393	0.016712
369	0.016514
367	0.016406
370	0.016371
69	0.016315
1001	0.016211
388	0.016133
902	0.016068
320	0.015813
323	0.015813
348	0.015744
955	0.015601
345	0.015592
365	0.015555
981	0.015346
413	0.015283
979	0.015283
70	0.015076
990	0.014311
321	0.014096
68	0.013622
63	0.013398
910	0.013002
331	0.012427
319	0.012249
324	0.012249
982	0.012110
391	0.011803
84	0.011640
948	0.011464
80	0.011182
379	0.011032
75	0.011012
1369	0.010594
385	0.010364
334	0.010248
396	0.010223
394	0.010220
993	0.010158

1
3 2 2
-6.928203	-0.000000

4	0.988244
1	0.152882

2	0.578942
5	0.484004

4 4 4
-6.928203	0.000000

10	0.763163
7	0.534141
8	0.354185
2	0.082632

6	8.131533
1	1.817054
4	1.280902
9	1.186613

5 4 8
-12.310734	0.000000

18	0.881818
8	0.355023
9	0.308778
1	0.031825

12	2.110540
10	1.454890
20	0.815506
19	0.723769
13	0.340590
3	0.323276
2	0.312854
11	0.295711

6 3 10
-13.856406	-0.000000

38	0.955069
19	0.295500
4	0.022857

30	3.189023
12	2.949794
32	1.895460
22	1.399152
13	1.376649
31	1.296906
42	1.169710
1	0.334652
6	0.216450
25	0.180955

7 10 27
-17.525145	-0.000000

84	0.794315
50	0.315434
53	0.259868
51	0.259868
52	0.249435
54	0.193869
16	0.117233
18	0.105744
17	0.098580
1	0.007437

62	1.408296
66	1.398768
55	0.593950
22	0.559069
23	0.483910
19	0.428653
63	0.364058
87	0.354403
86	0.342058
85	0.301973
27	0.300956
57	0.243847
25	0.217117
59	0.190961
20	0.166843
65	0.147025
67	0.144086
58	0.132815
64	0.090734
61	0.064097
26	0.059651
24	0.053090
3	0.049570
4	0.046692
2	0.046494
21	0.045536
60	0.021551

8 16 42
-19.238937	0.000000

166	0.743295
167	0.349077
180	0.302135
108	0.299253
109	0.260273
106	0.162007
165	0.140221
105	0.114988
168	0.089951
110	0.054521
33	0.046295
107	0.041746
34	0.040264
36	0.026826
35	0.025303
4	0.004150

159	1.942992
157	1.744379
79	1.527058
81	1.475952
136	0.967778
23	0.941836
80	0.850291
158	0.754245
87	0.750005
124	0.667132
86	0.659627
24	0.549225
82	0.532433
84	0.466271
120	0.387834
176	0.362284
174	0.331881
173	0.324235
53	0.297952
25	0.277661
41	0.156143
138	0.150764
46	0.143457
42	0.135804
132	0.135597
128	0.130538
129	0.113534
44	0.103206
1	0.070296
137	0.055839
130	0.051342
85	0.043606
54	0.023227
10	0.022932
8	0.022193
49	0.020977
175	0.019074
171	0.014366
7	0.013997
126	0.011791
48	0.011702
172	0.010205

9 30 89
-22.685127	-0.000000

357	0.715787
282	0.283419
283	0.231234
287	0.231234
284	0.216959
286	0.216959
285	0.213553
288	0.164774
290	0.147092
289	0.147092
125	0.102764
134	0.089132
129	0.089132
132	0.086606
126	0.079712
128	0.079712
127	0.075160
137	0.075047
136	0.073022
135	0.073022
133	0.063601
130	0.063601
131	0.061528
138	0.056863
291	0.044272
31	0.037151
33	0.033890
34	0.032560
32	0.030825
1	0.001826

315	2.448086
302	2.173779
307	1.514729
172	1.065013
178	0.981405
155	0.853511
179	0.852027
158	0.699431
156	0.699431
157	0.670575
292	0.665503
303	0.637326
309	0.556767
294	0.529975
175	0.525393
159	0.517570
139	0.468382
316	0.426250
173	0.417563
361	0.404100
360	0.402023
359	0.385638
141	0.361462
358	0.340093
39	0.312873
41	0.281462
40	0.261816
304	0.260625
35	0.250804
311	0.244032
298	0.238914
165	0.235621
296	0.225226
47	0.210678
146	0.202224
300	0.193421
48	0.182977
310	0.179646
176	0.172739
306	0.166522
43	0.166185
314	0.164085
142	0.162684
140	0.162684
295	0.151192
144	0.149484
147	0.149484
160	0.143528
163	0.139643
36	0.131806
46	0.115767
317	0.105405
169	0.104557
153	0.098189
167	0.088136
50	0.087740
149	0.086516
152	0.079809
313	0.079673
37	0.078466
305	0.075076
168	0.074175
44	0.065005
180	0.061803
174	0.059899
148	0.055799
301	0.050797
299	0.045831
177	0.042663
161	0.037945
145	0.037457
164	0.037317
162	0.035796
171	0.032899
297	0.032143
312	0.028598
154	0.028313
150	0.026012
49	0.025006
45	0.024718
42	0.021179
3	0.019666
5	0.018835
2	0.018200
38	0.018094
4	0.018051
170	0.015398
308	0.014649
151	0.014181

10 10 83
-24.621468	0.000000

710	0.664264
572	0.534870
573	0.465198
279	0.187290
278	0.107670
280	0.081447
275	0.047947
65	0.019304
66	0.016789
6	0.000865

627	4.309145
693	3.956087
691	3.857360
497	3.297773
499	3.182772
495	3.172797
598	2.970487
506	2.904908
508	2.740241
695	2.302240
496	2.075604
189	2.017569
509	1.942237
191	1.839955
512	1.819552
355	1.734876
196	1.733768
692	1.670019
725	1.665039
694	1.638186
498	1.627925
356	1.508893
507	1.494657
722	1.477737
202	1.225385
510	1.222894
190	1.212061
320	1.195928
192	1.175170
514	1.109194
43	1.067171
321	1.040147
197	1.030144
194	0.956103
205	0.937722
504	0.865560
502	0.813748
206	0.810469
500	0.702621
631	0.695392
44	0.683288
200	0.674795
634	0.670350
352	0.660041
317	0.638762
620	0.603760
623	0.594942
635	0.583031
198	0.563416
208	0.545363
193	0.523283
624	0.517445
195	0.468425
45	0.468289
511	0.436795
207	0.416676
503	0.407968
203	0.384014
362	0.279967
92	0.265734
79	0.257168
46	0.256875
363	0.243499
341	0.243076
93	0.231120
80	0.223669
342	0.211413
199	0.200522
210	0.198683
201	0.164108
505	0.159782
209	0.155908
95	0.155519
82	0.107207
365	0.060092
1	0.059346
344	0.053332
501	0.031719
98	0.025097
12	0.023821
10	0.023053
88	0.021790
513	0.019484

11 94 293
-27.820611	-0.000000

1461	0.641635
1314	0.253827
1321	0.206510
1315	0.206510
1316	0.192669
1320	0.192669
1319	0.187568
1317	0.187568
1318	0.186205
1322	0.145353
1326	0.126411
1323	0.126411
1325	0.119947
1324	0.119947
1327	0.106106
1328	0.101005
836	0.091447
842	0.078733
856	0.078733
847	0.075283
854	0.075283
851	0.074456
841	0.069691
837	0.069691
861	0.065597
838	0.063300
840	0.063300
860	0.062657
857	0.062657
872	0.062075
865	0.062075
839	0.061721
871	0.061322
868	0.061322
870	0.058657
858	0.058502
859	0.058502
843	0.053615
855	0.053615
846	0.050586
852	0.049340
848	0.049340
853	0.046430
844	0.046430
862	0.046032
876	0.046032
850	0.045645
845	0.045645
873	0.044664
849	0.042980
864	0.042337
869	0.042337
874	0.041754
866	0.041754
863	0.041091
875	0.041091
867	0.038151
877	0.033386
285	0.032037
294	0.028283
289	0.028283
292	0.027602
295	0.026444
304	0.026444
301	0.025345
309	0.024779
313	0.024362
307	0.024362
286	0.024173
288	0.024173
287	0.022587
298	0.022523
302	0.022523
297	0.022035
300	0.022035
303	0.021603
296	0.021603
314	0.020872
310	0.020265
305	0.019764
306	0.019764
293	0.019763
290	0.019763
291	0.018833
312	0.018114
308	0.018114
311	0.017670
299	0.017168
57	0.011431
59	0.010481
61	0.010160
60	0.009891
58	0.009422
1	0.000459

1363	4.293542
1346	3.599874
1369	3.039333
1003	2.109001
1352	1.955086
978	1.697402
924	1.412354
981	1.395143
979	1.395079
1354	1.349389
980	1.338591
958	1.328570
989	1.220208
925	1.147116
929	1.147116
1347	1.119342
928	1.074797
926	1.074797
1371	1.072424
992	1.059773
927	1.057590
982	1.039314
960	0.963453
974	0.919962
1329	0.867190
1364	0.866653
414	0.849553
1004	0.824789
930	0.811220
416	0.738888
932	0.722303
931	0.722303
389	0.702553
1331	0.684850
403	0.627455
878	0.606249
965	0.586574
405	0.565208
1367	0.560240
1466	0.532515
1465	0.529105
404	0.526765
1464	0.525852
1348	0.520119
889	0.512475
349	0.506184
1463	0.503517
961	0.466104
959	0.455716
882	0.446846
880	0.446846
1462	0.443909
358	0.437743
353	0.437743
991	0.436842
356	0.425072
963	0.424077
966	0.414671
350	0.390373
352	0.390373
994	0.381058
390	0.372065
351	0.367577
361	0.367144
1358	0.364138
393	0.363799
359	0.356996
360	0.356996
891	0.352424
975	0.351197
1365	0.350718
996	0.349787
1356	0.335656
415	0.331958
1333	0.331657
1337	0.330274
1373	0.324422
1339	0.318581
315	0.314607
357	0.309905
354	0.309905
948	0.304296
355	0.299537
396	0.299167
394	0.299164
1335	0.297463
417	0.288777
395	0.287092
934	0.281061
1360	0.277771
362	0.276387
939	0.269854
943	0.268640
322	0.268260
1349	0.253999
995	0.250205
1341	0.244539
1355	0.238735
1372	0.238412
317	0.233075
420	0.228938
397	0.223078
391	0.219190
1351	0.217704
933	0.216873
1343	0.214918
1362	0.214756
950	0.214542
373	0.207593
879	0.205027
883	0.205027
1334	0.197910
983	0.193536
986	0.188413
895	0.186297
885	0.186297
67	0.180814
881	0.172575
890	0.165339
893	0.165339
69	0.164628
70	0.158011
897	0.157728
887	0.156631
892	0.156631
954	0.156307
375	0.151843
68	0.149372
972	0.149129
62	0.148653
316	0.146784
318	0.146784
919	0.145794
952	0.144550
976	0.141952
1368	0.138187
912	0.137485
328	0.136086
332	0.136086
77	0.134557
323	0.131692
320	0.131692
907	0.131029
901	0.128541
968	0.128286
331	0.125293
935	0.121562
79	0.121230
899	0.120025
938	0.118240
956	0.114601
940	0.114452
971	0.114429
944	0.113488
946	0.113234
917	0.113177
78	0.113017
72	0.109896
407	0.109224
998	0.108748
911	0.106775
1375	0.103931
1366	0.100426
951	0.098476
324	0.097561
319	0.097561
85	0.092209
380	0.091399
63	0.088460
906	0.088233
967	0.088061
1000	0.086864
326	0.084442
333	0.084442
904	0.083787
418	0.082844
988	0.081105
334	0.081046
86	0.080211
1005	0.079053
1344	0.078419
398	0.078304
1350	0.077595
1338	0.077480
82	0.076240
401	0.076225
1359	0.074935
921	0.073956
898	0.073776
376	0.072293
964	0.071811
374	0.071441
1345	0.071199
64	0.069484
1361	0.068003
1340	0.067217
378	0.065985
381	0.065199
363	0.064218
387	0.063966
368	0.062220
366	0.062177
999	0.061663
886	0.058884
894	0.058884
73	0.058077
888	0.055908
383	0.055419
997	0.053117
1370	0.052976
343	0.052338
329	0.051993
411	0.051888
76	0.051107
984	0.050891
987	0.050022
915	0.049575
902	0.049504
342	0.048498
918	0.048091
985	0.047876
386	0.047180
1357	0.046350
1336	0.046099
321	0.044986
969	0.042352
1374	0.041758
338	0.041077
977	0.040626
900	0.040608
973	0.040095
81	0.039673
914	0.039629
409	0.039574
922	0.038621
909	0.038614
347	0.037819
936	0.037457
941	0.036758
955	0.036642
382	0.036288
341	0.036136
410	0.036132
945	0.035489
1342	0.035345
74	0.034308
937	0.032917
903	0.031230
916	0.030843
65	0.030367
83	0.029760
947	0.028880
406	0.028428
942	0.028411
957	0.027955
392	0.027455
1002	0.026662
913	0.026206
337	0.025692
953	0.024864
1353	0.023888
336	0.021631
970	0.021150
399	0.020581
419	0.020378
402	0.020219
372	0.020147
908	0.020083
384	0.019900
923	0.019741
400	0.019343
345	0.018868
346	0.018037
371	0.017533
364	0.017323
369	0.016964
367	0.016854
370	0.016819
388	0.016573
348	0.016173
365	0.015965
413	0.015700
339	0.015336
905	0.015092
990	0.014701
910	0.014699
1001	0.013923
379	0.012162
84	0.011957
80	0.011487
75	0.011312
385	0.011187
993	0.010435

2
3 2 2
-6.928203	0.000000

4	0.988244
1	0.152882

2	0.968635
5	0.583426

4 4 4
-6.928203	0.000000

10	0.807924
7	0.449261
8	0.374959
2	0.069501

6	4.255411
1	0.939079
4	0.601009
9	0.393912

5 4 8
-12.310734	0.000000

18	0.881818
8	0.355023
9	0.308778
1	0.031825

12	1.577372
10	1.070155
20	0.420042
19	0.372791
3	0.242653
2	0.228091
13	0.175428
11	0.152312

6 3 10
-13.856406	0.000000

38	0.955069
19	0.295500
4	0.022857

30	3.403348
12	3.010929
32	1.901289
13	1.369669
22	1.288113
31	0.860220
42	0.775853
1	0.338840
6	0.199272
25	0.120025

7 10 27
-17.525145	-0.000000

84	0.794315
50	0.315434
53	0.259868
51	0.259868
52	0.249435
54	0.193869
16	0.117233
18	0.105744
17	0.098580
1	0.007437

66	5.531344
62	5.302444
55	2.228326
22	2.120272
23	1.842264
19	1.607475
27	1.178866
63	0.953306
57	0.949192
87	0.928024
86	0.895698
25	0.858815
85	0.790734
20	0.617021
59	0.551747
65	0.384993
67	0.377297
58	0.347783
64	0.237592
3	0.188939
4	0.182972
2	0.173287
61	0.167841
26	0.156199
24	0.139019
21	0.119239
60	0.108137

8 16 38
-19.238937	0.000000

166	0.610378
167	0.477286
180	0.413103
108	0.245740
106	0.221509
109	0.213730
165	0.191722
168	0.122988
105	0.094426
110	0.074546
107	0.057079
33	0.038016
35	0.034597
34	0.033064
36	0.022029
4	0.003408

159	8.847809
157	8.290757
79	6.983340
81	6.618640
23	4.245587
136	4.136144
80	3.486456
87	3.166393
86	3.056075
124	2.806137
82	2.596892
24	2.443104
84	2.337396
158	2.165484
120	1.585552
53	1.276142
25	1.258302
176	1.099515
174	0.977523
173	0.955004
41	0.638349
46	0.598095
42	0.555198
138	0.459117
44	0.434111
132	0.399388
128	0.384488
129	0.334405
1	0.315370
85	0.289014
137	0.170079
130	0.151223
10	0.098433
8	0.092526
54	0.071018
49	0.061786
7	0.057224
48	0.034467

9 30 89
-22.685127	0.000000

357	0.715787
282	0.283419
287	0.231234
283	0.231234
284	0.216959
286	0.216959
285	0.213553
288	0.164774
290	0.147092
289	0.147092
125	0.102764
134	0.089132
129	0.089132
132	0.086606
126	0.079712
128	0.079712
127	0.075160
137	0.075047
136	0.073022
135	0.073022
133	0.063601
130	0.063601
131	0.061528
138	0.056863
291	0.044272
31	0.037151
33	0.033890
34	0.032560
32	0.030825
1	0.001826

315	2.905608
302	2.465384
307	1.826963
172	1.287842
178	1.170685
179	1.019892
155	0.973604
158	0.801350
156	0.801350
157	0.769201
292	0.757966
309	0.711041
294	0.629828
175	0.618437
159	0.597807
139	0.533903
303	0.506265
173	0.496803
141	0.419104
39	0.359779
316	0.338596
41	0.324259
361	0.321000
360	0.319350
359	0.306335
40	0.302335
35	0.285537
165	0.284053
358	0.270156
47	0.249185
146	0.230367
311	0.222578
48	0.217127
298	0.210264
304	0.207030
43	0.200653
296	0.199391
142	0.182446
140	0.182446
144	0.170957
147	0.170957
300	0.153646
36	0.148541
310	0.142703
46	0.139007
176	0.137217
306	0.132278
314	0.130343
295	0.120101
160	0.114013
167	0.111788
163	0.110927
50	0.104960
169	0.096389
37	0.089310
153	0.086486
317	0.083730
44	0.077286
149	0.077220
152	0.063397
313	0.063289
305	0.059637
168	0.058922
299	0.056887
312	0.051446
145	0.050122
180	0.049094
174	0.047581
297	0.046013
148	0.044324
301	0.040351
177	0.033890
161	0.030149
164	0.029643
150	0.029158
162	0.028428
171	0.026134
170	0.025565
3	0.022712
154	0.022491
5	0.022340
4	0.021648
2	0.020625
49	0.019864
151	0.019753
45	0.019635
42	0.016824
38	0.014373
308	0.011637

10 10 82
-24.621468	0.000000

710	0.664264
572	0.534870
573	0.465198
279	0.187290
278	0.107670
280	0.081447
275	0.047947
65	0.019304
66	0.016789
6	0.000865

693	2.303309
627	2.285580
691	2.267222
495	1.814595
497	1.813700
499	1.771663
506	1.670094
508	1.563325
598	1.550636
695	1.270161
189	1.126722
191	1.023395
496	1.012294
196	0.984572
509	0.973086
355	0.920181
512	0.918698
498	0.858193
507	0.809478
356	0.800320
510	0.710140
514	0.659036
190	0.657442
192	0.643958
202	0.642154
320	0.624291
692	0.610452
725	0.608634
694	0.598818
43	0.594279
504	0.579520
197	0.570786
502	0.551040
194	0.543721
321	0.542972
722	0.540168
205	0.518180
500	0.510418
206	0.490486
44	0.377656
200	0.357552
352	0.351599
317	0.330499
198	0.316838
208	0.310247
193	0.302168
207	0.263199
45	0.261712
631	0.254192
634	0.245038
195	0.243712
620	0.220697
623	0.217473
635	0.213120
203	0.212849
503	0.195706
624	0.189146
92	0.141555
46	0.140845
79	0.133060
93	0.123116
80	0.115728
511	0.113087
210	0.108869
505	0.104984
362	0.102338
363	0.089008
341	0.088853
95	0.082488
201	0.080147
342	0.077279
199	0.073298
209	0.056990
82	0.055963
1	0.032949
204	0.022795
365	0.021966
344	0.019495
703	0.017982
12	0.012689
10	0.011928
501	0.011595

11 94 303
-27.820611	0.000000

1461	0.641635
1314	0.253827
1321	0.206510
1315	0.206510
1320	0.192669
1316	0.192669
1319	0.187568
1317	0.187568
1318	0.186205
1322	0.145353
1326	0.126411
1323	0.126411
1324	0.119947
1325	0.119947
1327	0.106106
1328	0.101005
836	0.091447
842	0.078733
856	0.078733
854	0.075283
847	0.075283
851	0.074456
837	0.069691
841	0.069691
861	0.065597
840	0.063300
838	0.063300
860	0.062657
857	0.062657
865	0.062075
872	0.062075
839	0.061721
868	0.061322
871	0.061322
870	0.058657
858	0.058502
859	0.058502
855	0.053615
843	0.053615
846	0.050586
848	0.049340
852	0.049340
844	0.046430
853	0.046430
862	0.046032
876	0.046032
845	0.045645
850	0.045645
873	0.044664
849	0.042980
869	0.042337
864	0.042337
874	0.041754
866	0.041754
863	0.041091
875	0.041091
867	0.038151
877	0.033386
285	0.032037
289	0.028283
294	0.028283
292	0.027602
295	0.026444
304	0.026444
301	0.025345
309	0.024779
307	0.024362
313	0.024362
286	0.024173
288	0.024173
287	0.022587
298	0.022523
302	0.022523
300	0.022035
297	0.022035
303	0.021603
296	0.021603
314	0.020872
310	0.020265
306	0.019764
305	0.019764
290	0.019763
293	0.019763
291	0.018833
312	0.018114
308	0.018114
311	0.017670
299	0.017168
57	0.011431
59	0.010481
61	0.010160
60	0.009891
58	0.009422
1	0.000459

1363	10.373240
1346	8.340511
1369	7.444856
1003	5.186043
1352	4.848346
978	4.119230
1354	3.583012
981	3.400477
979	3.400373
958	3.310142
924	3.287353
980	3.266751
989	3.002546
1371	2.784158
925	2.679748
929	2.679748
992	2.616547
982	2.552914
928	2.514447
926	2.514447
927	2.475106
960	2.466427
974	2.205942
414	2.096579
1329	2.028467
1004	1.999089
930	1.909594
416	1.828963
1347	1.825708
389	1.750330
932	1.706006
931	1.706006
1331	1.674086
403	1.532941
965	1.456778
878	1.419763
1364	1.413558
405	1.383222
404	1.292075
889	1.199067
349	1.186295
961	1.135962
991	1.134565
959	1.119019
880	1.068049
882	1.068049
963	1.057521
966	1.042181
358	1.028236
353	1.028236
356	0.999071
994	0.992302
350	0.919835
352	0.919835
390	0.915547
1367	0.913782
393	0.876063
1466	0.868561
351	0.867493
361	0.864990
1465	0.862999
1464	0.857694
1348	0.848342
891	0.845529
359	0.841769
360	0.841769
1463	0.821264
1333	0.815544
415	0.807564
948	0.754090
315	0.736492
357	0.733827
354	0.733827
1462	0.724040
396	0.723373
394	0.723367
355	0.710094
417	0.704476
395	0.694989
1358	0.686398
996	0.667099
362	0.655371
1356	0.639943
322	0.628014
1373	0.612668
1337	0.603540
1339	0.576599
975	0.572822
1365	0.572039
950	0.564743
420	0.559460
317	0.551454
391	0.546155
397	0.543316
1335	0.542154
373	0.516188
933	0.513939
879	0.472156
883	0.472155
934	0.458426
1360	0.453059
939	0.440147
895	0.438870
885	0.438870
943	0.438166
67	0.426899
1349	0.414287
995	0.408098
1341	0.398856
881	0.397059
1355	0.389391
69	0.389108
1372	0.388863
375	0.386742
890	0.386352
893	0.386351
897	0.384696
70	0.373957
892	0.368289
887	0.368289
1351	0.355087
68	0.354038
1343	0.350544
1362	0.350279
62	0.347580
316	0.339341
318	0.339341
77	0.326095
1334	0.322803
328	0.316908
332	0.316908
983	0.315667
323	0.308948
320	0.308948
986	0.307312
954	0.297898
331	0.296129
79	0.294271
972	0.281570
952	0.278722
78	0.274916
72	0.273150
919	0.271940
407	0.269420
912	0.250958
968	0.247617
964	0.240302
907	0.236595
901	0.236412
976	0.231532
324	0.228429
319	0.228429
380	0.226753
85	0.226137
1368	0.225391
899	0.222679
1359	0.214692
63	0.205200
326	0.203600
333	0.203600
935	0.198317
86	0.197282
917	0.196032
938	0.192812
1338	0.191219
334	0.189700
82	0.188462
956	0.186921
940	0.186738
971	0.186640
944	0.185106
946	0.184629
997	0.183212
911	0.177988
998	0.177375
376	0.176280
374	0.174890
1375	0.169518
1357	0.168068
1000	0.166615
1340	0.166609
378	0.164461
1366	0.163801
381	0.163179
64	0.162408
951	0.160620
886	0.158245
894	0.158245
921	0.154768
888	0.153263
1374	0.151627
906	0.143912
967	0.143632
73	0.142682
1344	0.135775
418	0.135123
904	0.132830
988	0.132287
1336	0.132165
1005	0.128940
398	0.127718
76	0.126630
1350	0.126562
401	0.124327
387	0.122137
898	0.120332
329	0.120028
1345	0.116129
1361	0.110916
383	0.108217
902	0.107654
969	0.107453
363	0.104743
955	0.102717
409	0.102642
368	0.101493
366	0.101406
999	0.100576
411	0.099711
321	0.098253
81	0.097209
343	0.096518
900	0.092988
342	0.087922
1370	0.086407
918	0.085885
74	0.085266
915	0.084847
953	0.083508
984	0.083031
987	0.081589
985	0.078063
903	0.077650
386	0.076953
338	0.075828
970	0.072829
83	0.072537
65	0.070490
909	0.066984
977	0.066264
973	0.065397
914	0.064638
347	0.061685
936	0.061199
941	0.060032
382	0.059188
341	0.058940
410	0.058934
945	0.057807
937	0.053585
922	0.051560
916	0.050307
384	0.050283
1342	0.049781
1001	0.047645
336	0.047563
947	0.047104
910	0.046855
406	0.046368
942	0.046341
957	0.045597
392	0.044781
1002	0.043487
337	0.041905
346	0.040572
379	0.038996
1353	0.038961
913	0.038757
385	0.036052
339	0.033845
399	0.033580
419	0.033238
345	0.033100
402	0.032978
372	0.032860
908	0.032756
923	0.032198
400	0.031540
412	0.029717
371	0.028595
364	0.028267
369	0.027670
367	0.027490
370	0.027434
388	0.027031
348	0.026380
365	0.026028
413	0.025608
990	0.023979
340	0.021530
3	0.020899
5	0.020679
905	0.020613
6	0.020323
4	0.019753
84	0.019503
2	0.018885
80	0.018736
75	0.018451
993	0.017020
71	0.015534
66	0.013246
920	0.012497

5
3 2 2
-6.928203	0.000000

4	0.988244
1	0.152882

2	1.132302
5	0.370935

4 4 4
-6.928203	-0.000000

10	0.790150
7	0.485335
8	0.366710
2	0.075082

6	8.841635
1	1.925494
4	1.109535
9	0.393991

5 4 8
-12.310734	0.000000

18	0.881818
8	0.355023
9	0.308778
1	0.031825

12	2.729716
10	1.820113
3	0.421854
2	0.384114
20	0.376147
19	0.333834
13	0.157095
11	0.136395

6 3 13
-13.856406	0.000000

38	0.955069
19	0.295500
4	0.022857

30	12.684978
12	10.776143
32	6.690895
13	4.781224
22	4.133684
31	1.501421
42	1.354168
1	1.203367
6	0.639484
25	0.209491
33	0.035655
14	0.018245
15	0.013736

7 10 27
-17.525145	0.000000

84	0.794315
50	0.315434
51	0.259868
53	0.259868
52	0.249435
54	0.193869
16	0.117233
18	0.105744
17	0.098580
1	0.007437

66	6.981143
62	6.360291
55	2.662441
22	2.563274
23	2.236312
19	1.919711
27	1.473849
57	1.179195
25	1.084215
20	0.725512
63	0.597567
87	0.581719
86	0.561456
85	0.495661
59	0.443086
65	0.241327
67	0.236503
3	0.229640
4	0.228854
58	0.218003
2	0.205541
60	0.165015
64	0.148932
61	0.105209
26	0.097911
24	0.087142
21	0.074743

8 16 46
-19.238937	0.000000

166	0.826562
108	0.332776
109	0.289429
167	0.211857
180	0.183368
105	0.127870
106	0.098323
165	0.085101
168	0.054592
33	0.051481
34	0.044775
110	0.033089
36	0.029831
107	0.025336
35	0.015357
4	0.004615

159	16.746343
157	16.236609
79	13.227371
81	12.328300
23	7.942971
136	7.331563
80	5.960576
86	5.873855
87	5.551862
82	5.148681
124	4.888558
84	4.793789
24	4.512369
120	2.673966
25	2.364221
53	2.267229
158	1.978968
41	1.076551
46	1.031676
176	1.013495
42	0.936319
174	0.896623
173	0.875967
44	0.756264
85	0.713253
1	0.587311
138	0.423430
132	0.366334
128	0.352668
129	0.306729
10	0.175281
8	0.159601
137	0.156801
130	0.138708
7	0.096506
54	0.065511
160	0.061712
49	0.056672
48	0.031614
88	0.029681
90	0.025119
89	0.021810
91	0.021541
92	0.017205
26	0.014939
27	0.010024

9 30 90
-22.685127	0.000000

357	0.715787
282	0.283419
287	0.231234
283	0.231234
284	0.216959
286	0.216959
285	0.213553
288	0.164774
289	0.147092
290	0.147092
125	0.102764
134	0.089132
129	0.089132
132	0.086606
128	0.079712
126	0.079712
127	0.075160
137	0.075047
136	0.073022
135	0.073022
130	0.063601
133	0.063601
131	0.061528
138	0.056863
291	0.044272
31	0.037151
33	0.033890
34	0.032560
32	0.030825
1	0.001826

315	11.605639
302	9.385730
307	7.414639
172	5.239712
178	4.699598
179	4.108417
155	3.730106
156	3.084837
158	3.084837
309	3.042231
157	2.964887
292	2.899028
294	2.518928
175	2.449461
159	2.321386
139	2.043918
173	1.989189
141	1.634108
39	1.390479
41	1.255690
40	1.173730
165	1.152279
35	1.091644
303	1.015042
47	0.991818
146	0.881299
48	0.867068
43	0.815185
140	0.685895
142	0.685894
316	0.678871
147	0.656828
144	0.656827
361	0.643592
360	0.640284
311	0.619063
359	0.614189
46	0.561688
36	0.561514
298	0.544757
358	0.541652
296	0.522957
167	0.475412
50	0.422546
304	0.415086
37	0.341343
44	0.309231
300	0.308053
310	0.286115
312	0.275950
176	0.275115
169	0.273454
306	0.265212
314	0.261332
295	0.240797
299	0.237242
160	0.228591
153	0.224456
145	0.223003
163	0.222404
297	0.215442
149	0.205921
317	0.167874
170	0.131455
152	0.127108
313	0.126891
305	0.119571
168	0.118135
150	0.109559
180	0.098431
174	0.095398
151	0.090660
5	0.089168
148	0.088868
3	0.088185
4	0.087365
301	0.080902
2	0.078452
177	0.067948
161	0.060491
164	0.059433
162	0.056954
171	0.052397
154	0.045093
49	0.039827
45	0.039368
42	0.033732
38	0.028817
308	0.023330
324	0.019538

10 10 91
-24.621468	0.000004

710	0.664264
572	0.534870
573	0.465198
279	0.187290
278	0.107670
280	0.081447
275	0.047947
65	0.019304
66	0.016789
6	0.000865

693	4.694797
691	4.660045
627	4.253666
495	3.639397
497	3.503973
499	3.463489
506	3.365678
508	3.128288
598	2.836305
695	2.461529
189	2.209611
191	1.999154
196	1.961741
355	1.712537
496	1.707525
509	1.697345
512	1.617393
498	1.586690
507	1.539777
356	1.489465
510	1.444116
514	1.367325
504	1.318309
502	1.263318
190	1.252547
192	1.239563
500	1.224190
202	1.179582
43	1.162245
320	1.141904
197	1.110851
194	1.084788
206	1.033516
205	1.005807
321	0.993162
44	0.733190
200	0.664713
352	0.657366
198	0.625501
208	0.619179
193	0.611373
317	0.598569
692	0.587894
725	0.586158
694	0.576704
207	0.573844
722	0.520220
45	0.513607
195	0.444128
203	0.414380
503	0.323044
46	0.271281
92	0.264657
631	0.244805
79	0.240985
634	0.235989
505	0.235677
93	0.230183
620	0.212547
80	0.209595
210	0.209555
623	0.209442
635	0.205249
624	0.182161
95	0.153517
201	0.135430
703	0.105461
82	0.102363
362	0.098559
363	0.085721
341	0.085572
204	0.080199
342	0.074425
199	0.070591
1	0.064252
209	0.054885
553	0.043218
554	0.034994
556	0.034988
555	0.034223
557	0.026053
511	0.025651
12	0.023725
10	0.021603
365	0.021155
344	0.018775
261	0.016841
549	0.016824
263	0.014506
262	0.013708
501	0.011166

11 94 283
-27.820611	0.000001

1461	0.641635
1314	0.253827
1315	0.206510
1321	0.206510
1316	0.192669
1320	0.192669
1317	0.187568
1319	0.187568
1318	0.186205
1322	0.145353
1326	0.126411
1323	0.126411
1325	0.119947
1324	0.119947
1327	0.106106
1328	0.101005
836	0.091447
842	0.078733
856	0.078733
854	0.075283
847	0.075283
851	0.074456
837	0.069691
841	0.069691
861	0.065597
840	0.063300
838	0.063300
857	0.062657
860	0.062657
865	0.062075
872	0.062075
839	0.061721
868	0.061322
871	0.061322
870	0.058657
859	0.058502
858	0.058502
855	0.053615
843	0.053615
846	0.050586
848	0.049340
852	0.049340
853	0.046430
844	0.046430
862	0.046032
876	0.046032
850	0.045645
845	0.045645
873	0.044664
849	0.042980
869	0.042337
864	0.042337
866	0.041754
874	0.041754
875	0.041091
863	0.041091
867	0.038151
877	0.033386
285	0.032037
294	0.028283
289	0.028283
292	0.027602
295	0.026444
304	0.026444
301	0.025345
309	0.024779
307	0.024362
313	0.024362
286	0.024173
288	0.024173
287	0.022587
298	0.022523
302	0.022523
300	0.022035
297	0.022035
303	0.021603
296	0.021603
314	0.020872
310	0.020265
306	0.019764
305	0.019764
293	0.019763
290	0.019763
291	0.018833
312	0.018114
308	0.018114
311	0.017670
299	0.017168
57	0.011431
59	0.010481
61	0.010160
60	0.009891
58	0.009422
1	0.000459

1363	6.885740
1346	5.293498
1369	5.011177
1003	3.504199
1352	3.303294
978	2.746780
1354	2.598190
981	2.277516
979	2.277480
958	2.265530
980	2.190720
924	2.097098
989	2.030186
1371	1.979625
992	1.775065
960	1.731624
982	1.723158
929	1.716385
925	1.716385
926	1.613070
928	1.613070
927	1.588478
974	1.452931
414	1.421681
1004	1.331337
1329	1.301089
416	1.243874
930	1.233325
389	1.197898
1331	1.124505
931	1.105834
932	1.105834
403	1.029130
965	0.993962
405	0.930212
878	0.911827
404	0.870885
991	0.807002
889	0.769322
349	0.762503
961	0.760748
959	0.755052
963	0.724404
966	0.719247
994	0.707474
882	0.701102
880	0.701102
353	0.662555
358	0.662555
356	0.644177
390	0.619054
1347	0.613718
352	0.594713
350	0.594713
393	0.579567
351	0.561826
361	0.559177
891	0.557212
1333	0.551058
360	0.544645
359	0.544645
415	0.539833
948	0.513431
396	0.480568
394	0.480566
354	0.476964
357	0.476964
1364	0.475172
315	0.472803
417	0.472249
395	0.462263
355	0.462106
362	0.426603
950	0.406465
322	0.403177
420	0.375683
391	0.373827
397	0.363617
317	0.358109
373	0.352607
933	0.334324
1358	0.323988
996	0.321641
1356	0.308371
1367	0.307171
883	0.297623
879	0.297622
1466	0.291970
1373	0.290175
1465	0.290101
1464	0.288317
1348	0.285173
885	0.283675
895	0.283674
67	0.276596
1463	0.276071
375	0.270252
1337	0.268275
897	0.257824
69	0.252409
1339	0.251283
881	0.250025
893	0.247531
890	0.247530
1462	0.243389
70	0.242921
1335	0.239704
887	0.237567
892	0.237567
68	0.230348
62	0.222841
77	0.217143
318	0.214839
316	0.214839
964	0.204994
332	0.202272
328	0.202272
320	0.198797
323	0.198797
79	0.196273
975	0.192556
1365	0.192293
331	0.192086
72	0.186513
78	0.183759
407	0.182605
1359	0.165422
997	0.158981
380	0.154554
934	0.154101
85	0.152395
1360	0.152297
1357	0.149749
939	0.147957
943	0.147291
319	0.146673
324	0.146673
954	0.143456
1349	0.139264
995	0.137183
952	0.137009
1374	0.135194
333	0.134866
326	0.134866
1341	0.134077
86	0.133331
972	0.133308
1355	0.130895
1372	0.130717
63	0.130407
1338	0.129672
82	0.128003
919	0.125845
968	0.121936
334	0.121763
1351	0.119364
376	0.118115
1343	0.117836
1362	0.117747
374	0.117648
894	0.115923
886	0.115922
888	0.114118
1340	0.113464
378	0.112599
381	0.112168
912	0.111298
1334	0.108511
901	0.106452
983	0.106112
64	0.104081
986	0.103304
907	0.102606
899	0.101992
1336	0.101885
73	0.096321
921	0.086457
76	0.086203
1000	0.081155
955	0.077845
976	0.077830
917	0.077427
329	0.075868
1368	0.075766
969	0.074820
409	0.072919
953	0.071387
935	0.066709
81	0.065452
938	0.064771
911	0.063695
902	0.063326
970	0.063139
940	0.062835
956	0.062834
971	0.062740
944	0.062224
946	0.062002
998	0.059625
387	0.059013
900	0.058240
74	0.058217
321	0.058116
1375	0.056984
1366	0.055062
383	0.054353
951	0.053993
1344	0.053577
903	0.053040
411	0.048725
83	0.048581
906	0.048376
967	0.048282
418	0.045422
65	0.044831
988	0.044469
343	0.043691
1005	0.043343
398	0.042933
1350	0.042544
401	0.041793
1001	0.041163
904	0.040787
898	0.040450
1345	0.039037
910	0.038824
342	0.038448
1361	0.037285
918	0.036381
363	0.035209
384	0.034879
338	0.034394
368	0.034126
366	0.034079
999	0.033809
915	0.032542
379	0.032431
385	0.030075
1370	0.029047
336	0.028374
984	0.027937
987	0.027426
909	0.026554
985	0.026216
386	0.025868
412	0.025197
346	0.024885
977	0.022275
973	0.021983
914	0.021728
347	0.020735
936	0.020678
339	0.020282
941	0.020258
382	0.019896
341	0.019813
410	0.019811
945	0.019353
937	0.017907
916	0.016911
340	0.016130
947	0.015834
406	0.015587
942	0.015578
957	0.015327
392	0.015053
1002	0.014618
337	0.014086
5	0.013809
6	0.013719
3	0.013594
345	0.013471
4	0.013419
1353	0.013099
2	0.012059
920	0.011711
399	0.011299
419	0.011173
402	0.011086
372	0.011046
908	0.011011
923	0.010824
400	0.010592

10
3 2 2
-6.928203	0.000000

4	0.988244
1	0.152882

2	2.339785
5	0.435466

4 4 4
-6.928203	-0.000000

7	0.901245
10	0.372141
8	0.172711
2	0.139423

6	45.830265
1	9.921131
4	5.436091
9	1.096236

5 4 8
-12.310734	0.000000

18	0.881818
8	0.355023
9	0.308778
1	0.031825

12	6.698001
10	4.428733
3	1.037384
2	0.930073
20	0.511558
19	0.454013
13	0.213649
11	0.185496

6 3 13
-13.856406	0.000001

38	0.955069
19	0.295500
4	0.022857

30	16.391428
12	13.686258
32	8.434400
13	6.005121
22	4.984669
1	1.523133
31	1.028595
42	0.927714
6	0.771131
25	0.143518
33	0.074942
14	0.037141
15	0.028853

7 10 31
-17.525145	0.000001

84	0.794315
50	0.315434
51	0.259868
53	0.259868
52	0.249435
54	0.193869
16	0.117233
18	0.105744
17	0.098580
1	0.007437

66	21.589605
62	19.207421
55	8.025058
22	7.770139
23	6.792270
19	5.785002
27	4.538481
57	3.620599
25	3.353426
20	2.169598
59	1.017682
63	1.004950
87	0.978297
86	0.944220
85	0.833570
4	0.704857
3	0.697898
2	0.617330
60	0.550037
65	0.405848
67	0.397737
58	0.366625
64	0.250464
61	0.176933
26	0.164661
24	0.146550
21	0.125699
73	0.041783
68	0.021961
33	0.016510
28	0.010650

8 16 50
-19.238937	0.000005

167	0.660498
180	0.571678
106	0.306538
165	0.265317
168	0.170199
166	0.136201
110	0.103161
107	0.078990
108	0.054835
35	0.047877
109	0.047692
105	0.021070
33	0.008483
34	0.007378
36	0.004916
4	0.000760

159	21.905822
157	21.547054
79	17.307469
81	16.013264
23	10.337195
136	9.307658
86	7.734414
80	7.436115
87	7.012547
82	6.865331
84	6.479777
124	6.154360
24	5.838955
120	3.311878
25	3.082622
53	2.881473
158	1.391084
41	1.333383
46	1.292475
42	1.159692
85	1.027579
44	0.952088
1	0.762787
176	0.714201
174	0.630903
173	0.616369
138	0.298436
132	0.257770
128	0.248153
10	0.223012
129	0.215828
8	0.199948
160	0.160212
7	0.119530
137	0.110495
130	0.097601
88	0.075105
90	0.063284
89	0.056403
91	0.056088
54	0.046172
92	0.044626
49	0.039877
26	0.036381
27	0.025329
28	0.023920
48	0.022245
98	0.015854
112	0.013151
30	0.012723

9 30 98
-22.685127	0.000004

357	0.715787
282	0.283419
287	0.231234
283	0.231234
284	0.216959
286	0.216959
285	0.213553
288	0.164774
289	0.147092
290	0.147092
125	0.102764
129	0.089132
134	0.089132
132	0.086606
126	0.079712
128	0.079712
127	0.075160
137	0.075047
136	0.073022
135	0.073022
133	0.063601
130	0.063601
131	0.061528
138	0.056863
291	0.044272
31	0.037151
33	0.033890
34	0.032560
32	0.030825
1	0.001826

315	25.536305
302	20.187440
307	16.432811
172	11.625584
178	10.364487
179	9.074855
155	8.047873
309	6.897343
156	6.671059
158	6.671058
157	6.415652
292	6.249678
294	5.545825
175	5.368814
159	5.041050
139	4.408239
173	4.381798
141	3.555526
39	3.012706
41	2.723238
165	2.553233
40	2.548548
35	2.352890
47	2.178841
48	1.907661
146	1.900115
43	1.807518
140	1.466137
142	1.466134
147	1.419097
144	1.419095
46	1.242419
303	1.220413
36	1.203566
311	1.090590
167	1.075156
50	0.933083
298	0.901827
296	0.875616
316	0.816224
361	0.773807
360	0.769830
359	0.738454
37	0.735610
44	0.680959
312	0.678054
358	0.651242
299	0.532091
145	0.513623
297	0.505880
304	0.499070
169	0.489488
153	0.372178
300	0.370382
149	0.349981
310	0.344004
176	0.330779
306	0.318871
170	0.318758
314	0.314207
295	0.289518
160	0.274843
163	0.267403
150	0.234121
151	0.211311
317	0.201840
5	0.196139
4	0.193141
3	0.191492
2	0.168673
152	0.152826
313	0.152565
305	0.143764
168	0.142037
180	0.118346
174	0.114701
148	0.106850
324	0.097759
301	0.097272
177	0.081696
161	0.072817
164	0.071458
162	0.068390
171	0.062998
154	0.054217
49	0.047885
45	0.047333
201	0.046604
42	0.040557
343	0.037887
38	0.034648
202	0.034314
308	0.028045
318	0.022385
231	0.021166
198	0.019267
224	0.016941
181	0.010240

10 10 142
-24.621468	0.000067

710	0.664264
572	0.534870
573	0.465198
279	0.187290
278	0.107670
280	0.081447
275	0.047947
65	0.019304
66	0.016789
6	0.000865

693	23.506262
691	23.413623
627	20.446864
495	18.097877
497	17.139284
499	17.031442
506	16.770697
508	15.540491
598	13.518229
695	12.057134
189	10.880894
191	9.827339
196	9.727596
355	8.232030
509	7.897843
496	7.802842
498	7.603173
512	7.562556
507	7.478118
510	7.223126
356	7.159712
514	6.896284
504	6.888213
502	6.619244
500	6.515187
190	6.087730
192	6.053101
43	5.716360
202	5.634687
197	5.451553
320	5.442518
194	5.382091
206	5.245578
205	4.930269
321	4.733559
703	3.753730
44	3.594264
200	3.193661
352	3.166821
198	3.089248
208	3.072426
193	3.051614
207	2.951618
317	2.838959
45	2.529969
195	2.113237
203	2.033924
692	1.566333
725	1.561438
694	1.536262
553	1.531035
503	1.458297
722	1.385792
46	1.325095
92	1.274981
554	1.245420
556	1.245351
505	1.225474
555	1.214426
79	1.142982
93	1.108900
210	1.023313
80	0.994093
557	0.929878
95	0.737951
511	0.666146
631	0.652125
634	0.628642
201	0.619388
549	0.595819
261	0.592364
620	0.566196
623	0.557926
635	0.546755
263	0.515110
82	0.487888
262	0.485664
624	0.485250
204	0.472227
1	0.315613
362	0.262548
251	0.243063
363	0.228349
341	0.227953
696	0.219048
342	0.198260
252	0.197989
254	0.197981
253	0.193085
199	0.188052
255	0.148180
209	0.146212
12	0.114294
10	0.102461
515	0.099719
56	0.094091
517	0.082899
519	0.082856
58	0.081908
57	0.077260
516	0.074588
520	0.073822
518	0.073367
521	0.057474
523	0.056626
522	0.056619
365	0.056354
344	0.050014
211	0.046792
218	0.040465
60	0.039418
213	0.039023
564	0.036357
212	0.032158
214	0.032102
220	0.030842
215	0.030583
501	0.029744
272	0.028027
223	0.027977
219	0.026383
216	0.026383
221	0.025399
222	0.025152
539	0.023830
541	0.023802
648	0.023578
98	0.023536
217	0.023455
47	0.022690
524	0.021616
88	0.020434
224	0.019530
235	0.018917
513	0.018325
566	0.017568
237	0.017400
48	0.015121
49	0.013531
50	0.012288
52	0.011280
273	0.011174

11 94 288
-27.820611	0.000015

1461	0.641635
1314	0.253827
1321	0.206510
1315	0.206510
1320	0.192669
1316	0.192669
1319	0.187568
1317	0.187568
1318	0.186205
1322	0.145353
1326	0.126411
1323	0.126411
1325	0.119947
1324	0.119947
1327	0.106106
1328	0.101005
836	0.091447
842	0.078733
856	0.078733
854	0.075283
847	0.075283
851	0.074456
841	0.069691
837	0.069691
861	0.065597
840	0.063300
838	0.063300
857	0.062657
860	0.062657
865	0.062075
872	0.062075
839	0.061721
871	0.061322
868	0.061322
870	0.058657
858	0.058502
859	0.058502
855	0.053615
843	0.053615
846	0.050586
848	0.049340
852	0.049340
844	0.046430
853	0.046430
862	0.046032
876	0.046032
845	0.045645
850	0.045645
873	0.044664
849	0.042980
864	0.042337
869	0.042337
874	0.041754
866	0.041754
875	0.041091
863	0.041091
867	0.038151
877	0.033386
285	0.032037
294	0.028283
289	0.028283
292	0.027602
295	0.026444
304	0.026444
301	0.025345
309	0.024779
313	0.024362
307	0.024362
286	0.024173
288	0.024173
287	0.022587
298	0.022523
302	0.022523
300	0.022035
297	0.022035
296	0.021603
303	0.021603
314	0.020872
310	0.020265
306	0.019764
305	0.019764
293	0.019763
290	0.019763
291	0.018833
308	0.018114
312	0.018114
311	0.017670
299	0.017168
57	0.011431
59	0.010481
61	0.010160
60	0.009891
58	0.009422
1	0.000459

1363	12.936350
1346	9.733667
1369	9.474821
1003	6.637025
1352	6.279802
978	5.171228
1354	5.072395
958	4.315599
981	4.296444
979	4.296407
980	4.135084
924	3.865866
989	3.846388
1371	3.833531
992	3.368060
960	3.335293
982	3.262143
929	3.170292
925	3.170290
926	2.981762
928	2.981762
927	2.936890
974	2.719747
414	2.696978
1004	2.504962
1329	2.404842
416	2.362798
930	2.287261
389	2.281801
1331	2.124116
931	2.054395
932	2.054395
403	1.943489
965	1.890789
405	1.758064
878	1.686401
404	1.647627
991	1.562985
961	1.435027
959	1.429153
889	1.422153
349	1.410805
963	1.380431
966	1.375112
994	1.371572
882	1.310294
880	1.310294
353	1.227364
358	1.227363
356	1.193683
390	1.172843
352	1.103484
350	1.103483
393	1.087127
1333	1.043702
351	1.043312
891	1.043291
361	1.037480
415	1.017463
360	1.010949
359	1.010948
948	0.975769
396	0.903191
394	0.903189
417	0.891232
354	0.887246
357	0.887246
315	0.874248
395	0.869265
355	0.860114
362	0.794130
950	0.791098
322	0.745515
391	0.712124
420	0.709547
397	0.685710
373	0.671099
317	0.665849
1347	0.632597
933	0.622156
883	0.545396
879	0.545393
885	0.526280
895	0.526278
375	0.519486
67	0.513742
996	0.498853
1358	0.494158
1364	0.489790
897	0.486511
1356	0.478061
69	0.469088
881	0.457930
893	0.457260
890	0.457258
70	0.451758
1373	0.443795
887	0.440304
892	0.440304
68	0.428698
964	0.424692
62	0.411782
77	0.408538
318	0.394550
316	0.394549
1337	0.388870
332	0.372963
328	0.372962
79	0.369554
320	0.368008
323	0.368007
1339	0.357722
331	0.356962
72	0.354916
407	0.346334
78	0.346332
1335	0.345787
997	0.331190
1359	0.330715
1367	0.316622
1357	0.314560
1466	0.300953
1465	0.299026
1464	0.297188
1348	0.293946
380	0.293867
85	0.288290
1463	0.284565
1374	0.284047
319	0.271238
324	0.271238
333	0.253122
326	0.253122
86	0.252555
1462	0.250877
1338	0.246004
82	0.243000
63	0.239940
894	0.227249
886	0.227249
888	0.225168
334	0.225134
376	0.222857
374	0.222374
954	0.222284
1340	0.215664
952	0.215639
378	0.214520
381	0.214075
972	0.203820
1336	0.203729
975	0.198478
1365	0.198208
64	0.192294
968	0.192170
919	0.188867
73	0.182355
76	0.163813
912	0.160999
934	0.158840
1360	0.156982
901	0.156079
955	0.154655
939	0.152508
943	0.151821
899	0.151751
921	0.148268
953	0.147998
907	0.145401
969	0.143605
1349	0.143547
995	0.141404
409	0.141156
329	0.139220
1341	0.138201
1355	0.134922
1372	0.134739
970	0.131493
1000	0.126853
81	0.123767
1351	0.123037
1343	0.121461
1362	0.121370
902	0.111896
1334	0.111849
74	0.110778
983	0.109376
986	0.106482
900	0.106385
321	0.102997
903	0.100950
917	0.099618
387	0.091677
83	0.091645
383	0.086907
1001	0.085631
65	0.082518
976	0.080224
910	0.079659
1368	0.078096
411	0.076349
911	0.072292
1344	0.068858
935	0.068836
384	0.066833
938	0.066688
379	0.066621
940	0.064874
956	0.064767
971	0.064669
343	0.064355
944	0.064138
946	0.063803
385	0.061849
998	0.061459
1375	0.058737
1366	0.056756
951	0.055655
342	0.054907
412	0.052096
338	0.050749
336	0.050521
918	0.050401
906	0.049864
967	0.049767
418	0.046819
988	0.045837
346	0.044971
1005	0.044676
398	0.044253
1350	0.043853
401	0.043078
898	0.041694
915	0.040451
1345	0.040237
1361	0.038431
363	0.036292
339	0.036203
904	0.035403
368	0.035191
366	0.035112
999	0.034848
909	0.034306
340	0.031904
1370	0.029944
984	0.028839
987	0.028270
985	0.026978
386	0.026664
5	0.026015
6	0.025973
4	0.025477
3	0.025296
920	0.024973
977	0.022960
973	0.022660
914	0.022396
2	0.022239
936	0.021495
347	0.021373
1425	0.021069
941	0.021016
382	0.020508
341	0.020422
410	0.020420
945	0.019814
937	0.018276
345	0.017914
916	0.017431
947	0.016321
406	0.016066
942	0.016057
957	0.015799
392	0.015516
1002	0.015068
1383	0.014891
337	0.014520
922	0.013829
1353	0.013508
330	0.011744
327	0.011743
399	0.011664
419	0.011517
402	0.011427
372	0.011386
908	0.011349
923	0.011156
400	0.010899

