0
ground_vanish_N
 3  1.0 -6.641769 -0.000000 0.000000
 4  1.0 -6.982281 0.000000 0.000000
 5  2.0 -12.148292 0.000000 0.000000
 6  2.0 -14.797576 0.000000 -0.000000
 7  3.0 -17.059477 -0.000000 -0.000000
 8  2.5 -19.302087 -0.029810 0.000000
 9  4.0 -21.924290 0.000000 0.000000
10  3.0 -29.097962 0.000000 0.000000
11  5.0 -26.774268 0.000000 -0.000000
ground_vanish_N2
 3  2.0 -6.000000 -0.000000 0.000000
 4  1.0 -8.000000 -0.000000 0.000000
 5  2.0 -11.528812 -0.000000 -0.000000
 6  2.0 -13.341370 1.383993 0.000000
 7  3.0 -16.126486 -0.000000 0.000000
 8  2.0 -18.860529 -1.551905 0.000000
 9  3.0 -21.463379 -0.000000 -0.000000
10  3.0 -23.526902 -0.000000 -0.000000
11  3.0 -26.983487 -0.000000 -0.000000
1
ground_vanish_N
 3  0.5 -6.784212 -0.000000 -2.998471
 4  0.5 -37.175294 -0.000000 -13.359811
 5  2.0 -13.358703 0.100926 0.082263
 6  0.5 -153.482885 0.000000 -1641.628438
 7  1.5 -68.153917 -0.000000 -2.240430
 8  2.5 -52.564347 -0.000000 -0.065171
 9  3.5 -46.950286 0.000000 -0.004308
10  6.5 -24.860759 -0.012912 0.001298
11  5.5 -43.909571 -0.000000 -0.000050
ground_vanish_N2
 3  3.0 -5.493253 0.599359 1.349867
 4  1.0 -8.284325 9.613333 0.954543
 5  1.5 -12.647521 0.000000 -0.072433
 6  2.0 -13.721317 2.891587 0.166733
 7  0.0 0.000000 0.000000 0.000000
 8  2.5 -18.413217 2.688729 0.149027
 9  0.0 0.000000 0.000000 0.000000
10  3.0 -23.528743 2.505411 0.163005
11  4.0 -25.820610 0.048447 0.276998
5
ground_vanish_N
 3  1.0 -1.365331 5.301450 0.047867
 4  3.5 -7.070837 -3.859360 1.659459
 5  0.0 0.000000 0.000000 0.000000
 6  0.5 -434.524351 -0.000000 -1293.221338
 7  1.5 -216.434964 -0.000000 -1.868320
 8  2.5 -180.682315 0.000000 -0.057220
 9  3.5 -171.020394 -0.000000 -0.002825
10  2.5 -322.352340 0.000000 -0.655677
11  3.5 -284.619054 -0.000000 -0.023283
ground_vanish_N2
 3  3.5 -5.469710 2.127469 4.025782
 4  2.0 -8.216855 8.752358 9.739970
 5  0.0 0.000000 0.000000 0.000000
 6  3.0 -13.448165 -4.116470 17.951814
 7  0.5 -56.530246 -0.000000 -14.281622
 8  3.0 -18.715296 21.279993 282.719372
 9  0.0 0.000000 0.000000 0.000000
10  3.5 -23.715158 27.257885 1837.100412
11  2.5 -31.986030 -12.986929 282.701596
10
ground_vanish_N
 3  2.0 -1.331768 -1.392688 0.768158
 4  0.5 -121.208784 -0.000000 -12.168540
 5  0.0 0.000000 0.000000 0.000000
 6  0.5 -782.122421 -0.000000 -1116.047353
 7  1.5 -400.196998 0.000000 -1.628374
 8  2.5 -339.427217 -0.000000 -0.048185
 9  3.5 -324.668587 -0.000000 -0.001283
10  2.5 -601.738085 0.000000 -0.642011
11  3.5 -535.821011 -0.000000 -0.022667
ground_vanish_N2
 3  3.5 -5.451019 -3.254828 4.952780
 4  3.0 -8.096916 7.975748 14.662435
 5  2.5 -11.674159 -14.467557 37.638669
 6  4.0 -13.337552 4.333134 84.991553
 7  3.5 -16.710646 -18.929646 384.690412
 8  5.5 -18.314330 -3.649920 182.347473
 9  4.5 -21.373603 22.909700 5470.401137
10  5.0 -23.614613 -24.792719 22263.898233
11  5.0 -26.666687 29.046508 89239.070527
-1
ground_vanish_N
 3  0.5 -9.656854 -0.000000 -2.134624
 4  0.5 -10.543109 -0.000000 -10.312680
 5  1.5 -12.804216 -1.735035 0.196669
 6  1.5 -17.426390 0.000000 -0.141722
 7  2.5 -16.971957 1.579807 0.076576
 8  1.5 -23.223624 2.765622 -0.180443
 9  2.0 -25.037062 0.625395 0.020850
10  2.5 -26.461738 0.000000 -0.040044
11  2.0 -32.277073 -1.778796 0.010285
ground_vanish_N2
 3  0.5 -12.000000 -0.000000 -2.608696
 4  0.5 -15.432999 -0.000000 -13.398741
 5  0.5 -22.773733 5.714829 -11.161484
 6  2.5 -15.097250 -0.636315 3.399342
 7  0.5 -51.320664 0.000000 -3.313225
 8  3.5 -20.610971 -0.157080 8.739029
 9  4.5 -23.216889 0.032110 9.872521
10  4.5 -26.074312 -0.114932 15.493880
11  5.0 -28.719445 0.063696 18.203462
-5
ground_vanish_N
 3  0.0 0.000000 0.000000 0.000000
 4  4.5 -6.449806 0.603448 1.889257
 5  1.5 -12.230944 2.063718 16.589694
 6  0.0 0.000000 0.000000 0.000000
 7  3.0 -15.934562 0.310070 6.513073
 8  2.5 -20.239385 0.168698 1.216879
 9  1.0 -41.595941 2.873032 0.304538
10  0.5 -97.928972 22.560353 2341.950138
11  2.0 -32.890545 2.662391 4.924028
ground_vanish_N2
 3  0.5 -19.599922 -0.000000 -2.957842
 4  4.5 -13.084456 -3.038088 3.807299
 5  0.5 -115.215002 -0.000000 -8.522972
 6  0.5 -246.205929 -0.000000 -162.882961
 7  1.5 -146.800188 0.000000 -0.307254
 8  0.5 -602.005925 -0.000000 -75475.397946
 9  1.5 -286.931924 0.000000 -14.658101
10  2.5 -231.767710 -0.000000 -0.174254
11  3.5 -213.774536 0.000000 -0.006313
-10
ground_vanish_N
 3  0.0 0.000000 0.000000 0.000000
 4  4.5 -5.930439 1.483166 6.933934
 5  1.5 -11.994546 -15.308621 21.912048
 6  0.5 -55.497159 -30.498173 2.085677
 7  3.0 -15.562964 -0.411464 643.752076
 8  2.0 -22.623616 0.952854 299.004037
 9  1.5 -33.132962 4.243560 1493.541931
10  3.0 -25.109921 1.892671 501.283986
11  6.5 -26.940627 -0.039505 39.842500
ground_vanish_N2
 3  0.5 -26.283065 -0.000000 -2.987697
 4  4.5 -19.339813 7.040465 4.032682
 5  0.5 -296.234295 0.000000 -0.717422
 6  0.5 -599.036647 -0.000000 -530.633910
 7  1.5 -331.523438 -0.000000 -0.820594
 8  2.5 -293.114743 -0.000000 -0.013506
 9  1.5 -646.798940 -0.000000 -35.111954
10  2.5 -512.034267 -0.000000 -0.387183
11  3.5 -465.607045 -0.000000 -0.013532
