0
3 2 2
-6.928203	0.000000

1	0.907073
4	0.420974

2	2.156907
5	0.577941

4 2 5
-9.656854	-0.000000

1	0.770076
6	0.637952

2	6.191687
7	2.641783
8	2.487579
3	2.169817
10	0.317762

5 4 8
-12.310734	0.000000

8	0.737224
1	0.638086
9	0.189970
18	0.115144

2	2.171333
10	1.665734
3	1.212753
11	1.033798
12	0.469710
13	0.386758
19	0.373486
20	0.021719

6 5 16
-14.928203	0.000000

12	0.777016
1	0.530712
13	0.284408
30	0.164203
32	0.082101

14	2.583151
2	2.394823
16	1.248524
3	1.145682
17	0.788356
18	0.701162
15	0.646523
34	0.453424
4	0.394178
35	0.391566
33	0.381736
19	0.251706
36	0.187876
37	0.050341
44	0.036378
38	0.031915

7 10 25
-17.525145	-0.000000

16	0.780611
1	0.442882
17	0.330101
50	0.185694
52	0.183283
18	0.096460
54	0.050971
53	0.048559
51	0.048559
84	0.029028

19	2.758370
2	2.003386
21	1.103567
20	0.978804
3	0.860261
22	0.830625
24	0.739159
55	0.552725
58	0.404176
4	0.377399
60	0.340265
59	0.335430
57	0.275154
26	0.261670
63	0.226084
23	0.199193
64	0.189006
25	0.164117
85	0.143296
62	0.109739
61	0.088771
67	0.086816
27	0.073581
87	0.020023
86	0.014274

8 14 46
-20.109358	0.000000

23	0.774992
1	0.377184
24	0.354000
79	0.196054
81	0.191583
25	0.150053
86	0.095792
84	0.073316
87	0.073316
82	0.073316
80	0.073316
157	0.041530
159	0.041530
85	0.004471

26	3.651851
2	2.189567
27	1.497422
29	1.250595
30	1.075780
32	0.923276
3	0.870336
88	0.826567
90	0.812574
35	0.493576
93	0.461017
28	0.431584
95	0.386694
94	0.376500
96	0.367829
31	0.363762
101	0.299664
97	0.280243
103	0.249349
102	0.241182
92	0.220752
89	0.211856
91	0.211856
4	0.211431
98	0.192747
37	0.178444
161	0.159730
112	0.145366
163	0.143485
162	0.133635
110	0.130038
111	0.127370
160	0.123830
108	0.111211
106	0.102296
100	0.094332
164	0.089557
107	0.077290
104	0.060900
33	0.048066
167	0.037744
109	0.037032
168	0.031317
166	0.028526
36	0.017231
105	0.016525

9 30 87
-22.685127	0.000000

31	0.754844
32	0.361393
1	0.322230
125	0.198127
127	0.192258
132	0.192010
33	0.179373
126	0.086078
128	0.086078
137	0.084021
130	0.083774
133	0.083774
34	0.055191
282	0.047326
286	0.046639
284	0.046639
135	0.027749
136	0.027749
134	0.025445
129	0.025445
138	0.021632
131	0.019575
291	0.015256
290	0.013278
289	0.013278
288	0.013095
285	0.012591
287	0.012408
283	0.012408
357	0.007399

35	8.464701
2	4.331024
36	3.753147
38	2.536838
39	2.448271
139	2.044767
141	1.991596
42	1.990337
3	1.626887
37	1.566106
178	1.315871
45	1.278632
47	1.093548
146	0.995180
40	0.955271
148	0.939587
50	0.843173
150	0.788823
149	0.761022
142	0.747906
140	0.747906
153	0.743704
147	0.743100
144	0.743100
151	0.731619
160	0.667265
5	0.589625
162	0.561119
152	0.554493
161	0.529456
163	0.525703
154	0.512226
155	0.497888
157	0.481302
180	0.452221
172	0.443035
49	0.441559
292	0.415342
294	0.413715
164	0.380117
179	0.370572
168	0.341782
295	0.324147
48	0.319725
174	0.308171
297	0.285596
298	0.282342
170	0.278756
41	0.269772
299	0.259593
169	0.258873
296	0.256339
315	0.247236
301	0.243726
175	0.221158
300	0.214959
43	0.214355
303	0.204735
173	0.192704
305	0.181195
304	0.166477
46	0.165740
4	0.147293
44	0.143165
307	0.128335
159	0.123732
158	0.122977
156	0.122977
165	0.119931
358	0.115183
310	0.097408
316	0.093777
312	0.081106
311	0.077982
317	0.071581
309	0.066482
306	0.066308
302	0.066128
167	0.064934
171	0.059191
177	0.058974
145	0.044077
176	0.036246
360	0.027857
314	0.020930
313	0.019543
359	0.010383

10 46 162
-25.255006	-0.000000

43	0.737553
44	0.364276
1	0.280705
189	0.198317
45	0.197134
191	0.191487
196	0.190976
205	0.095488
190	0.093495
192	0.093495
206	0.089469
202	0.089469
194	0.089469
197	0.089469
46	0.088919
495	0.050461
506	0.049153
499	0.049153
497	0.049153
508	0.047845
208	0.040769
193	0.040258
207	0.040258
200	0.040258
198	0.040258
195	0.033428
203	0.032917
509	0.019325
510	0.019325
504	0.019325
498	0.019325
507	0.019325
512	0.018954
514	0.018954
502	0.018954
500	0.018954
496	0.018954
210	0.016714
691	0.010695
693	0.010695
695	0.005348
204	0.004026
201	0.004026
511	0.001308
503	0.001308
505	0.001308

47	11.657565
48	5.425155
2	5.208599
52	3.326460
51	3.107200
211	2.931642
213	2.837198
218	2.831716
49	2.648864
272	2.556455
55	2.540076
65	2.356762
61	2.311485
3	1.875330
59	1.811013
278	1.659454
64	1.435048
53	1.404391
214	1.245110
212	1.245110
223	1.207454
219	1.205176
216	1.205175
5	1.203625
225	1.154782
273	1.005521
227	0.971201
63	0.944223
226	0.930736
62	0.929856
230	0.913907
279	0.910587
231	0.888985
228	0.887026
244	0.868651
50	0.808919
261	0.805397
6	0.796705
246	0.737412
274	0.729905
235	0.726576
237	0.697366
249	0.690060
245	0.684265
229	0.672885
515	0.672706
247	0.666707
517	0.660414
519	0.660414
66	0.655251
56	0.643948
564	0.618830
233	0.603526
232	0.600496
572	0.591004
265	0.583367
54	0.572466
256	0.535010
248	0.487699
258	0.452433
250	0.445923
275	0.430942
264	0.416538
259	0.413318
257	0.405049
525	0.398421
222	0.394110
221	0.394110
262	0.389880
57	0.376417
220	0.364412
215	0.364412
527	0.350032
242	0.347485
528	0.342282
534	0.337165
529	0.315235
566	0.315058
60	0.311275
526	0.307485
224	0.305869
267	0.298433
530	0.295061
535	0.292054
536	0.287802
532	0.282254
217	0.279964
277	0.277418
276	0.276805
253	0.274922
260	0.274686
542	0.273000
251	0.263326
238	0.255294
236	0.255294
555	0.246737
243	0.246013
240	0.246013
531	0.245268
537	0.245268
553	0.242918
544	0.239638
533	0.238005
545	0.233470
538	0.218635
546	0.215648
524	0.215470
543	0.209480
548	0.199933
567	0.197007
522	0.184836
523	0.184836
521	0.182023
234	0.180799
518	0.176419
520	0.173605
516	0.173605
547	0.171150
569	0.161977
573	0.160945
568	0.150560
268	0.148643
558	0.137445
697	0.136564
550	0.132412
539	0.131586
541	0.128502
280	0.124436
699	0.124159
58	0.121952
263	0.119636
700	0.119323
560	0.115967
552	0.113602
698	0.112899
270	0.112020
559	0.108544
561	0.108256
696	0.101594
551	0.101251
255	0.090216
701	0.085738
269	0.084997
252	0.078147
254	0.078117
562	0.077724
557	0.075103
554	0.068052
556	0.067765
549	0.056681
4	0.053087
710	0.051826
571	0.047618
703	0.045177
704	0.041237
707	0.039490
706	0.036429
570	0.034964
705	0.033402
563	0.032771
574	0.013362
241	0.011916

11 94 283
-27.820611	-0.000000

57	0.711763
58	0.359289
1	0.244567
59	0.205201
285	0.194620
287	0.187238
292	0.186515
301	0.186473
60	0.109146
288	0.096530
286	0.096530
293	0.091337
290	0.091337
310	0.091072
298	0.091030
302	0.091030
836	0.051459
840	0.049704
838	0.049704
854	0.049626
847	0.049626
294	0.048836
289	0.048836
849	0.048088
870	0.047983
313	0.047364
307	0.047364
303	0.047056
296	0.047056
291	0.041454
311	0.039217
299	0.038951
61	0.034477
839	0.023014
841	0.022494
837	0.022494
871	0.022421
868	0.022421
852	0.022344
848	0.022344
850	0.022316
845	0.022316
861	0.021874
855	0.021796
843	0.021796
873	0.021534
875	0.021506
863	0.021506
309	0.017653
306	0.016930
305	0.016930
304	0.015151
295	0.015151
1314	0.012305
314	0.012195
1320	0.012122
1316	0.012122
1318	0.012103
1327	0.011863
308	0.011430
312	0.011430
300	0.009958
297	0.009958
867	0.007736
859	0.007585
858	0.007585
865	0.007557
872	0.007557
860	0.007367
857	0.007367
851	0.006886
856	0.006669
842	0.006669
877	0.006014
874	0.005941
866	0.005941
869	0.005752
864	0.005752
876	0.005724
862	0.005724
844	0.005131
853	0.005131
846	0.004914
1328	0.003545
1324	0.003488
1325	0.003488
1326	0.003469
1323	0.003469
1322	0.003412
1319	0.003286
1317	0.003286
1321	0.003229
1315	0.003229
1461	0.001924

62	5.928855
63	2.850570
414	2.370509
2	2.352877
82	1.748371
67	1.675722
403	1.607211
315	1.532076
64	1.517388
77	1.510944
317	1.476061
322	1.471284
66	1.423017
85	1.415286
71	1.197881
6	1.017788
415	0.913834
75	0.912877
3	0.820089
81	0.787630
68	0.743793
331	0.735545
404	0.721916
5	0.707470
318	0.706242
316	0.706242
78	0.689593
83	0.679846
65	0.678345
323	0.672697
320	0.672697
332	0.671915
328	0.671915
416	0.643616
80	0.572907
989	0.552271
337	0.530207
389	0.485621
72	0.463986
339	0.446690
980	0.426716
338	0.425969
978	0.425862
342	0.420390
363	0.415078
395	0.414274
407	0.413927
1003	0.412896
393	0.411963
346	0.407580
340	0.403784
343	0.401603
406	0.395331
86	0.387119
349	0.383571
878	0.375299
351	0.366548
356	0.364704
880	0.364368
882	0.364368
889	0.364138
365	0.354875
69	0.354359
891	0.353743
368	0.333411
364	0.325537
369	0.320006
366	0.313650
341	0.307073
334	0.301988
324	0.300592
319	0.300592
333	0.298580
326	0.298580
382	0.284180
991	0.279998
345	0.272081
344	0.269187
73	0.267708
347	0.261845
420	0.250164
321	0.248783
390	0.248285
417	0.247464
384	0.245085
329	0.242764
348	0.232743
367	0.232694
387	0.226744
405	0.215844
383	0.214947
385	0.213416
409	0.210267
418	0.210101
79	0.207346
371	0.207307
370	0.205028
392	0.204058
419	0.200508
84	0.195436
898	0.183140
76	0.177502
375	0.176452
373	0.173331
900	0.161035
1004	0.158357
352	0.156437
350	0.156437
901	0.156108
907	0.154090
910	0.151990
992	0.149217
958	0.148965
386	0.148907
960	0.148853
357	0.147541
354	0.147541
361	0.147018
902	0.144458
881	0.141402
893	0.140582
890	0.140582
892	0.140539
887	0.140539
899	0.139530
883	0.138477
879	0.138477
895	0.137618
885	0.137618
897	0.137254
388	0.134068
398	0.133469
908	0.133101
912	0.132863
934	0.132722
909	0.131137
903	0.130686
921	0.128583
919	0.126539
905	0.126101
982	0.124383
74	0.124239
914	0.123180
336	0.123053
397	0.122053
983	0.118104
936	0.117278
979	0.115231
981	0.114913
400	0.114528
394	0.112199
396	0.112167
937	0.111676
943	0.111559
391	0.110388
904	0.109433
911	0.109355
70	0.107071
938	0.105063
906	0.104770
916	0.103149
985	0.100347
4	0.099783
935	0.099461
401	0.098675
915	0.098586
913	0.098508
939	0.096841
944	0.095558
922	0.095344
1369	0.095273
945	0.095266
917	0.094530
986	0.091877
941	0.091308
399	0.090145
918	0.090098
984	0.090075
920	0.089361
380	0.088911
924	0.079111
951	0.077946
378	0.077930
381	0.077926
940	0.077786
946	0.077786
1329	0.076821
1331	0.076564
926	0.076141
928	0.076141
994	0.075619
942	0.075354
965	0.074741
1363	0.072739
374	0.072643
376	0.072630
974	0.071846
967	0.069058
947	0.068657
953	0.068076
954	0.064596
1334	0.062056
987	0.061946
963	0.061893
966	0.061867
372	0.060987
955	0.060204
959	0.059485
961	0.059362
969	0.058864
988	0.057159
952	0.056725
1336	0.055453
972	0.054985
1339	0.054939
957	0.054615
968	0.054152
970	0.052909
1338	0.052472
402	0.051931
1337	0.051903
950	0.049449
1345	0.049163
1340	0.048602
1371	0.048241
1335	0.048087
411	0.047773
948	0.047710
360	0.046441
359	0.046441
1342	0.045342
1344	0.045288
358	0.045059
353	0.045059
956	0.044290
1343	0.041942
1347	0.041334
1341	0.041062
999	0.040445
995	0.039019
971	0.038604
1333	0.038268
1354	0.037480
1349	0.037221
1352	0.036670
362	0.035957
1350	0.035551
973	0.035260
355	0.035191
412	0.034545
1348	0.033360
410	0.033197
1001	0.032324
997	0.030808
1364	0.029978
1005	0.029641
327	0.029404
330	0.029404
1000	0.027562
1366	0.025883
996	0.025385
933	0.024511
1365	0.023218
1462	0.022148
1355	0.021415
931	0.020335
932	0.020335
927	0.020165
413	0.020020
930	0.019876
929	0.019707
925	0.019707
1351	0.019226
1357	0.018816
1358	0.018270
1359	0.016914
1356	0.016368
1361	0.015653
975	0.015192
923	0.014864
1360	0.013344
1346	0.010581
977	0.010561

1
3 2 2
-12.928203	6.000000

1	0.907073
4	0.420974

2	2.702001
5	0.387990

4 2 5
-17.656854	8.000000

1	0.770076
6	0.637952

2	3.186509
7	1.367236
3	0.955697
8	0.636277
10	0.072071

5 4 8
-22.310734	10.000000

8	0.737224
1	0.638086
9	0.189970
18	0.115144

2	2.684826
10	2.073192
3	1.247658
11	0.612553
12	0.483229
13	0.397889
19	0.204478
20	0.022344

6 5 16
-26.928203	12.000000

12	0.777016
1	0.530712
13	0.284408
30	0.164203
32	0.082101

14	7.296805
2	6.719777
3	2.630168
15	1.831009
17	1.809847
16	1.644342
18	1.609675
33	1.084619
4	0.904924
19	0.577847
34	0.563647
35	0.486898
36	0.431311
37	0.115569
38	0.073268
44	0.041863

7 10 26
-31.525145	14.000000

16	0.780611
1	0.442882
17	0.330101
50	0.185694
52	0.183283
18	0.096460
54	0.050971
51	0.048559
53	0.048559
84	0.029028

19	7.502591
2	5.413777
20	2.670968
3	1.881513
22	1.816694
24	1.616645
55	1.512061
21	1.381570
4	0.825424
57	0.753387
26	0.572309
63	0.494478
58	0.482634
23	0.435663
64	0.413384
60	0.410740
59	0.400167
25	0.358946
62	0.240014
67	0.189880
85	0.161821
27	0.160932
61	0.105951
87	0.043794
86	0.031220
66	0.017594

8 14 46
-36.109358	16.000000

23	0.774992
1	0.377184
24	0.354000
79	0.196054
81	0.191583
25	0.150053
86	0.095792
87	0.073316
80	0.073316
84	0.073316
82	0.073316
159	0.041530
157	0.041530
85	0.004471

26	8.097535
2	4.825078
27	3.332450
30	1.904592
88	1.843163
90	1.813319
32	1.634596
3	1.540868
29	1.265488
28	0.962331
35	0.873843
31	0.644014
101	0.530535
92	0.494228
91	0.473409
89	0.473409
93	0.447571
103	0.441454
102	0.426997
95	0.382241
4	0.374323
94	0.364193
96	0.361032
98	0.341244
37	0.315924
160	0.277593
97	0.273527
112	0.257360
110	0.230223
111	0.225499
108	0.196891
106	0.181107
100	0.167008
164	0.158555
161	0.148845
107	0.136837
163	0.133645
162	0.124698
104	0.107819
33	0.085097
167	0.066823
109	0.065562
168	0.055444
166	0.050503
36	0.030507
105	0.029257

9 30 86
-40.685127	18.000000

31	0.754844
32	0.361393
1	0.322230
125	0.198127
127	0.192258
132	0.192010
33	0.179373
126	0.086078
128	0.086078
137	0.084021
133	0.083774
130	0.083774
34	0.055191
282	0.047326
286	0.046639
284	0.046639
135	0.027749
136	0.027749
129	0.025445
134	0.025445
138	0.021632
131	0.019575
291	0.015256
289	0.013278
290	0.013278
288	0.013095
285	0.012591
283	0.012408
287	0.012408
357	0.007399

35	6.438774
2	3.275166
36	2.865819
139	1.563894
141	1.524085
39	1.479591
42	1.202843
37	1.198806
3	0.983195
38	0.875366
178	0.795235
45	0.772730
146	0.761671
47	0.660876
40	0.577310
142	0.573531
140	0.573531
147	0.570624
144	0.570624
50	0.509564
160	0.403256
5	0.356335
162	0.339107
161	0.319972
292	0.319298
294	0.318314
163	0.317704
148	0.312166
155	0.300894
157	0.290871
180	0.273296
150	0.268067
172	0.267744
49	0.266853
153	0.252164
149	0.251266
151	0.244861
164	0.229720
179	0.223952
168	0.206553
48	0.193223
174	0.186240
152	0.185871
154	0.172024
170	0.168464
41	0.163034
169	0.156448
315	0.149415
175	0.133655
43	0.129544
303	0.123730
173	0.116459
305	0.109503
295	0.104218
304	0.100609
46	0.100163
297	0.092476
298	0.090510
4	0.089015
44	0.086520
299	0.084482
296	0.082516
301	0.078732
307	0.077558
159	0.074776
158	0.074320
156	0.074320
165	0.072480
300	0.069213
310	0.058867
316	0.056673
312	0.049016
311	0.047128
317	0.043260
309	0.040178
306	0.040073
302	0.039964
167	0.039242
171	0.035771
177	0.035641
358	0.035466
145	0.034315
176	0.021905
360	0.016835
314	0.012649
313	0.011811

10 46 160
-45.255006	20.000000

43	0.737553
44	0.364276
1	0.280705
189	0.198317
45	0.197134
191	0.191487
196	0.190976
205	0.095488
192	0.093495
190	0.093495
194	0.089469
197	0.089469
202	0.089469
206	0.089469
46	0.088919
495	0.050461
497	0.049153
506	0.049153
499	0.049153
508	0.047845
208	0.040769
207	0.040258
193	0.040258
200	0.040258
198	0.040258
195	0.033428
203	0.032917
510	0.019325
509	0.019325
507	0.019325
504	0.019325
498	0.019325
514	0.018954
502	0.018954
500	0.018954
496	0.018954
512	0.018954
210	0.016714
691	0.010695
693	0.010695
695	0.005348
204	0.004026
201	0.004026
505	0.001308
511	0.001308
503	0.001308

47	7.307214
48	3.413861
2	3.246841
211	1.847313
213	1.788542
218	1.785324
49	1.671538
52	1.650682
272	1.268584
55	1.260456
65	1.169491
61	1.147024
3	0.930591
59	0.898675
51	0.879689
278	0.823467
214	0.786933
212	0.786933
223	0.764070
219	0.762436
216	0.762436
64	0.712111
53	0.696898
5	0.597273
50	0.511207
273	0.498968
63	0.468550
62	0.461420
279	0.451859
244	0.431049
515	0.426008
517	0.418537
519	0.418537
261	0.399661
6	0.395347
246	0.365924
274	0.362199
235	0.360547
237	0.346052
249	0.342427
245	0.339551
247	0.330839
66	0.325154
56	0.319545
225	0.315524
564	0.307081
572	0.293273
265	0.289483
54	0.284073
227	0.272255
256	0.265487
230	0.256509
226	0.252176
222	0.250086
221	0.250086
231	0.247112
228	0.243170
248	0.242010
220	0.230675
215	0.230675
258	0.224510
250	0.221279
275	0.213845
264	0.206698
259	0.205100
257	0.200996
224	0.193883
262	0.193469
57	0.186789
229	0.185851
217	0.176859
242	0.172432
233	0.167591
232	0.166087
566	0.156341
60	0.154464
267	0.148091
277	0.137663
276	0.137358
524	0.136615
253	0.136424
260	0.136307
542	0.135470
251	0.130670
238	0.126684
236	0.126684
555	0.122438
243	0.122079
240	0.122079
553	0.120543
544	0.118915
522	0.117454
523	0.117454
545	0.115854
521	0.115687
518	0.111906
520	0.110139
516	0.110139
546	0.107010
525	0.105852
543	0.103950
548	0.099212
567	0.097760
527	0.094208
528	0.090362
534	0.090073
529	0.085460
547	0.084929
526	0.081614
569	0.080377
573	0.079865
530	0.079515
535	0.078228
536	0.077908
532	0.075155
568	0.074712
268	0.073761
558	0.068204
550	0.065706
531	0.065548
537	0.065548
539	0.065296
696	0.064639
533	0.063791
541	0.063766
280	0.061748
58	0.060516
263	0.059367
538	0.058437
560	0.057546
552	0.056372
270	0.055587
559	0.053862
561	0.053720
551	0.050244
234	0.050159
255	0.044768
701	0.042545
269	0.042178
252	0.038779
254	0.038764
562	0.038569
557	0.037268
697	0.035136
554	0.033769
556	0.033627
699	0.031918
700	0.030715
698	0.029094
549	0.028126
4	0.026343
710	0.025718
571	0.023629
703	0.022418
704	0.020463
707	0.019596
706	0.018077
570	0.017350
705	0.016575
563	0.016262

11 94 293
-49.820611	22.000000

57	0.711763
58	0.359289
1	0.244567
59	0.205201
285	0.194620
287	0.187238
292	0.186515
301	0.186473
60	0.109146
288	0.096530
286	0.096530
293	0.091337
290	0.091337
310	0.091072
298	0.091030
302	0.091030
836	0.051459
838	0.049704
840	0.049704
854	0.049626
847	0.049626
294	0.048836
289	0.048836
849	0.048088
870	0.047983
307	0.047364
313	0.047364
296	0.047056
303	0.047056
291	0.041454
311	0.039217
299	0.038951
61	0.034477
839	0.023014
841	0.022494
837	0.022494
871	0.022421
868	0.022421
848	0.022344
852	0.022344
845	0.022316
850	0.022316
861	0.021874
843	0.021796
855	0.021796
873	0.021534
863	0.021506
875	0.021506
309	0.017653
306	0.016930
305	0.016930
295	0.015151
304	0.015151
1314	0.012305
314	0.012195
1320	0.012122
1316	0.012122
1318	0.012103
1327	0.011863
308	0.011430
312	0.011430
300	0.009958
297	0.009958
867	0.007736
859	0.007585
858	0.007585
872	0.007557
865	0.007557
860	0.007367
857	0.007367
851	0.006886
842	0.006669
856	0.006669
877	0.006014
874	0.005941
866	0.005941
869	0.005752
864	0.005752
862	0.005724
876	0.005724
844	0.005131
853	0.005131
846	0.004914
1328	0.003545
1324	0.003488
1325	0.003488
1326	0.003469
1323	0.003469
1322	0.003412
1319	0.003286
1317	0.003286
1321	0.003229
1315	0.003229
1461	0.001924

62	15.676282
63	7.566376
2	6.188790
414	4.948735
315	4.071416
64	4.039833
317	3.923751
322	3.911490
82	3.649944
67	3.498284
403	3.355255
77	3.154286
85	2.954588
71	2.500730
6	2.124761
331	1.955544
415	1.907744
75	1.905747
318	1.882829
316	1.882829
65	1.809402
323	1.794666
320	1.794666
332	1.793039
328	1.793039
3	1.712042
66	1.693871
81	1.644277
68	1.552765
404	1.507091
5	1.476932
78	1.439612
83	1.419263
416	1.343629
80	1.196016
989	1.152934
389	1.013795
878	1.002172
880	0.973550
882	0.973550
889	0.973071
72	0.968628
891	0.945569
980	0.890823
978	0.889040
363	0.866529
395	0.864849
407	0.864124
1003	0.861971
393	0.860025
406	0.825305
334	0.808208
86	0.808161
324	0.802999
319	0.802999
349	0.800754
333	0.798789
326	0.798789
351	0.765217
356	0.761367
365	0.740848
69	0.739770
368	0.696039
364	0.679599
369	0.668054
321	0.664098
366	0.654784
329	0.649213
337	0.610096
382	0.593262
991	0.584530
73	0.558873
339	0.528459
420	0.522248
390	0.518326
417	0.516613
384	0.511647
342	0.499184
367	0.485779
338	0.485200
346	0.480633
387	0.473356
343	0.468157
340	0.464517
405	0.450601
383	0.448730
385	0.445533
409	0.438958
418	0.438614
79	0.432860
371	0.432780
370	0.428022
392	0.425998
419	0.418585
84	0.407998
881	0.378397
893	0.376684
890	0.376684
892	0.376595
887	0.376595
883	0.370622
879	0.370622
76	0.370558
895	0.368828
885	0.368828
375	0.368365
897	0.368067
373	0.361850
341	0.357551
1004	0.330591
336	0.329247
352	0.326583
350	0.326583
345	0.319464
344	0.313422
992	0.311509
958	0.310983
386	0.310861
960	0.310749
357	0.308012
354	0.308012
361	0.306920
347	0.306624
388	0.279883
398	0.278634
934	0.277073
348	0.272745
982	0.259666
74	0.259364
397	0.254801
983	0.246556
936	0.244832
979	0.240560
981	0.239896
400	0.239092
394	0.234229
396	0.234162
937	0.233139
943	0.232893
391	0.230448
70	0.223525
938	0.219333
985	0.209487
4	0.208308
935	0.207638
1329	0.206075
401	0.205996
1331	0.205537
898	0.205527
939	0.202167
944	0.199490
1369	0.198894
945	0.198880
986	0.191805
941	0.190617
399	0.188189
984	0.188044
380	0.185612
900	0.183829
907	0.175189
901	0.173542
910	0.170805
902	0.166331
924	0.165155
951	0.162722
378	0.162688
381	0.162681
940	0.162389
946	0.162387
926	0.158954
928	0.158954
994	0.157864
942	0.157311
899	0.156044
965	0.156031
912	0.152909
1363	0.151852
374	0.151652
376	0.151625
909	0.151593
908	0.150853
974	0.149988
903	0.148362
921	0.147283
967	0.144168
947	0.143331
919	0.143016
953	0.142117
905	0.141079
914	0.140720
954	0.134852
987	0.129319
963	0.129208
966	0.129155
372	0.127317
955	0.125684
959	0.124182
961	0.123926
904	0.123917
911	0.123755
969	0.122887
988	0.119328
906	0.119199
952	0.118420
916	0.116823
972	0.114787
957	0.114016
968	0.113049
915	0.112208
913	0.112046
970	0.110454
922	0.108594
402	0.108412
917	0.106894
950	0.103232
1333	0.102740
918	0.102655
920	0.101117
1371	0.100710
411	0.099732
948	0.099601
360	0.096952
359	0.096952
358	0.094066
353	0.094066
956	0.092461
1347	0.086290
999	0.084433
995	0.081456
971	0.080591
327	0.079508
330	0.079508
1354	0.078245
1349	0.077704
1352	0.076554
362	0.075066
1350	0.074217
973	0.073610
355	0.073466
412	0.072117
1348	0.069643
410	0.069303
1334	0.067883
1001	0.067481
997	0.064316
1364	0.062582
1005	0.061880
1336	0.060973
1339	0.059899
1338	0.057891
1000	0.057540
1337	0.056702
1366	0.054035
1345	0.053884
1340	0.053784
996	0.052995
1335	0.052709
933	0.051171
1342	0.049882
1344	0.049768
1365	0.048471
1343	0.045993
1341	0.044993
1355	0.044706
931	0.042451
932	0.042451
927	0.042097
413	0.041794
930	0.041494
929	0.041141
925	0.041141
1351	0.040136
1357	0.039280
1358	0.038141
1359	0.035310
1356	0.034170
1361	0.032678
975	0.031716
1360	0.027857
886	0.025280
894	0.025280
888	0.025272
1462	0.023386
1346	0.022088
977	0.022047
923	0.016816
1372	0.016367
976	0.015029
379	0.013881
1464	0.013760
1374	0.013505
1373	0.012478
1002	0.010509

5
3 2 2
-36.928203	30.000000

1	0.907073
4	0.420974

2	2.911214
5	0.146349

4 2 5
-49.656854	40.000000

1	0.770076
6	0.637952

2	2.904946
7	1.238382
3	0.774910
8	0.194692
10	0.015177

5 4 8
-62.310734	50.000000

8	0.737224
1	0.638086
9	0.189970
18	0.115144

2	4.612396
10	3.544508
3	1.876390
12	0.726742
13	0.598397
11	0.346630
19	0.094233
20	0.033604

6 5 15
-74.928203	60.000000

12	0.777016
1	0.530712
13	0.284408
30	0.164203
32	0.082101

14	3.268278
2	3.020280
3	1.025485
15	0.819747
17	0.705647
18	0.627601
33	0.483994
4	0.352824
16	0.240832
19	0.225299
36	0.168165
34	0.071611
35	0.062838
37	0.045060
38	0.028567

7 10 26
-87.525145	70.000000

16	0.780611
1	0.442882
17	0.330101
50	0.185694
52	0.183283
18	0.096460
54	0.050971
51	0.048559
53	0.048559
84	0.029028

19	7.886864
2	5.705283
20	2.808930
3	1.710140
22	1.651226
55	1.584451
24	1.469397
57	0.789823
4	0.750242
26	0.520182
21	0.471127
63	0.449440
23	0.395982
64	0.375732
25	0.326253
62	0.218153
67	0.172585
58	0.146739
27	0.146274
60	0.131451
59	0.121840
85	0.042026
87	0.039805
61	0.033161
86	0.028376
66	0.015991

8 14 46
-100.109358	80.000000

23	0.774992
1	0.377184
24	0.354000
79	0.196054
81	0.191583
25	0.150053
86	0.095792
87	0.073316
84	0.073316
80	0.073316
82	0.073316
159	0.041530
157	0.041530
85	0.004471

26	4.816402
2	2.875161
27	1.984235
88	1.093653
90	1.076210
30	0.975030
32	0.836809
3	0.788826
28	0.573747
35	0.447352
31	0.329694
92	0.293672
89	0.280849
91	0.280849
101	0.271600
29	0.242820
103	0.225996
102	0.218595
4	0.191630
98	0.174695
160	0.164293
37	0.161733
112	0.131752
110	0.117860
111	0.115441
108	0.100796
106	0.092715
100	0.085497
164	0.081170
93	0.077678
95	0.071410
107	0.070052
96	0.065290
94	0.062171
104	0.055197
97	0.049459
33	0.043565
167	0.034209
109	0.033564
168	0.028384
166	0.025854
161	0.023190
163	0.020969
162	0.019784
36	0.015618
105	0.014977

9 30 86
-112.685127	90.000000

31	0.754844
32	0.361393
1	0.322230
125	0.198127
127	0.192258
132	0.192010
33	0.179373
126	0.086078
128	0.086078
137	0.084021
133	0.083774
130	0.083774
34	0.055191
282	0.047326
284	0.046639
286	0.046639
136	0.027749
135	0.027749
134	0.025445
129	0.025445
138	0.021632
131	0.019575
291	0.015256
290	0.013278
289	0.013278
288	0.013095
285	0.012591
283	0.012408
287	0.012408
357	0.007399

35	11.811135
2	6.015918
36	5.264796
139	2.863679
141	2.790985
39	2.328484
37	2.206425
42	1.892955
3	1.547287
146	1.394913
178	1.251489
45	1.216072
142	1.050721
140	1.050721
147	1.046133
144	1.046133
47	1.040044
40	0.908532
50	0.801919
160	0.634618
292	0.583308
294	0.581760
5	0.560776
162	0.533665
38	0.515917
161	0.503551
163	0.499982
155	0.473528
157	0.457753
180	0.430095
172	0.421358
49	0.419955
164	0.361519
179	0.352441
168	0.325060
48	0.304082
174	0.293093
170	0.265117
41	0.256573
169	0.246207
315	0.235139
175	0.210337
43	0.203868
303	0.194718
173	0.183276
305	0.172329
148	0.167844
304	0.158331
46	0.157630
150	0.157345
153	0.145676
4	0.140086
44	0.136160
151	0.134183
149	0.130904
307	0.122055
159	0.117678
158	0.116960
156	0.116960
165	0.114064
152	0.104577
154	0.097450
310	0.092642
316	0.089189
312	0.077138
311	0.074166
317	0.068079
145	0.064062
309	0.063229
306	0.063064
302	0.062892
167	0.061757
171	0.056295
177	0.056089
295	0.051510
297	0.047410
298	0.044315
299	0.044190
296	0.041096
301	0.040170
300	0.035171
176	0.034473
360	0.026494
314	0.019906
313	0.018587
358	0.015404

10 46 162
-125.255006	100.000000

43	0.737553
44	0.364276
1	0.280705
189	0.198317
45	0.197134
191	0.191487
196	0.190976
205	0.095488
192	0.093495
190	0.093495
194	0.089469
197	0.089469
206	0.089469
202	0.089469
46	0.088919
495	0.050461
506	0.049153
497	0.049153
499	0.049153
508	0.047845
208	0.040769
193	0.040258
207	0.040258
198	0.040258
200	0.040258
195	0.033428
203	0.032917
504	0.019325
507	0.019325
498	0.019325
509	0.019325
510	0.019325
502	0.018954
514	0.018954
500	0.018954
512	0.018954
496	0.018954
210	0.016714
693	0.010695
691	0.010695
695	0.005348
201	0.004026
204	0.004026
503	0.001308
511	0.001308
505	0.001308

47	16.246345
48	7.603394
2	7.225987
211	4.101949
213	3.971302
218	3.964424
49	3.731142
52	3.141127
272	2.414023
55	2.398557
65	2.225456
61	2.182702
3	1.770846
214	1.749166
212	1.749166
59	1.710112
223	1.699050
219	1.695151
216	1.695151
278	1.566998
64	1.355094
53	1.326146
50	1.142578
5	1.136566
273	0.949499
515	0.944189
517	0.927861
519	0.927861
63	0.891616
62	0.878049
279	0.859854
244	0.820254
261	0.760525
6	0.752317
246	0.696327
274	0.689238
235	0.686095
237	0.658513
249	0.651614
245	0.646141
247	0.629562
51	0.626498
66	0.618744
56	0.608071
564	0.584352
572	0.558076
222	0.557591
221	0.557591
265	0.550865
54	0.540571
220	0.513289
215	0.513289
256	0.505202
248	0.460527
224	0.431008
258	0.427226
250	0.421078
275	0.406932
264	0.393331
217	0.392035
259	0.390290
257	0.382481
262	0.368158
57	0.355445
242	0.328125
524	0.302879
566	0.297505
60	0.293933
267	0.281806
277	0.261962
276	0.261383
522	0.260685
523	0.260685
253	0.259605
260	0.259381
542	0.257790
521	0.256752
251	0.248655
518	0.248015
520	0.244082
516	0.244082
238	0.241070
236	0.241070
555	0.232990
243	0.232307
240	0.232307
553	0.229384
544	0.226286
545	0.220462
225	0.206144
546	0.203633
543	0.197809
227	0.195998
548	0.188793
567	0.186031
230	0.183926
231	0.170086
547	0.161615
228	0.158542
226	0.157788
569	0.152952
573	0.151978
696	0.142990
568	0.142172
268	0.140361
558	0.129787
229	0.127228
550	0.125035
539	0.124254
541	0.121342
280	0.117503
233	0.116759
58	0.115157
232	0.113898
263	0.112971
560	0.109506
552	0.107272
270	0.105779
559	0.102496
561	0.102225
551	0.095610
255	0.085190
701	0.080961
269	0.080262
252	0.073793
254	0.073765
562	0.073393
557	0.070919
525	0.064403
554	0.064261
556	0.063989
527	0.060741
529	0.056493
534	0.056074
549	0.053523
528	0.053423
536	0.051378
530	0.050977
4	0.050129
535	0.049497
526	0.049175
710	0.048939
532	0.046139
571	0.044965
703	0.042660
531	0.041405
537	0.041405
533	0.040664
704	0.038939
707	0.037290
538	0.037205
234	0.034848
706	0.034400
570	0.033016
705	0.031541
563	0.030945
697	0.019546
699	0.017826
700	0.017258
698	0.016465
574	0.012617
241	0.011252

11 94 289
-137.820611	110.000000

57	0.711763
58	0.359289
1	0.244567
59	0.205201
285	0.194620
287	0.187238
292	0.186515
301	0.186473
60	0.109146
286	0.096530
288	0.096530
290	0.091337
293	0.091337
310	0.091072
302	0.091030
298	0.091030
836	0.051459
838	0.049704
840	0.049704
854	0.049626
847	0.049626
289	0.048836
294	0.048836
849	0.048088
870	0.047983
313	0.047364
307	0.047364
303	0.047056
296	0.047056
291	0.041454
311	0.039217
299	0.038951
61	0.034477
839	0.023014
837	0.022494
841	0.022494
868	0.022421
871	0.022421
848	0.022344
852	0.022344
850	0.022316
845	0.022316
861	0.021874
843	0.021796
855	0.021796
873	0.021534
863	0.021506
875	0.021506
309	0.017653
306	0.016930
305	0.016930
295	0.015151
304	0.015151
1314	0.012305
314	0.012195
1320	0.012122
1316	0.012122
1318	0.012103
1327	0.011863
312	0.011430
308	0.011430
300	0.009958
297	0.009958
867	0.007736
858	0.007585
859	0.007585
872	0.007557
865	0.007557
857	0.007367
860	0.007367
851	0.006886
842	0.006669
856	0.006669
877	0.006014
874	0.005941
866	0.005941
864	0.005752
869	0.005752
876	0.005724
862	0.005724
844	0.005131
853	0.005131
846	0.004914
1328	0.003545
1325	0.003488
1324	0.003488
1323	0.003469
1326	0.003469
1322	0.003412
1319	0.003286
1317	0.003286
1315	0.003229
1321	0.003229
1461	0.001924

62	13.667166
63	6.609152
2	5.399664
414	3.686198
315	3.546407
64	3.537338
317	3.417430
322	3.406925
82	2.718758
67	2.605789
403	2.499251
77	2.349554
85	2.200804
71	1.862735
331	1.703316
318	1.642317
316	1.642317
65	1.587003
6	1.582685
323	1.565446
320	1.565446
332	1.564247
328	1.564247
415	1.421034
75	1.419546
3	1.275260
81	1.224784
68	1.156618
404	1.122597
5	1.100132
78	1.072333
83	1.057176
416	1.000838
80	0.890884
878	0.871718
989	0.858794
880	0.846898
882	0.846898
889	0.846545
891	0.822558
389	0.755152
72	0.721509
334	0.706764
324	0.701502
319	0.701501
333	0.698347
326	0.698347
980	0.663554
978	0.662226
363	0.645457
395	0.644206
407	0.643666
1003	0.642062
393	0.640613
406	0.614750
86	0.601980
349	0.596463
321	0.579013
351	0.569992
356	0.567124
329	0.566493
365	0.551840
69	0.551037
368	0.518463
364	0.506218
369	0.497618
366	0.487733
66	0.471946
382	0.441907
991	0.435403
73	0.416292
420	0.389011
390	0.386089
417	0.384813
384	0.381113
367	0.361846
387	0.352592
405	0.335642
383	0.334249
385	0.331867
881	0.329316
893	0.328036
890	0.328036
892	0.327971
887	0.327971
409	0.326970
418	0.326713
883	0.322517
879	0.322517
79	0.322427
371	0.322367
895	0.321177
885	0.321177
897	0.320608
370	0.318824
392	0.317316
419	0.311794
84	0.303908
336	0.287404
76	0.276020
375	0.274387
373	0.269534
1004	0.246250
352	0.243264
350	0.243264
992	0.232036
958	0.231644
386	0.231553
960	0.231470
357	0.229431
354	0.229431
361	0.228617
388	0.208479
398	0.207548
934	0.206385
982	0.193419
74	0.193194
397	0.189796
983	0.183654
936	0.182370
979	0.179187
1329	0.178922
981	0.178693
1331	0.178521
400	0.178094
394	0.174472
396	0.174422
937	0.173660
943	0.173476
391	0.171655
70	0.166499
938	0.163376
337	0.156542
985	0.156042
4	0.155164
935	0.154665
401	0.153442
939	0.150590
339	0.150386
944	0.148595
1369	0.148151
945	0.148141
986	0.142871
342	0.142679
941	0.141986
399	0.140178
984	0.140070
380	0.138258
346	0.133184
343	0.123891
924	0.123020
951	0.121208
378	0.121183
381	0.121177
940	0.120960
946	0.120959
926	0.118401
928	0.118401
338	0.118164
994	0.117589
942	0.117177
340	0.116855
965	0.116224
1363	0.113111
374	0.112962
376	0.112942
974	0.111722
967	0.107387
947	0.106764
953	0.105859
954	0.100448
987	0.096327
963	0.096244
966	0.096205
341	0.096150
372	0.094836
955	0.093619
959	0.092501
961	0.092309
969	0.091536
1333	0.089240
988	0.088884
345	0.088265
952	0.088208
972	0.085502
957	0.084928
968	0.084207
344	0.083765
347	0.083613
970	0.082275
402	0.080754
950	0.076895
1371	0.075017
348	0.074678
411	0.074288
948	0.074191
360	0.072217
359	0.072217
327	0.070401
330	0.070401
358	0.070067
353	0.070067
956	0.068872
1347	0.064275
999	0.062892
995	0.060675
971	0.060030
1354	0.058283
1349	0.057880
1352	0.057023
362	0.055915
1350	0.055282
973	0.054830
355	0.054723
412	0.053718
1348	0.051875
410	0.051622
1001	0.050265
898	0.049501
997	0.047908
900	0.047613
1364	0.046616
1005	0.046093
907	0.044401
902	0.044287
1000	0.042860
910	0.041136
909	0.041029
1366	0.040249
912	0.040246
901	0.039950
996	0.039475
921	0.038444
933	0.038116
908	0.037876
903	0.036859
899	0.036625
1365	0.036105
914	0.036103
919	0.035265
1355	0.033301
905	0.033198
931	0.031621
932	0.031621
927	0.031357
904	0.031145
413	0.031131
911	0.031024
930	0.030908
929	0.030645
925	0.030645
906	0.030361
1351	0.029897
916	0.029393
1357	0.029259
915	0.028659
913	0.028538
1358	0.028410
922	0.028078
917	0.026812
918	0.026574
1359	0.026302
1356	0.025453
920	0.025429
1361	0.024341
975	0.023625
886	0.022333
894	0.022333
888	0.022329
1360	0.020750
1346	0.016453
977	0.016423
1334	0.015255
1336	0.014108
1338	0.013567
1339	0.013307
1340	0.012760
1337	0.012682
1345	0.012334
1372	0.012191
1335	0.011960
1342	0.011606
1344	0.011521
976	0.011195
1343	0.010601
1341	0.010367
379	0.010340
1464	0.010249
1374	0.010060

10
3 2 2
-66.928203	60.000000

1	0.907073
4	0.420974

2	3.311872
5	0.091862

4 2 4
-89.656854	80.000000

1	0.770076
6	0.637952

2	4.217959
7	1.785345
3	1.093329
8	0.155357

5 4 8
-112.310734	100.000000

8	0.737224
1	0.638086
9	0.189970
18	0.115144

2	5.604462
10	4.283311
3	2.207958
12	0.855161
13	0.704138
11	0.230850
19	0.054651
20	0.039542

6 5 15
-134.928203	120.000000

12	0.777016
1	0.530712
13	0.284408
30	0.164203
32	0.082101

14	5.003974
2	4.643922
3	1.524015
15	1.254937
17	1.048691
18	0.932704
33	0.737506
4	0.524346
19	0.334826
36	0.249917
16	0.202552
37	0.066965
34	0.055019
35	0.049345
38	0.042454

7 10 26
-157.525145	140.000000

16	0.780611
1	0.442882
17	0.330101
50	0.185694
52	0.183283
18	0.096460
54	0.050971
53	0.048559
51	0.048559
84	0.029028

19	5.620780
2	4.079749
20	2.002540
3	1.180559
22	1.139889
55	1.124743
24	1.014367
57	0.560713
4	0.517914
26	0.359097
63	0.310261
23	0.273358
64	0.259378
25	0.225222
21	0.184007
62	0.150597
67	0.119140
27	0.100978
58	0.053320
60	0.050598
59	0.043964
87	0.027479
86	0.019589
85	0.013536
61	0.012512
66	0.011039

8 14 46
-180.109358	160.000000

23	0.774992
1	0.377184
24	0.354000
79	0.196054
81	0.191583
25	0.150053
86	0.095792
87	0.073316
82	0.073316
84	0.073316
80	0.073316
159	0.041530
157	0.041530
85	0.004471

26	8.745356
2	5.234995
27	3.605117
88	1.979446
90	1.947842
30	1.712475
32	1.469713
3	1.385440
28	1.043211
35	0.785698
31	0.579052
92	0.531780
91	0.508290
89	0.508290
101	0.477019
103	0.396925
102	0.383925
4	0.336565
98	0.306823
160	0.296296
37	0.284056
29	0.241212
112	0.231400
110	0.207001
111	0.202753
108	0.177031
106	0.162839
100	0.150161
164	0.142561
107	0.123034
104	0.096944
33	0.076513
93	0.072450
95	0.072142
96	0.063023
167	0.060082
109	0.058949
94	0.055914
168	0.049851
97	0.048084
166	0.045409
36	0.027430
105	0.026305
161	0.020034
163	0.018346
162	0.017508

9 30 79
-202.685127	180.000000

31	0.754844
32	0.361393
1	0.322230
125	0.198127
127	0.192258
132	0.192010
33	0.179373
126	0.086078
128	0.086078
137	0.084021
133	0.083774
130	0.083774
34	0.055191
282	0.047326
286	0.046639
284	0.046639
135	0.027749
136	0.027749
129	0.025445
134	0.025445
138	0.021632
131	0.019575
291	0.015256
290	0.013278
289	0.013278
288	0.013095
285	0.012591
287	0.012408
283	0.012408
357	0.007399

35	5.506617
2	2.811276
36	2.456480
139	1.331609
141	1.297717
39	1.049021
37	1.030471
42	0.852808
3	0.697079
146	0.648600
178	0.563817
45	0.547861
140	0.488728
142	0.488728
144	0.486656
147	0.486656
47	0.468557
40	0.409309
50	0.361278
160	0.285906
292	0.270393
294	0.269696
5	0.252639
162	0.240425
161	0.226858
163	0.225250
155	0.213332
157	0.206226
180	0.193765
172	0.189829
49	0.189197
164	0.162870
179	0.158781
168	0.146445
48	0.136994
174	0.132043
38	0.131426
170	0.119440
41	0.115590
169	0.110920
315	0.105934
175	0.094760
43	0.091846
303	0.087724
173	0.082569
305	0.077637
304	0.071331
46	0.071015
4	0.063111
44	0.061342
307	0.054988
159	0.053016
156	0.052692
158	0.052692
165	0.051388
310	0.041737
150	0.041559
148	0.040360
316	0.040181
153	0.037463
312	0.034752
311	0.033413
151	0.032285
317	0.030671
145	0.030007
149	0.029647
309	0.028486
306	0.028411
302	0.028334
167	0.027822
152	0.026203
171	0.025362
177	0.025269
154	0.024523
176	0.015531
360	0.011936
295	0.011686
297	0.011275
299	0.010692

10 46 147
-225.255006	200.000000

43	0.737553
44	0.364276
1	0.280705
189	0.198317
45	0.197134
191	0.191487
196	0.190976
205	0.095488
190	0.093495
192	0.093495
202	0.089469
197	0.089469
206	0.089469
194	0.089469
46	0.088919
495	0.050461
497	0.049153
499	0.049153
506	0.049153
508	0.047845
208	0.040769
207	0.040258
193	0.040258
198	0.040258
200	0.040258
195	0.033428
203	0.032917
510	0.019325
504	0.019325
509	0.019325
507	0.019325
498	0.019325
496	0.018954
502	0.018954
512	0.018954
500	0.018954
514	0.018954
210	0.016714
693	0.010695
691	0.010695
695	0.005348
204	0.004026
201	0.004026
505	0.001308
503	0.001308
511	0.001308

47	6.267802
48	2.935880
2	2.793337
211	1.579047
213	1.528613
218	1.525990
49	1.442219
52	1.170159
272	0.899293
55	0.893531
65	0.829046
61	0.813119
212	0.673691
214	0.673691
3	0.659691
223	0.654402
216	0.652878
219	0.652878
59	0.637066
278	0.583752
64	0.504812
53	0.494027
50	0.441898
5	0.423404
515	0.362516
519	0.356244
517	0.356244
273	0.353716
63	0.332152
62	0.327099
279	0.320321
244	0.305568
261	0.283317
6	0.280260
246	0.259402
274	0.256761
235	0.255590
237	0.245315
249	0.242745
245	0.240706
247	0.234530
66	0.230500
56	0.226524
564	0.217688
221	0.214992
222	0.214992
572	0.207899
265	0.205213
54	0.201378
215	0.197806
220	0.197806
256	0.188202
248	0.171559
224	0.165991
258	0.159154
250	0.156864
275	0.151594
217	0.150862
264	0.146527
259	0.145394
257	0.142485
262	0.137150
57	0.132414
51	0.131938
242	0.122236
524	0.116282
566	0.110829
60	0.109498
267	0.104981
523	0.100131
522	0.100131
521	0.098617
277	0.097588
276	0.097373
253	0.096710
260	0.096627
542	0.096034
518	0.095223
516	0.093709
520	0.093709
251	0.092631
236	0.089805
238	0.089805
555	0.086796
240	0.086541
243	0.086541
553	0.085452
544	0.084298
545	0.082128
546	0.075859
543	0.073689
548	0.070331
567	0.069302
547	0.060206
569	0.056979
573	0.056616
696	0.054743
568	0.052963
268	0.052289
558	0.048350
550	0.046579
539	0.046288
541	0.045203
280	0.043773
227	0.043347
58	0.042899
263	0.042085
225	0.041121
560	0.040794
230	0.040131
552	0.039962
270	0.039406
559	0.038183
561	0.038082
551	0.035617
231	0.035245
255	0.031736
228	0.030675
701	0.030160
269	0.029900
226	0.029113
252	0.027490
254	0.027480
562	0.027341
557	0.026419
229	0.026416
233	0.024608
554	0.023939
556	0.023838
232	0.023542
549	0.019939
4	0.018675
710	0.018231
571	0.016751
703	0.015892
704	0.014506
707	0.013892
706	0.012815
527	0.012393
570	0.012299
525	0.012237
529	0.011756
705	0.011750
563	0.011528
534	0.010887
536	0.010657
530	0.010125

11 94 277
-247.820611	220.000000

57	0.711763
58	0.359289
1	0.244567
59	0.205201
285	0.194620
287	0.187238
292	0.186515
301	0.186473
60	0.109146
286	0.096530
288	0.096530
290	0.091337
293	0.091337
310	0.091072
298	0.091030
302	0.091030
836	0.051459
840	0.049704
838	0.049704
847	0.049626
854	0.049626
294	0.048836
289	0.048836
849	0.048088
870	0.047983
307	0.047364
313	0.047364
296	0.047056
303	0.047056
291	0.041454
311	0.039217
299	0.038951
61	0.034477
839	0.023014
837	0.022494
841	0.022494
871	0.022421
868	0.022421
852	0.022344
848	0.022344
845	0.022316
850	0.022316
861	0.021874
843	0.021796
855	0.021796
873	0.021534
863	0.021506
875	0.021506
309	0.017653
305	0.016930
306	0.016930
295	0.015151
304	0.015151
1314	0.012305
314	0.012195
1320	0.012122
1316	0.012122
1318	0.012103
1327	0.011863
308	0.011430
312	0.011430
297	0.009958
300	0.009958
867	0.007736
858	0.007585
859	0.007585
865	0.007557
872	0.007557
860	0.007367
857	0.007367
851	0.006886
856	0.006669
842	0.006669
877	0.006014
866	0.005941
874	0.005941
869	0.005752
864	0.005752
876	0.005724
862	0.005724
853	0.005131
844	0.005131
846	0.004914
1328	0.003545
1324	0.003488
1325	0.003488
1326	0.003469
1323	0.003469
1322	0.003412
1319	0.003286
1317	0.003286
1321	0.003229
1315	0.003229
1461	0.001924

62	15.011045
63	7.265441
2	5.940969
414	3.907248
64	3.892855
315	3.887815
317	3.746040
322	3.734574
82	2.881795
67	2.762051
403	2.649124
77	2.490450
85	2.332780
71	1.974438
331	1.867134
318	1.801593
316	1.801593
65	1.747704
323	1.717144
320	1.717144
332	1.715882
328	1.715882
6	1.677594
415	1.506250
75	1.504672
3	1.351733
81	1.298231
68	1.225977
404	1.189916
5	1.166104
78	1.136638
83	1.120572
416	1.060856
878	0.953529
80	0.944308
880	0.926332
882	0.926332
889	0.925961
989	0.910293
891	0.899645
389	0.800437
334	0.776019
324	0.770103
319	0.770103
333	0.766746
326	0.766746
72	0.764776
980	0.703345
978	0.701937
363	0.684163
395	0.682837
407	0.682265
1003	0.680565
393	0.679029
406	0.651615
86	0.638079
321	0.635173
349	0.632231
329	0.621524
351	0.604173
356	0.601133
365	0.584933
69	0.584081
368	0.549554
364	0.536574
369	0.527459
366	0.516981
382	0.468407
991	0.461513
73	0.441256
420	0.412338
390	0.409242
417	0.407889
384	0.403968
367	0.383545
387	0.373736
881	0.360316
893	0.358956
890	0.358956
892	0.358889
887	0.358889
405	0.355770
383	0.354293
883	0.352865
879	0.352865
385	0.351768
895	0.351441
885	0.351441
897	0.350837
409	0.346577
418	0.346305
79	0.341762
371	0.341699
370	0.337943
392	0.336345
419	0.330492
84	0.322132
336	0.315346
76	0.292572
375	0.290841
373	0.285697
66	0.282744
1004	0.261016
352	0.257852
350	0.257852
992	0.245951
958	0.245535
386	0.245439
960	0.245351
357	0.243189
354	0.243189
361	0.242327
388	0.220980
398	0.219994
934	0.218762
982	0.205018
74	0.204779
397	0.201177
1329	0.195211
1331	0.194786
983	0.194667
936	0.193306
979	0.189933
981	0.189409
400	0.188774
394	0.184935
396	0.184882
937	0.184073
943	0.183879
391	0.181949
70	0.176483
938	0.173173
985	0.165399
4	0.164469
935	0.163939
401	0.162643
939	0.159620
944	0.157506
1369	0.157035
945	0.157024
986	0.151438
941	0.150501
399	0.148584
984	0.148469
380	0.146549
924	0.130397
951	0.128476
378	0.128450
381	0.128444
940	0.128213
946	0.128212
926	0.125501
928	0.125501
994	0.124641
942	0.124204
965	0.123193
1363	0.119894
374	0.119736
376	0.119714
974	0.118422
967	0.113827
947	0.113166
953	0.112207
954	0.106472
987	0.102103
963	0.102016
966	0.101974
372	0.100523
955	0.099233
959	0.098048
961	0.097845
1333	0.097371
969	0.097025
339	0.095459
988	0.094214
952	0.093498
972	0.090630
342	0.090167
957	0.090021
968	0.089257
337	0.089043
970	0.087208
402	0.085596
950	0.081506
346	0.080921
1371	0.079515
411	0.078743
948	0.078640
327	0.077575
330	0.077575
360	0.076548
359	0.076548
358	0.074269
353	0.074269
956	0.073002
343	0.071070
1347	0.068130
999	0.066664
995	0.064313
971	0.063630
340	0.062796
1354	0.061778
1349	0.061351
338	0.061304
1352	0.060442
362	0.059268
1350	0.058597
973	0.058118
355	0.058005
412	0.056940
341	0.056867
1348	0.054986
410	0.054718
345	0.053544
1001	0.053279
997	0.050780
347	0.049799
1364	0.049411
1005	0.048857
344	0.048774
1000	0.045430
348	0.044596
1366	0.042663
996	0.041842
933	0.040402
1365	0.038270
1355	0.035298
931	0.033517
932	0.033517
927	0.033238
413	0.032998
930	0.032762
929	0.032483
925	0.032483
1351	0.031689
1357	0.031013
1358	0.030114
900	0.028315
1359	0.027879
1356	0.026979
898	0.026974
902	0.026893
1361	0.025801
907	0.025567
909	0.025315
975	0.025041
886	0.024564
894	0.024564
888	0.024560
912	0.023835
921	0.022726
910	0.022105
1360	0.021994
908	0.021466
914	0.020744
903	0.020245
901	0.020192
919	0.019357
899	0.018770
904	0.017671
911	0.017543
1346	0.017440
977	0.017407
906	0.017375
905	0.017014
916	0.016674
922	0.016454
915	0.016443
913	0.016315
918	0.015573
917	0.015112
920	0.014359
1372	0.012922
976	0.011866
379	0.010960
1464	0.010864
1374	0.010663

-1
3 2 2
-0.928203	-6.000000

1	0.907073
4	0.420974

5	5.403739
2	2.701870

4 2 5
-1.656854	-8.000000

1	0.770076
6	0.637952

8	9.789349
3	2.298881
10	1.433617
2	0.593824
7	0.491940

5 4 8
-2.310734	-10.000000

8	0.737224
1	0.638086
9	0.189970
18	0.115144

11	10.228931
19	4.079144
3	2.996497
2	2.309626
10	2.196922
12	1.160569
13	0.955609
20	0.053664

6 5 16
-2.928203	-12.000000

12	0.777016
1	0.530712
13	0.284408
30	0.164203
32	0.082101

16	4.668685
34	1.827645
14	1.758340
35	1.585082
2	1.400351
3	1.027755
17	0.707210
18	0.628991
15	0.466772
4	0.353605
33	0.291503
19	0.225798
36	0.168538
44	0.159423
37	0.045160
38	0.028630

7 10 26
-3.525145	-14.000000

16	0.780611
1	0.442882
17	0.330101
50	0.185694
52	0.183283
18	0.096460
54	0.050971
51	0.048559
53	0.048559
84	0.029028

21	9.745679
19	5.163448
58	3.798424
2	3.317808
60	3.176797
59	3.166796
20	1.940748
3	1.779765
22	1.718452
24	1.529221
85	1.440277
55	1.144122
61	0.844431
4	0.780787
57	0.574562
26	0.541360
63	0.467738
23	0.412104
64	0.391029
25	0.339536
62	0.227035
67	0.179611
27	0.152230
87	0.041426
86	0.029531
66	0.016642

8 14 47
-4.109358	-16.000000

23	0.774992
1	0.377184
24	0.354000
79	0.196054
81	0.191583
25	0.150053
86	0.095792
87	0.073316
80	0.073316
82	0.073316
84	0.073316
159	0.041530
157	0.041530
85	0.004471

29	5.032583
26	3.402307
93	1.959610
2	1.838269
95	1.619365
94	1.609900
96	1.551035
27	1.473506
97	1.197637
30	0.998900
32	0.857295
88	0.842189
90	0.834230
3	0.808138
161	0.715171
163	0.644170
162	0.600058
35	0.458303
28	0.435053
31	0.337766
101	0.278249
92	0.236032
103	0.231529
102	0.223946
91	0.223340
89	0.223340
4	0.196321
98	0.178972
37	0.165692
160	0.135966
112	0.134978
110	0.120745
111	0.118267
108	0.103263
106	0.094985
100	0.087590
164	0.083157
107	0.071767
104	0.056548
33	0.044631
179	0.044546
167	0.035046
109	0.034385
168	0.029079
166	0.026487
36	0.016000
105	0.015344

9 30 84
-4.685127	-18.000000

31	0.754844
32	0.361393
1	0.322230
125	0.198127
127	0.192258
132	0.192010
33	0.179373
128	0.086078
126	0.086078
137	0.084021
133	0.083774
130	0.083774
34	0.055191
282	0.047326
286	0.046639
284	0.046639
136	0.027749
135	0.027749
134	0.025445
129	0.025445
138	0.021632
131	0.019575
291	0.015256
290	0.013278
289	0.013278
288	0.013095
285	0.012591
283	0.012408
287	0.012408
357	0.007399

38	4.690725
35	3.833229
148	1.826521
2	1.790614
36	1.789376
150	1.502362
149	1.490622
153	1.418844
151	1.413741
152	1.077554
39	1.033838
139	1.003772
154	0.994945
141	0.983561
42	0.840465
37	0.767037
3	0.686990
295	0.657537
297	0.576739
298	0.575365
178	0.555657
45	0.539931
299	0.522571
296	0.521197
301	0.494537
146	0.492042
47	0.461776
300	0.439079
40	0.403385
144	0.382947
147	0.382947
140	0.380920
142	0.380920
50	0.356049
160	0.281768
5	0.248983
358	0.245824
162	0.236945
161	0.223575
163	0.221990
294	0.219669
292	0.218982
155	0.210245
157	0.203241
180	0.190961
172	0.187082
49	0.186458
164	0.160513
179	0.156483
168	0.144325
48	0.135011
174	0.130132
170	0.117711
41	0.113917
169	0.109315
315	0.104401
175	0.093389
43	0.090517
303	0.086454
173	0.081374
305	0.076514
304	0.070299
46	0.069987
4	0.062198
44	0.060455
307	0.054192
159	0.052248
156	0.051930
158	0.051930
165	0.050644
310	0.041133
316	0.039600
312	0.034249
311	0.032930
317	0.030227
309	0.028074
306	0.028000
302	0.027924
167	0.027420
171	0.024995
177	0.024903
145	0.024054
176	0.015306
360	0.011763

10 46 161
-5.255006	-20.000000

43	0.737553
44	0.364276
1	0.280705
189	0.198317
45	0.197134
191	0.191487
196	0.190976
205	0.095488
192	0.093495
190	0.093495
206	0.089469
194	0.089469
202	0.089469
197	0.089469
46	0.088919
495	0.050461
506	0.049153
499	0.049153
497	0.049153
508	0.047845
208	0.040769
200	0.040258
198	0.040258
193	0.040258
207	0.040258
195	0.033428
203	0.032917
509	0.019325
504	0.019325
498	0.019325
510	0.019325
507	0.019325
512	0.018954
496	0.018954
514	0.018954
502	0.018954
500	0.018954
210	0.016714
691	0.010695
693	0.010695
695	0.005348
204	0.004026
201	0.004026
511	0.001308
505	0.001308
503	0.001308

51	7.390146
47	7.054578
48	3.445513
2	2.906352
225	2.878464
227	2.362876
226	2.341058
230	2.218490
228	2.203996
231	2.178048
211	1.909264
213	1.856599
218	1.855197
52	1.793593
49	1.729788
229	1.670435
233	1.491837
232	1.490203
272	1.378415
55	1.369583
65	1.270742
61	1.246329
525	1.030271
3	1.011159
59	0.976480
527	0.895610
278	0.894761
528	0.891431
534	0.868590
214	0.841711
212	0.841711
223	0.825712
219	0.822574
216	0.822574
529	0.801738
526	0.797560
64	0.773763
53	0.757233
530	0.754643
535	0.752163
536	0.733775
532	0.730783
5	0.648983
531	0.635428
537	0.635428
533	0.615013
538	0.567516
273	0.542167
50	0.535051
63	0.509116
62	0.501369
279	0.490980
515	0.468490
244	0.468368
517	0.463024
519	0.463024
234	0.448209
261	0.434262
6	0.429575
246	0.397605
274	0.393557
235	0.391762
237	0.376013
249	0.372074
245	0.368948
697	0.367481
247	0.359482
66	0.353305
56	0.347210
699	0.334876
564	0.333667
700	0.321673
572	0.318663
265	0.314545
54	0.308668
698	0.304387
256	0.288472
222	0.275042
221	0.275042
248	0.262962
220	0.250395
215	0.250395
258	0.243947
250	0.240437
275	0.232360
264	0.224593
259	0.222857
257	0.218398
224	0.214658
262	0.210219
57	0.202960
217	0.192332
242	0.187360
566	0.169876
60	0.167837
267	0.160912
524	0.151752
277	0.149581
276	0.149250
253	0.148235
260	0.148108
542	0.147199
251	0.141983
238	0.137652
236	0.137652
522	0.133255
523	0.133255
555	0.133038
243	0.132648
240	0.132648
521	0.131547
553	0.130979
544	0.129210
545	0.125885
518	0.125700
520	0.123992
516	0.123992
546	0.116275
543	0.112949
548	0.107802
567	0.106224
547	0.092282
569	0.087336
573	0.086780
568	0.081180
268	0.080147
696	0.074915
558	0.074109
550	0.071395
539	0.070950
541	0.069287
280	0.067094
58	0.065755
263	0.064507
560	0.062528
552	0.061253
270	0.060400
559	0.058526
561	0.058371
551	0.054594
255	0.048644
701	0.046229
269	0.045830
252	0.042136
254	0.042120
562	0.041908
557	0.040495
554	0.036693
556	0.036538
549	0.030562
4	0.028624
710	0.027944
571	0.025675
703	0.024359
704	0.022235
707	0.021293
706	0.019642
570	0.018852
705	0.018010
733	0.017815
563	0.017670

11 94 286
-5.820611	-22.000000

57	0.711763
58	0.359289
1	0.244567
59	0.205201
285	0.194620
287	0.187238
292	0.186515
301	0.186473
60	0.109146
286	0.096530
288	0.096530
293	0.091337
290	0.091337
310	0.091072
298	0.091030
302	0.091030
836	0.051459
838	0.049704
840	0.049704
847	0.049626
854	0.049626
289	0.048836
294	0.048836
849	0.048088
870	0.047983
313	0.047364
307	0.047364
296	0.047056
303	0.047056
291	0.041454
311	0.039217
299	0.038951
61	0.034477
839	0.023014
837	0.022494
841	0.022494
868	0.022421
871	0.022421
848	0.022344
852	0.022344
850	0.022316
845	0.022316
861	0.021874
855	0.021796
843	0.021796
873	0.021534
875	0.021506
863	0.021506
309	0.017653
306	0.016930
305	0.016930
295	0.015151
304	0.015151
1314	0.012305
314	0.012195
1316	0.012122
1320	0.012122
1318	0.012103
1327	0.011863
312	0.011430
308	0.011430
300	0.009958
297	0.009958
867	0.007736
858	0.007585
859	0.007585
865	0.007557
872	0.007557
860	0.007367
857	0.007367
851	0.006886
856	0.006669
842	0.006669
877	0.006014
874	0.005941
866	0.005941
869	0.005752
864	0.005752
876	0.005724
862	0.005724
853	0.005131
844	0.005131
846	0.004914
1328	0.003545
1324	0.003488
1325	0.003488
1326	0.003469
1323	0.003469
1322	0.003412
1317	0.003286
1319	0.003286
1315	0.003229
1321	0.003229
1461	0.001924

62	7.269363
66	6.674036
63	3.657172
2	2.681038
337	2.600410
414	2.506806
339	2.132694
338	2.110781
315	2.009383
64	2.001682
342	1.996932
340	1.979371
346	1.948163
317	1.943400
343	1.941843
322	1.939078
82	1.848897
67	1.772072
403	1.699621
77	1.597819
85	1.496661
341	1.496314
345	1.315390
344	1.312330
347	1.269119
71	1.266756
348	1.129567
6	1.076308
331	0.969643
415	0.966377
75	0.965365
318	0.960916
316	0.960916
898	0.928247
332	0.923407
328	0.923407
323	0.922577
320	0.922577
65	0.908502
3	0.867243
81	0.832917
900	0.804046
901	0.798835
68	0.786560
907	0.772006
910	0.769785
404	0.763424
5	0.748147
78	0.729243
83	0.718935
902	0.715528
899	0.710317
416	0.680622
908	0.670122
912	0.657936
903	0.655633
909	0.647473
905	0.642147
921	0.640648
919	0.638487
914	0.614922
80	0.605847
989	0.584025
904	0.553204
911	0.553122
906	0.527095
878	0.524090
916	0.521755
389	0.513543
889	0.511968
880	0.511724
882	0.511724
891	0.499034
915	0.496302
913	0.496220
72	0.490664
922	0.480216
917	0.479355
918	0.453980
920	0.453201
980	0.451251
978	0.450348
363	0.438944
395	0.438094
407	0.437726
1003	0.436636
393	0.435650
334	0.424719
333	0.418943
326	0.418943
406	0.418062
324	0.416821
319	0.416821
86	0.409378
349	0.405626
351	0.387624
356	0.385674
365	0.375280
69	0.374734
368	0.352582
321	0.346378
364	0.344254
329	0.343353
369	0.338406
366	0.331684
1334	0.324926
382	0.300519
991	0.296097
1336	0.289461
1339	0.288916
73	0.283100
1338	0.273191
1337	0.272589
420	0.264547
390	0.262561
417	0.261693
384	0.259177
1345	0.257729
1340	0.252578
1335	0.252034
367	0.246074
387	0.239781
1342	0.237168
1344	0.237110
405	0.228254
383	0.227306
385	0.225687
409	0.222356
418	0.222182
1343	0.220414
79	0.219267
371	0.219226
370	0.216817
1341	0.216075
392	0.215791
419	0.212036
84	0.206673
892	0.203543
887	0.203543
893	0.203497
890	0.203497
881	0.202632
897	0.200204
895	0.199819
885	0.199819
883	0.198912
879	0.198912
76	0.187708
375	0.186597
373	0.183297
336	0.174600
1004	0.167462
352	0.165432
350	0.165432
992	0.157797
958	0.157530
386	0.157468
960	0.157412
357	0.156025
354	0.156025
361	0.155471
388	0.141776
398	0.141143
934	0.140353
982	0.131535
74	0.131382
397	0.129071
983	0.124894
936	0.124021
979	0.121857
981	0.121521
400	0.121113
1462	0.120798
394	0.118650
396	0.118616
937	0.118097
943	0.117973
391	0.116735
1331	0.113788
1329	0.113516
70	0.113228
938	0.111104
985	0.106117
4	0.105520
935	0.105180
401	0.104348
939	0.102409
944	0.101052
1369	0.100751
945	0.100743
986	0.097160
941	0.096558
399	0.095328
984	0.095255
380	0.094023
924	0.083660
951	0.082428
378	0.082410
381	0.082407
940	0.082259
946	0.082258
926	0.080519
928	0.080519
994	0.079967
942	0.079687
965	0.079038
1363	0.076922
374	0.076820
376	0.076806
974	0.075977
923	0.075709
967	0.073029
947	0.072605
953	0.071990
954	0.068310
987	0.065507
963	0.065451
966	0.065424
372	0.064493
955	0.063666
959	0.062905
961	0.062775
969	0.062249
988	0.060446
952	0.059986
972	0.058146
957	0.057755
968	0.057265
1333	0.056909
970	0.055951
402	0.054917
950	0.052292
1371	0.051015
411	0.050520
948	0.050453
360	0.049111
359	0.049111
358	0.047649
353	0.047649
956	0.046837
1347	0.043711
999	0.042770
327	0.042713
330	0.042713
995	0.041262
971	0.040824
1354	0.039635
1349	0.039361
1352	0.038779
362	0.038025
1350	0.037595
973	0.037287
355	0.037215
412	0.036531
1348	0.035278
410	0.035106
1001	0.034183
997	0.032580
1364	0.031701
1005	0.031346
1000	0.029147
1366	0.027372
996	0.026845
933	0.025921
1365	0.024553
1355	0.022646
931	0.021504
932	0.021504
927	0.021325
413	0.021171
930	0.021019
929	0.020840
925	0.020840
1351	0.020331
1357	0.019898
1358	0.019320
1359	0.017886
1356	0.017309
1361	0.016553
975	0.016066
1360	0.014111
888	0.014065
886	0.014061
894	0.014061
1346	0.011189
977	0.011168

-5
3 1 1
-0.000000	-30.000000

3	1.000000

2	6.236178

4 1 1
-0.000000	-40.000000

5	1.000000

4	6.003189

5 1 1
0.000000	-50.000000

7	1.000000

6	10.190168

6 1 2
0.000000	-60.000000

11	1.000000

10	38.450492
8	0.013352

7 1 3
-0.000000	-70.000000

15	1.000000

14	37.541036
12	0.014669
13	0.011002

8 1 3
0.000000	-80.000000

22	1.000000

21	55.213080
19	0.026919
20	0.025237

9 1 3
0.000000	-90.000000

30	1.000000

29	40.338182
28	0.013511
27	0.012010

10 1 3
0.000000	-100.000000

42	1.000000

41	58.075619
40	0.036343
39	0.027690

11 1 3
-0.000000	-110.000000

56	1.000000

55	134.801985
54	0.156644
53	0.104429

-10
3 1 1
-0.000000	-60.000000

3	1.000000

2	3.499305

4 1 1
0.000000	-80.000000

5	1.000000

4	8.113117

5 1 1
0.000000	-100.000000

7	1.000000

6	17.174274

6 1 1
-0.000000	-120.000000

11	1.000000

10	16.358833

7 1 3
-0.000000	-140.000000

15	1.000000

14	39.485686
12	0.015763
13	0.011822

8 1 3
-0.000000	-160.000000

22	1.000000

21	34.615002
19	0.011513
20	0.010793

9 1 3
0.000000	-180.000000

30	1.000000

29	49.975542
28	0.025736
27	0.022877

10 1 3
-0.000000	-200.000000

42	1.000000

41	55.281060
40	0.031786
39	0.024218

11 1 3
0.000000	-220.000000

56	1.000000

55	164.875109
54	0.197831
53	0.131887

