78

2 1 7 -56 48 0
2 0 -2 10 -8 0
2 0 6 -30 24 0
2 0 -2 10 -8 0
0
2 0 -1 5 -4 0
2 0 1 -5 4 0
2 0 8 -40 32 0
2 0 -1 5 -4 0
1 4 -8 -44 48
1 0 -4 20 -16
1 0 12 -60 48
1 0 -4 20 -16
1 0 -4 20 -16
0
0
0
0
0
1 6 -22 -16 32
0
1 0 8 -40 32
0
0
0
0
1 6 -18 -36 48
0
0
1 2 2 -52 48
1 0 -4 20 -16
0
0
1 2 -2 -32 32
2 0 12 -60 48 0
0
0
0
0
0
0
2 0 16 -80 64 0
0
0
0
2 0 8 -40 32 0
0
0
0
0
0
0
0
0
0
0
0
2 0 12 -60 48 0
0
0
1 0 24 -120 96
0
0
0
0
1 0 24 -120 96
0
0
0
0
0
0
0
0
0
0
0
0

2 1 2 -12 9 0
2 0 -2 10 -8 0
2 0 -7 16 -9 0
2 0 6 -18 12 0
2 0 -3 8 -5 0
2 0 1 -5 4 0
0
2 0 2 -3 1 0
1 1 -5 4 0
1 3 -10 11 -4
0
1 0 -13 41 -28
1 0 -4 20 -16
1 1 13 -2 -12
1 -1 4 9 -12
1 0 -1 13 -12
1 0 6 6 -12
1 0 -4 4 0
1 0 -4 20 -16
1 4 -4 -12 12
1 0 -4 20 -16
1 1 0 -13 12
1 -1 1 0 0
1 0 -4 4 0
1 0 3 -3 0
1 -3 15 -12 0
1 2 2 -16 12
1 -1 1 0 0
0
1 1 -9 24 -16
1 -3 -15 54 -36
1 1 0 -13 12
1 0 -4 20 -16
2 0 6 -30 24 0
2 0 6 -18 12 0
0
2 0 3 12 -15 0
2 0 -3 18 -15 0
2 0 0 3 -3 0
2 0 0 -9 9 0
2 0 -2 10 -8 0
2 0 3 -12 9 0
2 0 -3 6 -3 0
2 0 3 -12 9 0
2 0 2 -10 8 0
2 0 -9 18 -9 0
2 0 6 18 -24 0
2 0 -4 16 -12 0
2 0 1 14 -15 0
2 0 -1 -2 3 0
2 0 3 12 -15 0
2 0 0 12 -12 0
2 0 1 14 -15 0
2 0 12 24 -36 0
2 0 2 -14 12 0
2 0 18 -42 24 0
0
2 0 9 -18 9 0
2 0 -1 -2 3 0
1 0 12 -60 48
1 0 6 6 -12
1 0 -6 18 -12
1 0 0 -12 12
1 0 18 -54 36
1 0 12 -60 48
1 0 6 6 -12
1 0 3 9 -12
1 0 27 -27 0
1 0 3 9 -12
1 0 18 -54 36
1 0 48 -48 0
1 0 10 2 -12
0
0
2 0 0 36 -36 0
2 0 0 12 -12 0
0

2 1 7 -56 48 0
2 0 -2 10 -8 0
0
2 0 -1 5 -4 0
2 0 -2 10 -8 0
2 0 8 -40 32 0
2 0 -1 5 -4 0
1 1 7 -56 48
1 0 -4 20 -16
1 3 -3 -48 48
1 0 -4 20 -16
1 0 -4 20 -16
0
0
0
0
0
1 0 8 -40 32
0
1 8 -32 -8 32
0
1 1 -5 4 0
1 -1 5 -4 0
0
1 3 -3 -48 48
0
0
1 3 -3 -48 48
1 0 -4 20 -16
0
0
1 4 -12 -24 32
2 0 6 -30 24 0
0
2 0 12 -60 48 0
0
0
0
0
2 0 10 -50 40 0
0
0
0
2 0 11 -55 44 0
0
0
0
0
0
0
0
0
0
0
0
2 0 12 -60 48 0
0
0
1 0 24 -120 96
0
0
0
0
1 0 24 -120 96
0
0
0
0
0
0
0
0
0
0
0
0

2 1 2 -12 9 0
2 0 -6 18 -12 0
2 0 2 -3 1 0
2 0 1 -5 4 0
0
2 0 -3 8 -5 0
1 1 -5 4 0
1 0 -13 41 -28
0
1 3 -10 11 -4
1 0 -4 20 -16
1 -1 -13 2 12
1 0 1 -13 12
1 1 -4 -9 12
1 0 -6 -6 12
1 0 4 -4 0
1 0 -4 20 -16
1 -4 4 12 -12
1 0 -4 20 -16
1 -1 0 13 -12
1 0 4 -4 0
1 1 -1 0 0
1 0 -3 3 0
1 -3 15 -12 0
1 -2 -2 16 -12
1 1 -1 0 0
0
1 1 -9 24 -16
1 3 15 -54 36
1 -1 0 13 -12
1 0 -4 20 -16
2 0 6 -30 24 0
2 0 -6 18 -12 0
0
2 0 -3 -12 15 0
2 0 0 -3 3 0
2 0 3 -18 15 0
2 0 0 9 -9 0
2 0 -2 10 -8 0
2 0 -3 12 -9 0
2 0 3 -6 3 0
2 0 -3 12 -9 0
2 0 2 -10 8 0
2 0 9 -18 9 0
2 0 -6 -18 24 0
2 0 4 -16 12 0
2 0 -1 -14 15 0
2 0 1 2 -3 0
2 0 -3 -12 15 0
2 0 0 -12 12 0
2 0 -1 -14 15 0
2 0 -12 -24 36 0
2 0 -2 14 -12 0
2 0 -18 42 -24 0
0
2 0 -9 18 -9 0
2 0 1 2 -3 0
1 0 12 -60 48
1 0 -6 -6 12
1 0 6 -18 12
1 0 0 12 -12
1 0 -18 54 -36
1 0 12 -60 48
1 0 -6 -6 12
1 0 -3 -9 12
1 0 -27 27 0
1 0 -3 -9 12
1 0 -18 54 -36
1 0 -48 48 0
1 0 -10 -2 12
0
0
2 0 0 -36 36 0
2 0 0 -12 12 0
0

2 1 -1 0 0 0
2 0 1 -1 0 0
0
0
2 0 -1 1 0 0
0
1 2 2 -20 16
0
1 -2 -2 20 -16
0
1 1 11 -4 -8
1 0 4 4 -8
1 0 4 4 -8
1 -1 5 4 -8
1 0 0 -8 8
0
1 0 8 -24 16
0
1 2 0 -18 16
1 -1 3 -2 0
1 -1 3 -2 0
1 0 -6 6 0
0
1 1 -1 -8 8
1 0 -4 12 -8
0
0
1 -3 -9 36 -24
1 2 -4 2 0
0
0
2 0 8 -24 16 0
0
2 0 4 16 -20 0
2 0 -2 14 -12 0
2 0 -2 14 -12 0
2 0 0 -12 12 0
0
2 0 4 -16 12 0
2 0 -4 8 -4 0
2 0 4 -16 12 0
0
2 0 -12 24 -12 0
2 0 2 14 -16 0
2 0 0 8 -8 0
2 0 0 12 -12 0
2 0 2 -6 4 0
2 0 6 6 -12 0
2 0 1 11 -12 0
2 0 0 12 -12 0
2 0 12 12 -24 0
2 0 4 -12 8 0
2 0 6 -6 0 0
0
2 0 18 -54 36 0
2 0 0 4 -4 0
0
1 0 8 8 -16
1 0 -8 24 -16
1 0 0 -16 16
1 0 24 -72 48
0
1 0 8 8 -16
1 0 4 12 -16
1 0 36 -36 0
1 0 4 12 -16
1 0 24 -72 48
1 0 24 -24 0
1 0 0 16 -16
0
0
2 0 0 48 -48 0
2 0 0 16 -16 0
0

2 1 -4 10 -7 0
2 0 -2 10 -8 0
2 0 -2 10 -8 0
2 0 -3 4 -1 0
0
1 1 -6 17 -12
1 1 -5 4 0
1 0 -7 27 -20
1 2 -14 28 -16
1 0 -2 -2 4
1 1 0 -5 4
1 0 5 -9 4
1 -1 -1 -2 4
1 0 4 -12 8
1 0 -4 20 -16
1 -2 2 -4 4
1 0 -4 20 -16
1 0 5 -9 4
1 1 -3 2 0
1 0 2 -2 0
1 -3 6 -3 0
0
1 -1 -3 8 -4
1 1 -5 12 -8
1 -1 5 -4 0
1 1 -9 24 -16
1 0 6 -18 12
1 1 -4 15 -12
1 0 -4 20 -16
2 0 2 -10 8 0
2 0 2 -6 4 0
2 0 8 -40 32 0
2 0 1 4 -5 0
2 0 1 -4 3 0
2 0 -2 11 -9 0
2 0 0 -3 3 0
0
2 0 1 -4 3 0
2 0 -1 2 -1 0
2 0 1 -4 3 0
2 0 1 -5 4 0
2 0 -3 6 -3 0
2 0 -4 -4 8 0
2 0 4 -8 4 0
2 0 -1 -2 3 0
2 0 3 -4 1 0
2 0 3 -6 3 0
2 0 1 -1 0 0
2 0 -1 -2 3 0
2 0 0 -12 12 0
2 0 2 2 -4 0
2 0 -6 6 0 0
2 0 -4 20 -16 0
2 0 0 9 -9 0
2 0 4 -9 5 0
1 0 12 -60 48
1 0 2 2 -4
1 0 -2 6 -4
1 0 0 -4 4
1 0 6 -18 12
1 0 12 -60 48
1 0 2 2 -4
1 0 1 3 -4
1 0 9 -9 0
1 0 1 3 -4
1 0 6 -18 12
1 0 -24 24 0
1 0 -10 14 -4
0
0
2 0 0 12 -12 0
2 0 0 4 -4 0
0

2 1 -5 4 0 0
2 0 4 -20 16 0
2 0 -2 10 -8 0
0
1 1 -5 4 0
0
1 1 -5 4 0
1 -2 10 -8 0
0
1 -1 5 -4 0
1 1 -5 4 0
0
0
0
0
1 -4 20 -16 0
0
1 -1 5 -4 0
1 1 -5 4 0
0
0
0
0
0
0
0
0
1 2 -10 8 0
2 0 2 -10 8 0
0
2 0 -4 20 -16 0
0
2 0 -3 15 -12 0
2 0 3 -15 12 0
0
2 0 -4 20 -16 0
0
0
0
2 0 2 -10 8 0
0
0
0
0
0
0
0
0
0
0
0
2 0 -4 20 -16 0
0
0
0
0
0
0
0
0
0
0
0
0
0
0
0
0
0
0
0
0

2 2 0 -42 40 0
2 0 -2 10 -8 0
1 0 12 -60 48
1 0 -4 20 -16
1 4 -8 -44 48
1 0 -4 20 -16
1 0 -4 20 -16
0
0
0
0
0
1 4 -12 -24 32
0
1 0 8 -40 32
0
1 -2 10 -8 0
1 2 -10 8 0
0
1 0 12 -60 48
0
0
1 4 -8 -44 48
1 0 -4 20 -16
0
0
1 4 -12 -24 32
2 0 4 -20 16 0
0
2 0 16 -80 64 0
0
0
0
0
2 0 8 -40 32 0
0
0
0
2 0 12 -60 48 0
0
0
0
0
0
0
0
0
0
0
0
2 0 16 -80 64 0
0
0
1 0 24 -120 96
0
0
0
0
1 0 24 -120 96
0
0
0
0
0
0
0
0
0
0
0
0

2 1 -4 10 -7 0
0
1 0 -7 27 -20
1 1 -5 4 0
1 1 -6 17 -12
1 2 -14 28 -16
1 0 2 2 -4
1 0 -5 9 -4
1 -1 0 5 -4
1 1 1 2 -4
1 0 -4 12 -8
1 0 -4 20 -16
1 2 -2 4 -4
1 0 -4 20 -16
1 0 -5 9 -4
1 0 -2 2 0
1 -1 3 -2 0
1 3 -6 3 0
0
1 1 3 -8 4
1 -1 5 -12 8
1 -1 5 -4 0
1 1 -9 24 -16
1 0 -6 18 -12
1 -1 4 -15 12
1 0 -4 20 -16
2 0 2 -10 8 0
2 0 -2 6 -4 0
2 0 8 -40 32 0
2 0 -1 -4 5 0
2 0 2 -11 9 0
2 0 -1 4 -3 0
2 0 0 3 -3 0
0
2 0 -1 4 -3 0
2 0 1 -2 1 0
2 0 -1 4 -3 0
2 0 1 -5 4 0
2 0 3 -6 3 0
2 0 4 4 -8 0
2 0 -4 8 -4 0
2 0 1 2 -3 0
2 0 -3 4 -1 0
2 0 -3 6 -3 0
2 0 -1 1 0 0
2 0 1 2 -3 0
2 0 0 12 -12 0
2 0 -2 -2 4 0
2 0 6 -6 0 0
2 0 -4 20 -16 0
2 0 0 -9 9 0
2 0 -4 9 -5 0
1 0 12 -60 48
1 0 -2 -2 4
1 0 2 -6 4
1 0 0 4 -4
1 0 -6 18 -12
1 0 12 -60 48
1 0 -2 -2 4
1 0 -1 -3 4
1 0 -9 9 0
1 0 -1 -3 4
1 0 -6 18 -12
1 0 24 -24 0
1 0 10 -14 4
0
0
2 0 0 -12 12 0
2 0 0 -4 4 0
0

2 1 7 -56 48 0
2 0 2 -10 8 0
2 0 6 -30 24 0
2 0 2 -10 8 0
2 0 -1 5 -4 0
0
0
0
0
0
2 0 14 -70 56 0
0
2 0 8 -40 32 0
0
0
0
0
2 0 12 -60 48 0
0
0
2 0 6 -30 24 0
2 0 2 -10 8 0
0
0
2 0 8 -40 32 0
1 6 -18 -36 48
0
1 0 12 -60 48
0
0
0
0
1 4 -8 -44 48
0
0
0
1 2 2 -52 48
0
0
0
0
0
0
0
0
0
0
0
1 0 12 -60 48
0
0
2 0 18 -90 72 0
0
0
0
0
2 0 12 -60 48 0
0
0
0
0
0
0
0
0
0
0
0
0

2 1 2 -15 12 0
0
2 0 -7 19 -12 0
2 0 -1 5 -4 0
2 0 4 16 -20 0
2 0 -2 22 -20 0
2 0 1 7 -8 0
2 0 -2 14 -12 0
2 0 -1 1 0 0
2 0 -2 10 -8 0
2 0 4 -12 8 0
2 0 -4 20 -16 0
2 0 4 -8 4 0
2 0 -2 6 -4 0
2 0 -1 1 0 0
2 0 -3 3 0 0
2 0 -6 30 -24 0
2 0 4 -16 12 0
2 0 0 -4 4 0
0
0
2 0 -12 24 -12 0
2 0 6 -18 12 0
0
1 2 -6 -12 16
1 4 -12 8 0
1 0 4 -20 16
1 1 10 1 -12
1 -1 4 9 -12
1 0 -1 13 -12
1 0 -9 21 -12
1 -2 14 -28 16
1 1 -2 -3 4
1 -1 0 -3 4
1 1 2 -23 20
1 0 4 -20 16
1 -3 -12 51 -36
1 0 8 8 -16
1 0 0 16 -16
1 0 3 9 -12
1 0 1 3 -4
1 0 15 -3 -12
1 0 4 12 -16
1 0 3 9 -12
1 0 36 -36 0
1 0 8 -24 16
1 0 24 -72 48
1 0 4 -20 16
1 0 27 -63 36
1 0 1 3 -4
2 0 6 -30 24 0
2 0 4 4 -8 0
2 0 -4 12 -8 0
2 0 0 -8 8 0
2 0 12 -36 24 0
2 0 4 -20 16 0
2 0 2 14 -16 0
2 0 1 11 -12 0
2 0 9 27 -36 0
2 0 1 11 -12 0
2 0 6 -6 0 0
2 0 0 48 -48 0
2 0 0 8 -8 0
0
0
1 0 24 -24 0
1 0 8 -8 0
0

2 1 7 -56 48 0
0
2 0 3 -15 12 0
0
0
0
0
0
2 0 6 -30 24 0
0
2 0 12 -60 48 0
0
0
0
0
2 0 6 -30 24 0
0
0
2 0 9 -45 36 0
2 0 3 -15 12 0
0
0
2 0 12 -60 48 0
1 2 2 -52 48
0
1 8 -28 -28 48
0
0
0
0
1 2 2 -52 48
0
0
0
1 3 -3 -48 48
0
0
0
0
0
0
0
0
0
0
0
1 0 12 -60 48
0
0
2 0 18 -90 72 0
0
0
0
0
2 0 12 -60 48 0
0
0
0
0
0
0
0
0
0
0
0
0

2 1 2 -15 12 0
2 0 -1 5 -4 0
2 0 -4 -16 20 0
2 0 -1 -7 8 0
2 0 2 -22 20 0
2 0 2 -14 12 0
2 0 1 -1 0 0
2 0 -2 10 -8 0
2 0 -4 12 -8 0
2 0 -4 20 -16 0
2 0 -4 8 -4 0
2 0 1 -1 0 0
2 0 2 -6 4 0
2 0 3 -3 0 0
2 0 -6 30 -24 0
2 0 -4 16 -12 0
2 0 0 4 -4 0
0
0
2 0 12 -24 12 0
2 0 -6 18 -12 0
0
1 2 -6 -12 16
1 -4 12 -8 0
1 0 4 -20 16
1 -1 -10 -1 12
1 0 1 -13 12
1 1 -4 -9 12
1 0 9 -21 12
1 -2 14 -28 16
1 -1 2 3 -4
1 1 0 3 -4
1 -1 -2 23 -20
1 0 4 -20 16
1 3 12 -51 36
1 0 -8 -8 16
1 0 0 -16 16
1 0 -3 -9 12
1 0 -1 -3 4
1 0 -15 3 12
1 0 -4 -12 16
1 0 -3 -9 12
1 0 -36 36 0
1 0 -8 24 -16
1 0 -24 72 -48
1 0 4 -20 16
1 0 -27 63 -36
1 0 -1 -3 4
2 0 6 -30 24 0
2 0 -4 -4 8 0
2 0 4 -12 8 0
2 0 0 8 -8 0
2 0 -12 36 -24 0
2 0 4 -20 16 0
2 0 -2 -14 16 0
2 0 -1 -11 12 0
2 0 -9 -27 36 0
2 0 -1 -11 12 0
2 0 -6 6 0 0
2 0 0 -48 48 0
2 0 0 -8 8 0
0
0
1 0 -24 24 0
1 0 -8 8 0
0

2 1 -4 -1 4 0
0
2 0 3 -15 12 0
2 0 -3 15 -12 0
0
0
0
0
2 0 4 -20 16 0
0
2 0 1 -5 4 0
2 0 -1 5 -4 0
0
0
0
0
2 0 -3 15 -12 0
2 0 -1 5 -4 0
0
0
2 0 -4 20 -16 0
1 0 4 -20 16
0
1 4 -16 -4 16
0
1 1 -5 4 0
1 -1 5 -4 0
0
1 0 4 -20 16
0
0
0
1 -1 9 -24 16
0
0
0
0
0
0
0
0
0
0
0
1 0 4 -20 16
0
0
2 0 6 -30 24 0
0
0
0
0
2 0 4 -20 16 0
0
0
0
0
0
0
0
0
0
0
0
0

2 1 19 -8 -12 0
2 0 6 -6 0 0
2 0 6 -6 0 0
2 0 8 -4 -4 0
2 0 -3 3 0 0
0
2 0 6 18 -24 0
0
2 0 2 14 -16 0
2 0 -2 -2 4 0
2 0 -2 -2 4 0
0
0
2 0 4 16 -20 0
2 0 -2 -2 4 0
0
0
2 0 -12 -48 60 0
2 0 4 4 -8 0
0
0
1 0 12 12 -24
0
1 4 28 -44 12
1 0 12 -24 12
1 0 12 -24 12
1 0 -12 24 -12
0
1 0 4 16 -20
1 0 -8 4 4
1 0 8 -4 -4
0
1 0 -36 0 36
1 6 26 -40 8
1 0 8 -16 8
1 2 14 -28 12
1 0 -4 8 -4
1 6 18 -36 12
1 2 10 -20 8
1 2 14 -28 12
1 12 48 -60 0
1 0 4 4 -8
1 0 48 -24 -24
0
1 0 36 0 -36
1 0 -4 8 -4
0
2 0 12 12 -24 0
0
0
2 0 0 72 -72 0
0
2 0 16 -8 -8 0
2 0 8 -4 -4 0
2 0 36 0 -36 0
2 0 8 -4 -4 0
2 0 0 72 -72 0
2 0 48 -24 -24 0
2 0 12 -12 0 0
1 0 24 -48 24
1 0 0 72 -72
1 0 72 -72 0
1 0 24 -48 24
2 0 0 72 -72 0

2 1 2 -15 12 0
2 0 7 -19 12 0
2 0 2 -10 8 0
2 0 1 -1 0 0
0
2 0 -4 16 -12 0
0
2 0 0 16 -16 0
2 0 2 -6 4 0
2 0 -1 9 -8 0
2 0 -3 3 0 0
0
2 0 -2 10 -8 0
2 0 2 -6 4 0
0
0
2 0 0 -24 24 0
2 0 2 6 -8 0
0
0
1 0 0 24 -24
0
1 1 16 -29 12
1 3 -6 -9 12
1 0 9 -21 12
1 0 -3 15 -12
0
1 0 1 19 -20
1 0 1 -5 4
1 0 5 -1 -4
0
1 0 -9 -27 36
1 0 8 -16 8
1 4 -8 -4 8
1 1 0 -13 12
1 1 -2 5 -4
1 3 6 -21 12
1 2 -2 -8 8
1 1 0 -13 12
1 0 24 -24 0
1 0 8 0 -8
1 0 0 24 -24
0
1 0 9 27 -36
1 0 3 1 -4
0
2 0 6 6 -12 0
2 0 6 -18 12 0
2 0 0 12 -12 0
2 0 0 36 -36 0
0
2 0 10 -14 4 0
2 0 5 -13 8 0
2 0 9 27 -36 0
2 0 5 -13 8 0
2 0 0 36 -36 0
2 0 0 24 -24 0
2 0 2 -14 12 0
1 0 24 -48 24
1 0 0 72 -72
1 0 36 -36 0
1 0 12 -36 24
2 0 0 72 -72 0

2 1 2 -15 12 0
2 0 2 -10 8 0
2 0 1 -1 0 0
0
2 0 -4 16 -12 0
0
2 0 0 16 -16 0
2 0 -1 9 -8 0
2 0 2 -6 4 0
2 0 -3 3 0 0
0
2 0 -2 10 -8 0
2 0 2 -6 4 0
0
0
2 0 0 -24 24 0
2 0 2 6 -8 0
0
0
1 0 0 24 -24
0
1 1 16 -29 12
1 0 9 -21 12
1 3 -6 -9 12
1 0 -3 15 -12
0
1 0 1 19 -20
1 0 1 -5 4
1 0 5 -1 -4
0
1 0 -9 -27 36
1 0 8 -16 8
1 4 -8 -4 8
1 1 0 -13 12
1 1 -2 5 -4
1 3 6 -21 12
1 2 -2 -8 8
1 1 0 -13 12
1 0 24 -24 0
1 0 8 0 -8
1 0 0 24 -24
0
1 0 9 27 -36
1 0 3 1 -4
0
2 0 6 6 -12 0
2 0 6 -18 12 0
2 0 0 12 -12 0
2 0 0 36 -36 0
0
2 0 10 -14 4 0
2 0 5 -13 8 0
2 0 9 27 -36 0
2 0 5 -13 8 0
2 0 0 36 -36 0
2 0 0 24 -24 0
2 0 2 -14 12 0
1 0 24 -48 24
1 0 0 72 -72
1 0 36 -36 0
1 0 12 -36 24
2 0 0 72 -72 0

2 1 3 -8 4 0
2 0 -3 11 -8 0
0
2 0 4 12 -16 0
0
2 0 -2 10 -8 0
2 0 0 -4 4 0
2 0 0 -4 4 0
2 0 6 -6 0 0
0
2 0 3 13 -16 0
2 0 -1 1 0 0
0
0
2 0 0 -36 36 0
2 0 -2 10 -8 0
0
0
1 0 -4 28 -24
0
1 0 12 -24 12
1 2 -2 -12 12
1 2 -2 -12 12
1 0 0 12 -12
0
1 0 0 20 -20
1 0 4 -8 4
1 0 4 0 -4
0
1 0 0 -36 36
1 4 12 -24 8
1 0 0 -8 8
1 2 2 -16 12
1 -2 2 4 -4
1 0 12 -24 12
1 1 -1 -8 8
1 2 2 -16 12
1 0 36 -36 0
1 0 -4 12 -8
1 0 24 0 -24
0
1 0 0 36 -36
1 0 -8 12 -4
0
2 0 4 4 -8 0
2 0 8 -24 16 0
2 0 0 16 -16 0
2 0 0 24 -24 0
0
2 0 8 -16 8 0
2 0 4 -16 12 0
2 0 0 36 -36 0
2 0 4 -16 12 0
2 0 0 24 -24 0
2 0 24 0 -24 0
2 0 12 -28 16 0
1 0 24 -48 24
1 0 0 72 -72
1 0 24 -24 0
1 0 8 -32 24
2 0 0 72 -72 0

2 1 -2 -3 4 0
0
2 0 -2 -2 4 0
0
2 0 0 4 -4 0
2 0 1 3 -4 0
2 0 1 3 -4 0
0
0
2 0 1 -9 8 0
2 0 3 -7 4 0
0
0
2 0 0 12 -12 0
2 0 2 -6 4 0
0
0
1 0 -8 32 -24
0
0
1 1 -1 0 0
1 1 -1 0 0
1 6 -30 48 -24
0
1 0 0 16 -16
1 0 8 -16 8
1 0 8 -24 16
0
0
1 0 -8 16 -8
1 2 -6 12 -8
1 0 -4 4 0
1 2 -10 16 -8
0
1 -1 1 8 -8
1 -2 6 -4 0
1 0 -12 12 0
1 0 8 -16 8
1 0 0 -24 24
0
0
1 0 0 8 -8
0
2 0 2 2 -4 0
2 0 10 -30 20 0
2 0 0 20 -20 0
2 0 0 12 -12 0
0
2 0 4 -8 4 0
2 0 2 -14 12 0
0
2 0 -4 16 -12 0
2 0 0 12 -12 0
2 0 0 -24 24 0
2 0 -4 8 -4 0
1 0 24 -48 24
1 0 0 72 -72
1 0 12 -12 0
1 0 4 -28 24
2 0 0 72 -72 0

2 2 -2 -32 32 0
0
0
0
2 0 -2 10 -8 0
2 0 2 -10 8 0
0
2 0 18 -90 72 0
0
0
2 0 12 -60 48 0
2 0 -2 10 -8 0
0
0
2 0 4 -20 16 0
1 2 6 -72 64
0
1 0 16 -80 64
0
0
0
0
1 4 -4 -64 64
0
0
0
1 0 16 -80 64
0
0
0
0
0
0
0
0
0
0
0
1 4 -4 -64 64
0
0
2 0 12 -60 48 0
0
0
0
0
2 0 4 -20 16 0
0
0
0
0
0
0
0
0
0
0
0
0

2 2 2 -8 4 0
0
2 0 2 -14 12 0
2 0 -2 -2 4 0
2 0 -2 -2 4 0
2 0 6 -6 0 0
0
2 0 12 -28 16 0
2 0 -6 18 -12 0
0
0
2 0 -18 42 -24 0
2 0 2 -14 12 0
0
0
1 2 -6 4 0
0
1 0 6 6 -12
1 0 -2 14 -12
1 0 -2 14 -12
1 0 -6 18 -12
0
1 0 2 -6 4
1 0 -2 -2 4
1 0 6 -26 20
0
1 0 -18 54 -36
1 2 22 -8 -16
1 -2 -2 20 -16
1 0 10 2 -12
1 0 -10 14 -4
1 0 6 6 -12
1 0 0 16 -16
1 0 10 2 -12
1 0 48 -48 0
1 0 -4 -12 16
1 6 18 -72 48
0
1 0 18 -54 36
1 0 -10 14 -4
0
2 0 2 2 -4 0
2 0 -2 6 -4 0
2 0 0 -4 4 0
2 0 6 -18 12 0
0
2 0 0 12 -12 0
2 0 0 8 -8 0
2 0 0 36 -36 0
2 0 0 8 -8 0
2 0 0 12 -12 0
2 0 24 24 -48 0
2 0 4 24 -28 0
0
0
1 0 12 -12 0
1 0 4 -4 0
0

2 4 -4 -64 64 0
0
2 0 4 -20 16 0
2 0 -4 20 -16 0
0
2 0 12 -60 48 0
0
0
2 0 12 -60 48 0
2 0 -4 20 -16 0
0
0
2 0 8 -40 32 0
1 0 16 -80 64
0
1 4 -4 -64 64
0
0
0
0
1 4 -4 -64 64
0
0
0
1 0 16 -80 64
0
0
0
0
0
0
0
0
0
0
0
1 4 -4 -64 64
0
0
2 0 12 -60 48 0
0
0
0
0
2 0 4 -20 16 0
0
0
0
0
0
0
0
0
0
0
0
0

2 1 4 -25 20 0
2 0 2 -6 4 0
2 0 2 -6 4 0
2 0 -3 3 0 0
0
2 0 2 -10 8 0
2 0 0 4 -4 0
0
0
2 0 -12 36 -24 0
2 0 7 -19 12 0
0
0
1 0 6 -6 0
0
1 1 10 1 -12
1 0 3 9 -12
1 0 3 9 -12
1 0 -3 15 -12
0
1 3 -8 1 4
1 0 1 -5 4
1 0 11 -31 20
0
1 0 -27 63 -36
1 0 2 14 -16
1 0 6 10 -16
1 -1 4 9 -12
1 0 3 1 -4
1 0 15 -3 -12
1 0 2 14 -16
1 0 -1 13 -12
1 0 24 -24 0
1 4 -6 -14 16
1 0 18 -66 48
0
1 9 -18 -27 36
1 2 -7 9 -4
0
2 0 6 6 -12 0
2 0 0 12 -12 0
2 0 6 -18 12 0
2 0 0 36 -36 0
0
2 0 4 16 -20 0
2 0 -1 17 -16 0
2 0 9 27 -36 0
2 0 2 2 -4 0
2 0 18 -54 36 0
2 0 0 24 -24 0
2 0 -4 16 -12 0
1 0 18 -18 0
1 0 18 -18 0
1 0 36 -36 0
1 0 6 -6 0
2 0 0 72 -72 0

2 1 -3 2 0 0
2 0 2 -2 0 0
0
2 0 3 -15 12 0
2 0 -2 6 -4 0
2 0 3 -7 4 0
0
2 0 1 -5 4 0
2 0 3 -3 0 0
2 0 1 -1 0 0
2 0 -2 10 -8 0
0
1 0 -2 2 0
0
0
1 1 -1 0 0
1 0 4 -4 0
1 0 6 -6 0
0
1 1 -1 0 0
1 2 -4 2 0
1 0 4 -4 0
0
0
1 0 -6 6 0
1 0 6 -6 0
1 -1 1 0 0
1 0 2 -2 0
0
1 0 -2 2 0
1 0 -4 4 0
1 0 -12 12 0
1 2 -4 2 0
1 0 -6 6 0
0
0
1 1 -3 2 0
0
2 0 2 2 -4 0
2 0 4 0 -4 0
2 0 6 -10 4 0
2 0 0 12 -12 0
0
2 0 2 2 -4 0
2 0 -2 6 -4 0
0
2 0 1 -9 8 0
2 0 6 -18 12 0
2 0 0 -24 24 0
2 0 -4 8 -4 0
1 0 18 -18 0
1 0 18 -18 0
1 0 12 -12 0
1 0 -2 2 0
2 0 0 72 -72 0

2 1 -3 2 0 0
0
2 0 -3 15 -12 0
2 0 -2 6 -4 0
2 0 3 -7 4 0
0
2 0 -1 5 -4 0
2 0 3 -3 0 0
2 0 1 -1 0 0
2 0 2 -10 8 0
0
1 0 -2 2 0
0
0
1 0 4 -4 0
1 1 -1 0 0
1 0 6 -6 0
0
1 1 -1 0 0
1 2 -4 2 0
1 0 4 -4 0
0
0
1 0 -6 6 0
1 0 6 -6 0
1 -1 1 0 0
1 0 2 -2 0
0
1 0 -2 2 0
1 0 -4 4 0
1 0 -12 12 0
1 2 -4 2 0
1 0 -6 6 0
0
0
1 1 -3 2 0
0
2 0 2 2 -4 0
2 0 4 0 -4 0
2 0 6 -10 4 0
2 0 0 12 -12 0
0
2 0 2 2 -4 0
2 0 -2 6 -4 0
0
2 0 1 -9 8 0
2 0 6 -18 12 0
2 0 0 -24 24 0
2 0 -4 8 -4 0
1 0 18 -18 0
1 0 18 -18 0
1 0 12 -12 0
1 0 -2 2 0
2 0 0 72 -72 0

2 3 -6 3 0 0
0
2 0 6 -6 0 0
0
0
0
0
2 0 -3 3 0 0
0
0
1 0 -6 6 0
0
1 0 -9 9 0
1 0 3 -3 0
1 0 3 -3 0
1 3 -6 3 0
0
1 0 3 -3 0
1 3 -6 3 0
1 0 3 -3 0
0
1 0 9 -9 0
1 0 18 -18 0
1 0 -6 6 0
1 0 3 -3 0
1 -3 6 -3 0
1 0 -9 9 0
1 0 -6 6 0
1 0 3 -3 0
0
1 0 -6 6 0
1 0 18 -18 0
0
1 0 -9 9 0
1 -3 6 -3 0
0
0
2 0 6 -6 0 0
2 0 6 -6 0 0
0
0
0
2 0 -3 3 0 0
2 0 0 -36 36 0
2 0 -3 3 0 0
0
2 0 0 72 -72 0
2 0 6 -6 0 0
1 0 18 -18 0
1 0 18 -18 0
0
1 0 -6 6 0
2 0 0 72 -72 0

2 3 -3 -48 48 0
0
0
2 0 6 -30 24 0
2 0 -3 15 -12 0
0
0
2 0 12 -60 48 0
1 0 12 -60 48
0
1 0 12 -60 48
0
0
0
0
1 6 -18 -36 48
0
0
0
1 0 12 -60 48
0
0
0
0
0
0
0
0
0
0
0
1 0 12 -60 48
0
0
2 0 6 -30 24 0
0
0
0
0
0
0
0
0
0
0
0
0
0
0
0
0
0

2 1 3 -8 4 0
2 0 -1 1 0 0
0
0
2 0 -12 24 -12 0
2 0 2 -10 8 0
0
0
1 0 8 -32 24
0
1 0 6 6 -12
1 0 2 10 -12
1 0 2 10 -12
1 0 6 -18 12
0
1 2 0 -22 20
1 0 2 2 -4
1 2 -4 -2 4
0
1 0 -18 54 -36
1 2 18 -12 -8
1 0 -4 12 -8
1 0 6 6 -12
1 0 -6 2 4
1 0 6 6 -12
1 -1 5 4 -8
1 0 6 6 -12
1 0 36 -36 0
1 0 0 -8 8
1 6 6 -36 24
0
1 0 18 -54 36
1 -2 4 -6 4
0
2 0 2 14 -16 0
2 0 0 16 -16 0
2 0 8 -24 16 0
2 0 6 -6 0 0
0
2 0 4 4 -8 0
2 0 -2 14 -12 0
2 0 0 36 -36 0
2 0 -2 14 -12 0
2 0 12 -36 24 0
2 0 24 0 -24 0
2 0 4 12 -16 0
1 0 12 12 -24
1 0 36 -108 72
1 0 24 -24 0
1 0 -4 28 -24
2 0 0 72 -72 0

2 1 -6 17 -12 0
0
0
2 0 3 -3 0 0
2 0 0 4 -4 0
0
0
1 0 4 -28 24
0
0
1 0 4 -4 0
1 0 4 -4 0
1 0 12 -36 24
0
1 0 8 -24 16
1 2 -6 12 -8
1 2 -10 24 -16
0
0
1 0 -4 -4 8
1 2 -2 -8 8
1 0 -4 4 0
1 0 4 -12 8
0
1 -1 5 -12 8
1 0 -4 4 0
1 0 -12 12 0
1 0 4 4 -8
1 0 -12 36 -24
0
0
1 0 4 -12 8
0
2 0 0 12 -12 0
2 0 2 10 -12 0
2 0 8 -20 12 0
2 0 6 -18 12 0
0
2 0 4 -8 4 0
2 0 -2 6 -4 0
0
2 0 -2 6 -4 0
2 0 0 12 -12 0
2 0 0 -24 24 0
2 0 0 -12 12 0
1 0 12 12 -24
1 0 36 -108 72
1 0 12 -12 0
1 0 -8 32 -24
2 0 0 72 -72 0

2 1 7 -56 48 0
2 0 -3 15 -12 0
0
0
2 0 12 -60 48 0
1 0 12 -60 48
0
1 0 12 -60 48
0
0
0
0
1 0 12 -60 48
0
0
0
1 3 -3 -48 48
0
0
0
0
0
0
0
0
0
0
0
1 8 -28 -28 48
0
0
0
0
0
0
0
2 0 12 -60 48 0
0
0
0
0
0
0
0
0
0
0
0
0

2 1 -8 19 -12 0
0
0
0
1 0 4 -20 16
0
1 0 4 -20 16
0
0
0
0
1 0 4 -20 16
0
0
0
1 1 -1 -16 16
0
0
0
0
0
0
0
0
0
0
0
1 -4 24 -36 16
0
0
0
0
0
0
0
2 0 4 -20 16 0
0
0
0
0
0
0
0
0
0
0
0
0

2 3 33 -120 84 0
2 0 -6 6 0 0
0
0
1 0 -36 108 -72
0
1 0 -36 0 36
1 0 0 -36 36
1 0 0 -36 36
1 0 0 36 -36
0
1 0 -24 84 -60
1 0 12 -24 12
1 0 -12 24 -12
0
1 12 12 -132 108
1 0 -48 24 24
1 0 0 -24 24
1 0 -12 -24 36
1 0 0 12 -12
1 0 -36 0 36
1 0 -12 -12 24
1 0 -12 -24 36
1 -12 -48 60 0
1 0 -12 36 -24
1 -18 18 72 -72
0
1 -18 18 108 -108
1 0 0 12 -12
0
2 0 0 -72 72 0
0
0
2 0 -36 108 -72 0
0
2 0 0 -72 72 0
2 0 0 -36 36 0
2 0 -36 0 36 0
2 0 0 -36 36 0
2 0 -48 168 -120 0
2 0 -48 24 24 0
2 0 0 -48 48 0
1 0 0 -72 72
1 0 -72 288 -216
1 0 -72 72 0
1 0 0 -72 72
2 0 0 -72 72 0

2 1 0 -5 4 0
0
0
1 0 18 -66 48
0
1 0 15 -3 -12
1 0 3 9 -12
1 0 3 9 -12
1 0 9 -45 36
0
1 0 15 -51 36
1 0 -3 15 -12
1 3 -12 21 -12
0
1 -3 -12 51 -36
1 0 6 -6 0
1 0 10 -10 0
1 0 -1 13 -12
1 0 7 -19 12
1 3 0 9 -12
1 0 6 -6 0
1 -1 4 9 -12
1 0 24 -24 0
1 4 -10 6 0
1 0 6 -6 0
0
1 0 27 -63 36
1 0 7 -19 12
0
2 0 0 36 -36 0
2 0 0 12 -12 0
2 0 6 -18 12 0
2 0 18 -54 36 0
0
2 0 6 6 -12 0
2 0 0 12 -12 0
2 0 9 27 -36 0
2 0 -3 27 -24 0
2 0 12 -24 12 0
2 0 0 24 -24 0
2 0 -4 16 -12 0
1 0 6 42 -48
1 0 54 -198 144
1 0 36 -36 0
1 0 -6 54 -48
2 0 0 72 -72 0

2 2 -4 -22 24 0
1 0 16 -80 64
0
1 0 16 -80 64
0
0
0
0
1 0 16 -80 64
0
0
0
1 4 -4 -64 64
0
0
0
0
0
0
0
0
0
0
0
1 0 16 -80 64
0
0
0
0
0
0
0
2 0 16 -80 64 0
0
0
0
0
0
0
0
0
0
0
0
0

2 2 6 -72 64 0
0
2 0 16 -80 64 0
0
0
0
0
2 0 12 -60 48 0
0
0
0
2 0 8 -40 32 0
0
0
0
0
0
0
0
0
0
0
0
2 0 4 -20 16 0
0
0
1 12 -60 48 0
0
0
0
0
1 4 -20 16 0
0
0
0
0
0
0
0
0
0
0
0
0

2 2 -6 4 0 0
0
2 0 6 6 -12 0
2 0 -2 14 -12 0
2 0 -2 14 -12 0
2 0 -6 18 -12 0
0
2 0 2 -6 4 0
2 0 -2 -2 4 0
2 0 6 -26 20 0
0
2 0 -18 54 -36 0
2 0 2 14 -16 0
2 0 -2 18 -16 0
2 0 0 12 -12 0
2 0 0 4 -4 0
2 0 0 36 -36 0
2 0 0 16 -16 0
2 0 0 12 -12 0
2 0 0 72 -72 0
2 0 0 8 -8 0
2 0 6 -6 0 0
0
2 0 0 36 -36 0
2 0 0 4 -4 0
0
1 2 2 -4 0
1 -2 6 -4 0
1 0 -4 4 0
1 6 -18 12 0
0
1 0 12 -12 0
1 0 8 -8 0
1 0 36 -36 0
1 0 8 -8 0
1 0 12 -12 0
1 0 24 -24 0
1 0 4 -4 0
0
0
2 0 12 -12 0 0
2 0 4 -4 0 0
0

2 4 -4 -64 64 0
0
0
0
0
2 0 12 -60 48 0
0
0
0
2 0 8 -40 32 0
0
0
0
0
0
0
0
0
0
0
0
2 0 4 -20 16 0
0
0
1 12 -60 48 0
0
0
0
0
1 4 -20 16 0
0
0
0
0
0
0
0
0
0
0
0
0

2 1 16 -2 -15 0
2 0 6 -3 -3 0
2 0 6 -3 -3 0
2 0 -3 6 -3 0
0
2 0 4 7 -11 0
2 0 -2 1 1 0
2 0 2 17 -19 0
0
2 0 -9 -54 63 0
2 0 14 2 -16 0
2 0 8 -4 -4 0
2 0 6 -3 -3 0
2 0 2 -1 -1 0
2 0 21 -6 -15 0
2 0 8 -4 -4 0
2 0 6 -3 -3 0
2 0 36 0 -36 0
2 0 4 16 -20 0
2 0 0 72 -72 0
0
2 0 9 54 -63 0
2 0 2 -1 -1 0
0
1 6 18 -36 12
1 0 12 -24 12
1 0 6 6 -12
1 0 36 0 -36
0
1 4 28 -44 12
1 2 11 -25 12
1 9 54 -63 0
1 2 11 -25 12
1 0 36 0 -36
1 0 72 -72 0
1 0 12 -24 12
2 0 18 -18 0 0
2 0 0 72 -72 0
2 0 36 0 -36 0
2 0 12 -24 12 0
1 0 72 -72 0

2 1 2 -12 9 0
2 0 7 -16 9 0
2 0 6 -15 9 0
0
2 0 1 14 -15 0
2 0 3 0 -3 0
2 0 1 14 -15 0
0
2 0 0 -27 27 0
2 0 6 -6 0 0
2 0 8 -20 12 0
2 0 3 -12 9 0
2 0 1 -4 3 0
2 0 6 -3 -3 0
2 0 4 -16 12 0
2 0 3 -12 9 0
2 0 0 36 -36 0
2 0 2 10 -12 0
2 0 0 24 -24 0
0
2 0 0 27 -27 0
2 0 1 -4 3 0
0
1 2 14 -28 12
1 4 0 -16 12
1 0 14 -2 -12
1 0 12 24 -36
0
1 2 14 -28 12
1 1 0 -13 12
1 0 27 -27 0
1 1 0 -13 12
1 0 12 24 -36
1 0 24 -24 0
1 0 4 -16 12
2 0 18 -18 0 0
2 0 0 72 -72 0
2 0 12 24 -36 0
2 0 4 -16 12 0
1 0 72 -72 0

2 1 2 -12 9 0
2 0 6 -15 9 0
0
2 0 1 14 -15 0
2 0 3 0 -3 0
2 0 1 14 -15 0
0
2 0 0 -27 27 0
2 0 6 -6 0 0
2 0 8 -20 12 0
2 0 3 -12 9 0
2 0 1 -4 3 0
2 0 6 -3 -3 0
2 0 4 -16 12 0
2 0 3 -12 9 0
2 0 0 36 -36 0
2 0 2 10 -12 0
2 0 0 24 -24 0
0
2 0 0 27 -27 0
2 0 1 -4 3 0
0
1 2 14 -28 12
1 4 0 -16 12
1 0 14 -2 -12
1 0 12 24 -36
0
1 2 14 -28 12
1 1 0 -13 12
1 0 27 -27 0
1 1 0 -13 12
1 0 12 24 -36
1 0 24 -24 0
1 0 4 -16 12
2 0 18 -18 0 0
2 0 0 72 -72 0
2 0 12 24 -36 0
2 0 4 -16 12 0
1 0 72 -72 0

2 3 -6 -6 9 0
0
2 0 0 15 -15 0
2 0 6 -3 -3 0
2 0 3 0 -3 0
0
2 0 0 9 -9 0
0
2 0 6 -18 12 0
2 0 0 -9 9 0
2 0 0 -3 3 0
2 0 0 -9 9 0
2 0 -6 18 -12 0
2 0 -9 36 -27 0
2 0 0 -36 36 0
2 0 0 12 -12 0
0
0
2 0 0 -9 9 0
2 0 -3 12 -9 0
0
1 0 12 -24 12
1 6 -6 -12 12
1 0 18 -6 -12
1 0 0 36 -36
0
1 0 12 -24 12
1 0 -3 -9 12
1 0 -9 9 0
1 -3 12 -21 12
1 0 0 36 -36
0
1 0 0 -12 12
2 0 18 -18 0 0
2 0 0 72 -72 0
2 0 0 36 -36 0
2 0 0 -12 12 0
1 0 72 -72 0

2 2 -2 -32 32 0
0
0
0
2 0 4 -20 16 0
0
0
0
0
0
0
0
0
0
0
0
0
0
0
1 6 -30 24 0
0
0
0
0
0
0
0
0
0
0
0
0
0
0
0
0
0

2 1 2 -12 9 0
2 0 5 -10 5 0
2 0 7 -16 9 0
0
2 0 -6 3 3 0
2 0 2 14 -16 0
2 0 0 20 -20 0
2 0 -3 18 -15 0
2 0 -1 6 -5 0
2 0 0 27 -27 0
2 0 -2 14 -12 0
2 0 0 3 -3 0
2 0 0 36 -36 0
2 0 10 -30 20 0
2 0 12 -36 24 0
0
2 0 18 -63 45 0
2 0 0 1 -1 0
0
1 2 10 -8 -4
1 0 16 -12 -4
1 4 -2 -6 4
1 0 24 -36 12
0
1 0 20 -16 -4
1 -1 6 -1 -4
1 0 27 -27 0
1 0 1 3 -4
1 6 -6 -12 12
1 0 24 -24 0
1 0 0 4 -4
2 0 12 12 -24 0
2 0 18 -18 0 0
2 0 12 24 -36 0
2 0 0 4 -4 0
1 0 72 -72 0

2 1 2 -4 1 0
2 0 4 -5 1 0
0
2 0 3 -6 3 0
0
2 0 2 2 -4 0
2 0 -3 6 -3 0
2 0 -1 2 -1 0
2 0 0 -9 9 0
2 0 -2 -2 4 0
2 0 0 -9 9 0
2 0 0 -36 36 0
2 0 4 -8 4 0
0
0
2 0 0 -9 9 0
2 0 0 -3 3 0
0
1 0 8 -4 -4
1 2 10 -8 -4
1 4 2 -10 4
1 0 12 -24 12
0
1 0 8 -4 -4
1 -1 -2 7 -4
1 0 -9 9 0
1 0 -7 11 -4
1 0 12 -24 12
0
1 0 -4 8 -4
2 0 12 12 -24 0
2 0 18 -18 0 0
2 0 0 36 -36 0
2 0 -4 8 -4 0
1 0 72 -72 0

2 1 2 -12 9 0
0
2 0 -12 33 -21 0
2 0 4 4 -8 0
2 0 4 0 -4 0
2 0 0 3 -3 0
2 0 0 1 -1 0
2 0 6 -3 -3 0
2 0 -2 14 -12 0
2 0 -3 18 -15 0
2 0 0 36 -36 0
2 0 6 -10 4 0
2 0 6 -6 0 0
0
2 0 0 27 -27 0
2 0 -1 6 -5 0
0
1 0 16 4 -20
1 0 12 8 -20
1 4 2 -26 20
1 6 6 -72 60
0
1 2 6 12 -20
1 0 -3 23 -20
1 0 27 -27 0
1 -1 2 19 -20
1 0 36 -96 60
1 0 24 -24 0
1 0 -4 24 -20
2 0 6 42 -48 0
2 0 36 -108 72 0
2 0 12 24 -36 0
2 0 -4 24 -20 0
1 0 72 -72 0

2 1 7 -56 48 0
0
0
0
0
0
0
0
0
0
0
0
2 0 8 -40 32 0
0
0
0
0
0
0
0
1 8 -40 32 0
0
0
0
0
0
0
0
0
0
0
0
0

2 3 30 -114 81 0
2 0 0 -72 72 0
2 0 0 -36 36 0
2 0 0 -27 27 0
2 0 0 -9 9 0
2 0 -9 -54 63 0
2 0 0 -36 36 0
2 0 0 -27 27 0
2 0 -36 0 36 0
2 0 -12 24 -12 0
2 0 -42 138 -96 0
0
2 0 -45 126 -81 0
2 0 0 -9 9 0
0
1 0 -36 0 36
1 0 0 -36 36
1 0 -18 54 -36
1 -18 18 108 -108
0
1 0 -36 0 36
1 0 -9 -27 36
1 -9 -54 63 0
1 0 -9 -27 36
1 -12 -12 132 -108
1 0 -72 72 0
1 0 0 -36 36
2 0 0 -72 72 0
2 0 -54 198 -144 0
2 0 -36 0 36 0
2 0 0 -36 36 0
1 0 -72 72 0

2 2 22 -8 -16 0
0
2 0 12 -12 0 0
2 0 -6 6 0 0
2 0 18 -18 0 0
2 0 4 4 -8 0
2 0 12 -12 0 0
2 0 48 -24 -24 0
0
2 0 24 24 -48 0
0
2 0 0 72 -72 0
2 0 -4 -4 8 0
0
1 2 30 -48 16
1 0 16 -32 16
1 0 8 8 -16
1 0 24 24 -48
0
1 4 20 -40 16
1 0 16 -32 16
1 0 72 -72 0
1 0 16 -32 16
1 0 24 24 -48
1 24 24 -48 0
1 4 20 -40 16
2 0 12 12 -24 0
2 0 0 72 -72 0
2 0 24 24 -48 0
2 0 4 4 -8 0
1 0 72 -72 0

2 2 2 -20 16 0
2 0 2 -14 12 0
2 0 4 -8 4 0
2 0 12 -24 12 0
2 0 4 -12 8 0
2 0 2 -14 12 0
2 0 0 24 -24 0
2 0 4 12 -16 0
0
0
2 0 0 36 -36 0
2 0 0 12 -12 0
0
1 0 28 -44 16
1 2 10 -28 16
1 0 12 4 -16
1 0 12 36 -48
0
1 4 8 -28 16
1 0 8 -24 16
1 0 36 -36 0
1 0 8 -24 16
1 0 12 36 -48
0
1 0 -4 -12 16
2 0 12 12 -24 0
2 0 0 72 -72 0
2 0 12 36 -48 0
2 0 0 8 -8 0
1 0 72 -72 0

2 1 2 -12 9 0
2 0 -1 -2 3 0
2 0 6 -3 -3 0
2 0 6 -18 12 0
2 0 7 -16 9 0
2 0 12 24 -36 0
2 0 -4 16 -12 0
2 0 0 48 -48 0
0
2 0 0 27 -27 0
2 0 -4 13 -9 0
0
1 0 12 -24 12
1 0 0 -12 12
1 0 -6 18 -12
1 0 0 36 -36
0
1 0 12 -24 12
1 3 -6 -9 12
1 0 27 -27 0
1 0 9 -21 12
1 0 0 36 -36
1 0 48 -48 0
1 4 -4 -12 12
0
0
2 0 0 36 -36 0
2 0 6 -18 12 0
0

2 1 -2 0 1 0
2 0 3 -6 3 0
2 0 0 4 -4 0
2 0 -4 13 -9 0
2 0 0 -12 12 0
2 0 2 2 -4 0
2 0 0 -24 24 0
0
2 0 0 9 -9 0
2 0 2 1 -3 0
0
1 0 4 -8 4
1 0 0 -4 4
1 0 -2 6 -4
1 0 0 12 -12
0
1 0 4 -8 4
1 1 -2 -3 4
1 0 9 -9 0
1 0 3 -7 4
1 0 0 12 -12
1 0 -24 24 0
1 -2 2 -4 4
0
0
2 0 0 12 -12 0
2 0 2 -6 4 0
0

2 3 6 6 -15 0
2 0 12 -24 12 0
2 0 6 -3 -3 0
2 0 36 0 -36 0
2 0 6 6 -12 0
2 0 0 72 -72 0
0
2 0 9 54 -63 0
2 0 0 9 -9 0
0
1 0 48 -60 12
1 0 12 -24 12
1 0 6 6 -12
1 0 36 0 -36
0
1 6 18 -36 12
1 0 21 -33 12
1 9 54 -63 0
1 0 21 -33 12
1 0 36 0 -36
1 0 72 -72 0
1 0 12 -24 12
2 0 6 42 -48 0
2 0 0 72 -72 0
2 0 36 0 -36 0
2 0 0 36 -36 0
1 0 72 -72 0

2 1 -1 0 0 0
2 0 6 -18 12 0
2 0 12 12 -24 0
2 0 0 8 -8 0
2 0 0 24 -24 0
0
2 0 0 36 -36 0
2 0 2 -6 4 0
0
1 0 16 -32 16
1 0 0 -16 16
1 0 -8 24 -16
1 0 0 48 -48
0
1 0 16 -32 16
1 2 2 -20 16
1 0 36 -36 0
1 2 2 -20 16
1 0 0 48 -48
1 0 24 -24 0
1 0 8 -24 16
0
0
2 0 0 48 -48 0
2 0 8 -24 16 0
0

2 1 2 -12 9 0
2 0 12 24 -36 0
2 0 -4 16 -12 0
2 0 0 48 -48 0
0
2 0 0 27 -27 0
2 0 -1 -2 3 0
0
1 0 12 -24 12
1 0 0 -12 12
1 0 -6 18 -12
1 0 0 36 -36
0
1 0 12 -24 12
1 0 9 -21 12
1 0 27 -27 0
1 3 -6 -9 12
1 0 0 36 -36
1 0 48 -48 0
1 4 -4 -12 12
0
0
2 0 0 36 -36 0
2 0 6 -18 12 0
0

2 12 48 -60 0 0
2 0 0 24 -24 0
2 0 48 -24 -24 0
0
2 0 36 0 -36 0
2 0 0 -12 12 0
0
1 0 72 -72 0
0
0
1 0 72 -72 0
0
1 0 72 -72 0
1 0 36 -36 0
1 36 0 -36 0
1 0 36 -36 0
1 0 72 -72 0
1 48 -24 -24 0
1 0 48 -48 0
2 0 0 72 -72 0
2 0 0 72 -72 0
2 0 72 -72 0 0
2 0 0 72 -72 0
1 0 72 -72 0

2 2 2 -20 16 0
0
0
2 0 18 -54 36 0
2 0 6 -18 12 0
0
1 0 20 -4 -16
1 0 12 4 -16
1 2 10 -28 16
1 0 36 -84 48
0
1 2 10 4 -16
1 0 0 16 -16
1 0 36 -36 0
1 0 0 16 -16
1 6 6 -60 48
0
1 -2 -2 20 -16
2 0 6 42 -48 0
2 0 18 -18 0 0
2 0 12 36 -48 0
2 0 -2 18 -16 0
1 0 72 -72 0

2 6 18 -72 48 0
0
2 0 54 -198 144 0
2 0 -6 6 0 0
0
1 0 24 24 -48
1 0 0 48 -48
1 0 24 -72 48
1 6 42 -192 144
0
1 0 24 24 -48
1 0 0 48 -48
1 0 72 -72 0
1 0 0 48 -48
1 12 12 -168 144
1 24 24 -48 0
1 0 24 24 -48
2 0 0 72 -72 0
2 0 36 -108 72 0
2 0 24 24 -48 0
2 0 0 24 -24 0
1 0 72 -72 0

2 4 -4 -64 64 0
0
0
0
0
0
0
0
1 4 -20 16 0
0
0
0
0
0
0
0
0
0
0
0
0

2 9 0 -90 81 0
2 0 9 -36 27 0
0
1 0 36 0 -36
1 0 0 36 -36
1 0 18 -54 36
1 0 72 -180 108
0
1 0 36 0 -36
1 0 9 27 -36
1 9 54 -63 0
1 0 9 27 -36
1 18 -18 -108 108
1 0 72 -72 0
1 0 0 36 -36
2 0 0 72 -72 0
2 0 18 -18 0 0
2 0 36 0 -36 0
2 0 0 36 -36 0
1 0 72 -72 0

2 1 -4 10 -7 0
0
1 0 4 -8 4
1 0 0 -4 4
1 0 -2 6 -4
1 0 0 12 -12
0
1 0 4 -8 4
1 0 3 -7 4
1 0 9 -9 0
1 1 -2 -3 4
1 0 0 12 -12
1 0 -24 24 0
1 -2 2 -4 4
0
0
2 0 0 12 -12 0
2 0 2 -6 4 0
0

2 6 -30 24 0 0
0
0
0
0
0
0
0
0
0
0
0
0
0
0
0
0
0

2 2 18 -24 4 0
2 0 16 -20 4 0
2 0 8 20 -28 0
2 0 12 48 -60 0
0
2 0 24 -12 -12 0
2 0 8 -16 8 0
2 0 36 0 -36 0
2 0 8 -16 8 0
2 0 12 48 -60 0
2 0 24 24 -48 0
2 0 4 -8 4 0
1 12 12 -24 0
1 0 72 -72 0
1 12 48 -60 0
1 4 -8 4 0
2 0 72 -72 0 0

2 2 10 -16 4 0
2 0 12 16 -28 0
2 0 0 60 -60 0
0
2 0 12 0 -12 0
2 0 0 -8 8 0
2 0 0 36 -36 0
2 0 0 -8 8 0
2 0 0 60 -60 0
2 0 0 48 -48 0
2 0 0 -4 4 0
1 12 12 -24 0
1 0 72 -72 0
1 0 60 -60 0
1 0 -4 4 0
2 0 72 -72 0 0

2 2 10 -16 4 0
2 0 24 -60 36 0
0
2 0 6 30 -36 0
2 0 -4 12 -8 0
2 0 0 36 -36 0
2 0 -4 12 -8 0
2 0 18 -30 12 0
2 0 0 48 -48 0
2 0 -2 6 -4 0
1 6 42 -48 0
1 18 -18 0 0
1 0 60 -60 0
1 -2 6 -4 0
2 0 72 -72 0 0

2 6 30 -168 132 0
0
2 0 12 48 -60 0
2 0 0 24 -24 0
2 0 36 0 -36 0
2 0 0 24 -24 0
2 0 48 -132 84 0
2 0 24 24 -48 0
2 0 0 12 -12 0
1 0 72 -72 0
1 36 -108 72 0
1 12 48 -60 0
1 0 12 -12 0
2 0 72 -72 0 0

2 4 -20 16 0 0
0
0
0
0
0
0
0
0
0
0
0
0

2 2 10 16 -28 0
2 0 4 4 -8 0
2 0 36 0 -36 0
2 0 4 4 -8 0
2 0 12 48 -60 0
2 0 24 24 -48 0
2 0 0 12 -12 0
1 6 42 -48 0
1 0 72 -72 0
1 12 48 -60 0
1 0 12 -12 0
2 0 72 -72 0 0

2 1 2 -15 12 0
2 0 9 27 -36 0
2 0 7 -19 12 0
2 0 0 24 -24 0
2 0 0 48 -48 0
2 0 4 -12 8 0
0
0
1 0 24 -24 0
1 4 -12 8 0
0

2 9 54 -63 0 0
2 0 9 27 -36 0
2 0 36 0 -36 0
2 0 72 -72 0 0
2 0 0 36 -36 0
1 0 72 -72 0
1 0 72 -72 0
1 36 0 -36 0
1 0 36 -36 0
2 0 72 -72 0 0

2 1 2 -15 12 0
2 0 0 24 -24 0
2 0 0 48 -48 0
2 0 4 -12 8 0
0
0
1 0 24 -24 0
1 4 -12 8 0
0

2 6 6 -48 36 0
2 0 24 24 -48 0
2 0 0 12 -12 0
1 0 72 -72 0
1 18 -18 0 0
1 12 48 -60 0
1 0 12 -12 0
2 0 72 -72 0 0

2 24 24 -48 0 0
2 0 24 24 -48 0
1 0 72 -72 0
1 0 72 -72 0
1 24 24 -48 0
1 0 24 -24 0
2 0 72 -72 0 0

2 2 2 -8 4 0
0
0
1 0 12 -12 0
1 2 -6 4 0
0

2 6 42 -48 0 0
2 0 72 -72 0 0
2 0 72 -72 0 0
0
1 72 -72 0 0

2 18 -18 0 0 0
2 0 72 -72 0 0
0
1 72 -72 0 0

2 12 48 -60 0 0
2 0 12 -12 0 0
1 72 -72 0 0

2 2 -6 4 0 0
0

2 72 -72 0 0 0

