42

2 0 1932480 1529000 164010 3300 10
1 725760 2345400 538650 18900 90
1 645120 2328320 628320 26880 160
1 665280 2312520 621810 28980 210
1 656640 2323200 619920 28800 240
1 662400 2315000 622650 28500 250
2 0 2191680 1345680 90720 720
2 0 2031120 1472940 123480 1260
2 0 2058480 1440180 128520 1620
2 0 2052000 1449000 126000 1800
2 0 1897920 1567440 161280 2160
2 0 1918800 1543500 163800 2700
2 0 1912320 1552320 161280 2880
2 0 1939680 1519560 166320 3240
1 907200 2363760 352800 5040
1 777600 2388960 453600 8640
1 820800 2343600 453600 10800
1 794880 2378880 443520 11520
1 691200 2368800 554400 14400
1 708480 2358720 544320 17280
1 751680 2313360 544320 19440
1 622080 2338560 645120 23040
1 639360 2328480 635040 25920
2 0 2540160 1058400 30240
2 0 2318400 1260000 50400
2 0 2358720 1209600 60480
2 0 2136960 1411200 80640
2 0 2177280 1360800 90720
2 0 1995840 1512000 120960
2 0 1854720 1612800 161280
1 1209600 2268000 151200
1 967680 2419200 241920
1 1088640 2268000 272160
1 846720 2419200 362880
1 725760 2419200 483840
2 0 3024000 604800
2 0 2721600 907200
2 0 2419200 1209600
1 1814400 1814400
1 1209600 2419200
2 0 3628800
1 3628800

2 0 2045088 1445652 135513 2538 9
2 0 2063232 1447488 116928 1152
2 0 2050272 1450008 127008 1512
2 0 2054592 1445472 127008 1728
2 0 2052000 1449000 126000 1800
1 725760 2329344 551376 22176 144
1 725760 2348136 535374 19404 126
1 725760 2328696 552258 21924 162
1 725760 2332080 548100 22680 180
1 725760 2376864 514080 12096
1 725760 2358720 529200 15120
1 725760 2362752 524160 16128
1 725760 2340576 544320 18144
2 0 2050272 1450008 127008 1512
2 0 2054592 1445472 127008 1728
2 0 2039040 1451520 136080 2160
2 0 2045952 1443456 137088 2304
2 0 2064960 1446480 115920 1440
2 0 2054592 1445472 127008 1728
2 0 2034720 1456056 136080 1944
2 0 2080512 1451520 96768
2 0 2068416 1451520 108864
1 725760 2376864 514080 12096
1 725760 2358720 529200 15120
1 725760 2340576 544320 18144
1 725760 2362752 524160 16128
1 725760 2340576 544320 18144
1 725760 2376864 514080 12096
1 725760 2419200 483840
2 0 2116800 1436400 75600
2 0 2080512 1451520 96768
2 0 2068416 1451520 108864
2 0 2068416 1451520 108864
2 0 2080512 1451520 96768
1 725760 2540160 362880
1 725760 2449440 453600
1 725760 2419200 483840
2 0 2358720 1270080
2 0 2177280 1451520
1 725760 2903040
2 0 3628800

2 0 1903104 1547712 174160 3808 16
2 0 1916544 1549968 159936 2352
2 0 1913856 1549632 162624 2688
2 0 1915200 1548400 162400 2800
1 806400 2375616 437584 9184 16
1 725760 2345504 538608 18816 112
1 725760 2364768 524160 14112
1 725760 2360960 526400 15680
1 645120 2289792 657216 36288 384
1 645120 2313120 640080 30240 240
1 645120 2307840 644224 31360 256
1 645120 2334528 624960 24192
2 0 2327808 1239504 61152 336
2 0 2191872 1346016 90048 864
2 0 2202240 1345680 80640 240
2 0 2200320 1343104 85120 256
2 0 2042880 1447040 136640 2240
2 0 2053632 1450176 123648 1344
2 0 2068416 1451520 108864
2 0 1881600 1540224 201600 5376
2 0 1895040 1548288 181440 4032
1 967680 2354688 302400 4032
1 887040 2365440 369600 6720
1 887040 2374848 362880 4032
1 806400 2348416 461440 12544
1 806400 2370816 443520 8064
1 725760 2314368 564480 24192
1 645120 2231040 698880 53760
2 0 2553600 1041600 33600
2 0 2440704 1142400 45696
2 0 2443392 1149120 36288
2 0 2314368 1249920 64512
2 0 2166528 1344000 118272
1 1128960 2298240 201600
1 1048320 2338560 241920
1 967680 2338560 322560
2 0 2782080 846720
2 0 2661120 967680
1 1290240 2338560
2 0 3628800

2 0 1937124 1519203 168315 4137 21
2 0 1937376 1524096 164304 3024
2 0 1936200 1523550 165900 3150
1 806400 2366112 446880 9408
1 705600 2357208 548898 17052 42
1 725760 2342088 540414 20412 126
1 725760 2343600 541800 17640
1 624960 2352672 630000 21168
1 645120 2329320 626010 28140 210
1 645120 2334528 624960 24192
1 665280 2310336 619416 33264 504
2 0 2357208 1219218 52332 42
2 0 2169216 1370376 88704 504
2 0 2194920 1343790 89460 630
2 0 2193408 1350720 84672
2 0 2005920 1500240 121800 840
2 0 2030112 1470168 127008 1512
2 0 2054808 1436778 133812 3402
2 0 1874880 1612800 141120
2 0 1897056 1569456 159264 3024
1 1028160 2352672 246960 1008
1 887040 2380560 357000 4200
1 907200 2375856 342720 3024
1 766080 2390976 463680 8064
1 786240 2376864 453600 12096
1 665280 2389968 559440 14112
1 564480 2419200 645120
2 0 2721600 894600 12600
2 0 2511936 1088640 28224
2 0 2546208 1058400 24192
2 0 2310336 1260000 58464
2 0 2096640 1451520 80640
1 1330560 2197440 100800
1 1149120 2313360 166320
1 967680 2378880 282240
2 0 3084480 544320
2 0 2862720 766080
1 1693440 1935360
2 0 3628800

2 0 1929600 1530720 164616 3840 24
2 0 1932000 1531800 162000 3000
1 806400 2361408 450240 10752
1 705600 2362752 544320 16128
1 734400 2334528 539928 19872 72
1 725760 2345760 537960 19200 120
1 633600 2331072 637584 26448 96
1 653760 2319840 630000 25200
1 645120 2323200 631296 28800 384
1 673920 2302560 623304 28800 216
2 0 2352672 1219680 56448
2 0 2162880 1380096 85680 144
2 0 2196000 1337760 94320 720
2 0 2188800 1348800 90240 960
2 0 2010240 1500240 117840 480
2 0 2035584 1467504 124416 1296
2 0 2068416 1423656 134784 1944
2 0 1882368 1574016 169152 3264
2 0 1911168 1553616 163152 864
1 1036800 2344896 246960 144
1 869760 2400480 356400 2160
1 915840 2352960 354240 5760
1 748800 2414976 458880 6144
1 794880 2363904 460080 9936
1 673920 2386080 557280 11520
1 599040 2342400 648960 38400
2 0 2764800 860400 3600
2 0 2504448 1103040 21312
2 0 2553984 1038960 35856
2 0 2292480 1287360 48960
2 0 2085120 1474560 69120
1 1416960 2165760 46080
1 1157760 2319840 151200
1 898560 2482560 247680
2 0 3265920 362880
2 0 2926080 702720
1 1935360 1693440
2 0 3628800

2 0 1933200 1524500 167050 4000 50
1 806400 2363200 448000 11200
1 705600 2360400 546000 16800
1 734400 2336400 540000 18000
1 720000 2352000 536600 20000 200
1 633600 2335200 636000 24000
1 648000 2323200 627900 29400 300
1 633600 2348800 620800 25600
1 662400 2318400 619200 28800
2 0 2352000 1218000 58800
2 0 2164800 1380000 84000
2 0 2200800 1333800 93600 600
2 0 2188800 1345600 92800 1600
2 0 2011200 1492400 124400 800
2 0 2035200 1467600 124800 1200
2 0 2073600 1425600 129600
2 0 1881600 1593600 153600
2 0 1900800 1558800 165600 3600
1 1036800 2340000 252000
1 864000 2409600 354000 1200
1 921600 2340000 360000 7200
1 748800 2416000 457600 6400
1 806400 2354400 460800 7200
1 691200 2354400 568800 14400
1 633600 2304000 691200
2 0 2769600 858000 1200
2 0 2496000 1113600 19200
2 0 2548800 1036800 43200
2 0 2289600 1296000 43200
2 0 2092800 1459200 76800
1 1440000 2160000 28800
1 1152000 2325600 151200
1 864000 2534400 230400
2 0 3326400 302400
2 0 2937600 691200
1 2016000 1612800
2 0 3628800

2 0 1903104 1547712 174160 3808 16
2 0 2053632 1446480 127008 1680
2 0 2044224 1449504 133056 2016
2 0 2042880 1447040 136640 2240
2 0 2209152 1342656 76608 384
2 0 2202240 1345680 80640 240
2 0 2200320 1343104 85120 256
2 0 2193408 1350720 84672
1 564480 2304288 722064 37632 336
1 645120 2328960 627648 26880 192
1 645120 2313120 640080 30240 240
1 645120 2307840 644224 31360 256
1 725760 2360960 526400 15680
1 725760 2347968 537600 17472
1 725760 2340576 544320 18144
1 806400 2400384 416640 5376
1 806400 2395008 423360 4032
2 0 1653120 1749888 221760 4032
2 0 1787520 1649760 188160 3360
2 0 1774080 1649088 201600 4032
2 0 1924608 1552768 149632 1792
2 0 1919232 1550304 157248 2016
2 0 2072448 1451520 104832
2 0 2231040 1344000 53760
1 403200 2352000 840000 33600
1 483840 2346624 766080 32256
1 483840 2322432 786240 36288
1 564480 2354688 685440 24192
1 645120 2381568 591360 10752
2 0 1451520 1975680 201600
2 0 1572480 1854720 201600
2 0 1693440 1774080 161280
1 241920 2540160 846720
1 322560 2499840 806400
2 0 1370880 2257920
1 0 3628800

2 0 2077152 1419208 129654 2772 14
2 0 2053296 1447236 126504 1764
2 0 2056320 1445640 125160 1680
2 0 2075808 1422624 128352 2016
2 0 2049600 1449000 128520 1680
2 0 2053632 1450176 123648 1344
2 0 2026080 1475712 126000 1008
1 705600 2357208 548898 17052 42
1 745920 2328480 532392 21840 168
1 725760 2343600 541800 17640
1 725760 2347968 537600 17472
1 766080 2315600 522480 24360 280
1 745920 2329488 532392 20832 168
1 725760 2340576 544320 18144
1 766080 2318400 524160 20160
1 745920 2322432 539280 21168
2 0 1985760 1521072 120960 1008
2 0 2049600 1449000 128520 1680
2 0 2026080 1481256 120960 504
2 0 2097984 1395072 133056 2688
2 0 2068416 1429848 129024 1512
2 0 2120832 1367856 137088 3024
2 0 2150400 1344000 134400
1 604800 2444400 567000 12600
1 685440 2377536 551040 14784
1 665280 2395008 559440 9072
1 745920 2325456 539280 18144
1 806400 2284800 510720 26880
2 0 1874880 1653120 100800
2 0 1955520 1572480 100800
2 0 2056320 1451520 120960
1 423360 2676240 529200
1 564480 2540160 524160
2 0 1854720 1774080
1 0 3628800

2 0 2034720 1453464 137682 2916 18
2 0 2043360 1447920 135360 2160
2 0 2069280 1459296 100080 144
2 0 2058480 1456020 113400 900
2 0 2066688 1444608 116352 1152
2 0 2045952 1448712 131328 2808
1 725760 2352672 534240 16128
1 734400 2334528 539928 19872 72
1 717120 2340000 549540 21960 180
1 725760 2335680 547200 20160
1 725760 2362320 525600 15120
1 717120 2353392 537696 20448 144
1 699840 2346408 555174 26892 486
1 708480 2421504 492480 6336
1 699840 2411424 507600 9936
2 0 2069280 1459296 100080 144
2 0 2073600 1432440 121680 1080
2 0 2052000 1454760 120960 1080
2 0 2075328 1427328 124992 1152
2 0 2045952 1448712 131328 2808
2 0 2064960 1457280 105840 720
2 0 2073600 1497600 57600
1 691200 2466000 468000 3600
1 743040 2366208 509760 9792
1 699840 2411424 507600 9936
1 751680 2334960 524880 17280
1 760320 2338560 518400 11520
2 0 2099520 1486080 43200
2 0 2090880 1462320 75600
2 0 2125440 1393920 109440
1 544320 2766960 317520
1 725760 2471040 432000
2 0 2177280 1451520
1 0 3628800

2 0 2046720 1441520 137500 3040 20
2 0 2072640 1447440 108240 480
2 0 2061120 1448280 118440 960
2 0 2065920 1443200 118400 1280
2 0 2050560 1450800 126720 720
1 725760 2343600 541800 17640
1 725760 2346720 538800 17520
1 720000 2333040 552960 22680 120
1 737280 2309760 557120 24320 320
1 720000 2372960 519640 16120 80
1 731520 2338080 540360 18720 120
1 725760 2326320 557280 19440
1 725760 2391360 502080 9600
1 737280 2354400 525600 11520
2 0 2076480 1450800 101520
2 0 2061120 1451280 116040 360
2 0 2044800 1450800 131040 2160
2 0 2064000 1447040 116480 1280
2 0 2044800 1455840 126720 1440
2 0 2070720 1450800 105840 1440
2 0 2092800 1459200 76800
1 720000 2464800 443400 600
1 748800 2360640 511680 7680
1 691200 2414880 505440 17280
1 720000 2377440 518400 12960
1 691200 2446080 476160 15360
2 0 2194560 1416960 17280
2 0 2122560 1430640 75600
2 0 2108160 1428480 92160
1 604800 2812320 211680
1 806400 2407680 414720
2 0 2338560 1290240
1 0 3628800

2 0 1883520 1522944 214752 7536 48
2 0 1890720 1558080 176400 3600
2 0 1892352 1538304 192768 5376
2 0 1893888 1588176 145872 864
1 866880 2382912 372960 6048
1 835200 2337984 442272 13296 48
1 797760 2404800 421200 5040
1 806400 2386560 428160 7680
1 766080 2282880 551520 28080 240
1 737280 2347488 525600 18432
1 699840 2426112 498960 3888
1 668160 2190336 705408 63744 1152
1 639360 2284416 665568 39024 432
2 0 2350080 1221696 56880 144
2 0 2321280 1229760 77040 720
2 0 2301120 1270080 57600
2 0 2231424 1279872 115776 1728
2 0 2215296 1330848 82224 432
2 0 2073600 1385280 165600 4320
2 0 1843200 1459200 307200 19200
1 892800 2390400 342000 3600
1 944640 2314368 362880 6912
1 881280 2407104 339120 1296
1 933120 2286720 397440 11520
1 921600 2173440 503040 30720
2 0 2321280 1264320 43200
2 0 2373120 1205280 50400
2 0 2419200 1117440 92160
1 725760 2600640 302400
1 967680 2309760 351360
2 0 2257920 1370880
1 0 3628800

2 0 1902240 1548120 173670 4740 30
2 0 1908480 1550400 168000 1920
2 0 1916640 1548000 161280 2880
1 887040 2380560 357000 4200
1 815040 2352960 450000 10800
1 792000 2402760 426390 7620 30
1 817920 2360640 442560 7680
1 720000 2330640 554160 23880 120
1 722880 2346960 540600 18240 120
1 699840 2404080 511920 12960
1 627840 2312640 659520 28800
1 630720 2312640 647280 37440 720
2 0 2440800 1148400 39600
2 0 2335680 1225320 67560 240
2 0 2328480 1246680 53280 360
2 0 2191680 1331520 104640 960
2 0 2191680 1353240 82800 1080
2 0 2021760 1456560 146880 3600
2 0 1843200 1612800 172800
1 1008000 2367600 252600 600
1 1008000 2293440 323520 3840
1 907200 2445120 272160 4320
1 907200 2333520 378000 10080
1 806400 2315520 483840 23040
2 0 2554560 1059840 14400
2 0 2531520 1056960 40320
2 0 2471040 1077120 80640
1 907200 2555280 166320
1 1209600 2113920 305280
2 0 2499840 1128960
1 0 3628800

2 0 1898496 1542912 182080 5248 64
2 0 1921536 1547712 157824 1728
1 887040 2374848 362880 4032
1 806400 2361216 451200 9984
1 794880 2391360 432960 9600
1 829440 2338560 452416 8320 64
1 714240 2351360 542720 20480
1 737280 2332032 543168 16128 192
1 725760 2369088 518400 15552
1 645120 2256384 673152 53376 768
1 668160 2270592 662400 27648
2 0 2451456 1140480 36864
2 0 2323200 1240320 65280
2 0 2322432 1249344 56448 576
2 0 2178048 1353856 95872 1024
2 0 2184192 1358208 85248 1152
2 0 2034432 1454976 137088 2304
2 0 1873920 1463040 276480 15360
1 1036800 2361600 230400
1 1013760 2291712 320640 2688
1 898560 2464128 259200 6912
1 875520 2369664 374400 9216
1 737280 2424576 445440 21504
2 0 2626560 996480 5760
2 0 2568960 1019520 40320
2 0 2460672 1094400 73728
1 967680 2540160 120960
1 1290240 2039040 299520
2 0 2580480 1048320
1 0 3628800

2 0 1938816 1509984 173592 6336 72
1 907200 2382912 337680 1008
1 794880 2363904 460080 9936
1 786240 2394720 436320 11520
1 829440 2340864 455040 3456
1 673920 2388960 551520 14400
1 708480 2348352 552816 19008 144
1 699840 2366496 530712 31104 648
1 587520 2406528 622080 12672
1 622080 2354112 628272 24048 288
2 0 2536704 1073520 18576
2 0 2347200 1219680 61920
2 0 2360448 1226736 41472 144
2 0 2151936 1384704 91584 576
2 0 2165184 1365120 96336 2160
2 0 1973376 1540512 113184 1728
2 0 1808640 1728000 92160
1 1123200 2340000 165600
1 1071360 2274048 282240 1152
1 933120 2503872 187920 3888
1 881280 2369376 367200 10944
1 691200 2474496 449280 13824
2 0 2764800 861120 2880
2 0 2695680 902880 30240
2 0 2515968 1036800 76032
1 1088640 2449440 90720
1 1451520 1906560 270720
2 0 2661120 967680
1 0 3628800

2 0 1517040 1819188 284298 8232 42
2 0 1753920 1674792 196560 3528
2 0 1779120 1649340 196560 3780
2 0 1774080 1649088 201600 4032
2 0 2005920 1500240 121800 840
2 0 2034144 1476216 117936 504
2 0 2068416 1451520 108864
2 0 2278080 1290240 60480
2 0 2312352 1265040 51408
1 302400 2177280 1067472 80640 1008
1 403200 2278080 895020 52080 420
1 423360 2262960 886536 55440 504
1 524160 2350656 725760 28224
1 544320 2346624 710640 27216
1 665280 2400048 554400 9072
1 806400 2419200 403200
2 0 1058400 2116800 441000 12600
2 0 1270080 2007936 342720 8064
2 0 1300320 1971648 347760 9072
2 0 1491840 1886976 246960 3024
2 0 1693440 1774080 161280
1 120960 1995840 1411200 100800
1 181440 2162160 1209600 75600
1 241920 2298240 1048320 40320
2 0 665280 2434320 529200
2 0 846720 2378880 403200
1 0 1935360 1693440
2 0 0 3628800

2 0 1929600 1530720 164616 3840 24
2 0 1920960 1542600 162720 2520
2 0 1912320 1557120 157440 1920
2 0 2096640 1395840 133680 2640
2 0 2078784 1416384 131616 2016
2 0 2068416 1423656 134784 1944
2 0 2249856 1277568 100224 1152
2 0 2232576 1296288 99504 432
1 432000 2324160 832896 39600 144
1 547200 2331360 713880 36000 360
1 552960 2319840 725760 30240
1 668160 2315520 614976 29760 384
1 673920 2302560 623304 28800 216
1 794880 2286720 522720 24480
1 921600 2265600 422400 19200
2 0 1382400 1972800 270000 3600
2 0 1584000 1816128 224640 4032
2 0 1589760 1810944 226800 1296
2 0 1785600 1645920 192960 4320
2 0 1981440 1478400 165120 3840
1 207360 2298240 1080000 43200
1 311040 2352960 928800 36000
1 414720 2401920 771840 40320
2 0 967680 2358720 302400
2 0 1221120 2148480 259200
1 0 2338560 1290240
2 0 0 3628800

2 0 1905840 1547220 171870 3840 30
2 0 1900800 1550400 173760 3840
2 0 2063520 1446480 118440 360
2 0 2046240 1456200 124560 1800
2 0 2034720 1461240 129600 3240
2 0 2208960 1356480 63360
2 0 2196000 1373040 59040 720
1 475200 2338560 781200 33840
1 576000 2319360 701340 31920 180
1 561600 2314800 715320 36720 360
1 662400 2322240 620160 24000
1 648000 2328480 623880 28080 360
1 734400 2360880 522720 10800
1 806400 2419200 403200
2 0 1519200 1896000 213000 600
2 0 1673280 1745280 207360 2880
2 0 1645920 1762560 216000 4320
2 0 1814400 1627200 183600 3600
2 0 1969920 1509120 149760
1 259200 2445120 910080 14400
1 388800 2375280 832320 32400
1 518400 2332800 743040 34560
2 0 1149120 2313360 166320
2 0 1445760 1952640 230400
1 0 2580480 1048320
2 0 0 3628800

2 0 1898496 1542912 182080 5248 64
2 0 2062080 1450880 114560 1280
2 0 2055168 1448256 124032 1344
2 0 2052864 1451520 124416
2 0 2221056 1333632 73344 768
2 0 2216448 1336320 76032
1 483840 2332800 777600 34560
1 576000 2315520 708480 28800
1 552960 2314368 719424 41472 576
1 645120 2345472 617344 20608 256
1 622080 2365056 616320 25344
1 691200 2431872 489600 16128
1 737280 2538240 337920 15360
2 0 1555200 1872000 201600
2 0 1686528 1731456 208512 2304
2 0 1645056 1755648 221184 6912
2 0 1799424 1650816 176256 2304
2 0 1935360 1567488 122880 3072
1 276480 2488320 858240 5760
1 414720 2367360 812160 34560
1 552960 2287872 760320 27648
2 0 1209600 2298240 120960
2 0 1520640 1877760 230400
1 0 2661120 967680
2 0 0 3628800

2 0 2136960 1336320 150640 4840 40
2 0 2096640 1397520 131760 2880
2 0 2060640 1451520 116640
2 0 2113920 1351680 159360 3840
2 0 2062080 1408320 154080 4320
1 604800 2407680 601200 15120
1 720000 2331840 555360 21480 120
1 691200 2365920 558720 12960
1 806400 2267520 523520 31040 320
1 777600 2292480 538560 20160
1 864000 2194560 531360 38160 720
1 921600 2112000 556800 38400
2 0 1756800 1730400 141000 600
2 0 1929600 1557120 140160 1920
2 0 1900800 1602720 125280
2 0 2067840 1408320 149760 2880
2 0 2211840 1228800 180480 7680
1 345600 2522880 745920 14400
1 518400 2430720 661680 18000
1 691200 2321280 581760 34560
2 0 1330560 2147040 151200
2 0 1658880 1791360 178560
1 0 2661120 967680
2 0 0 3628800

2 0 2067840 1428576 129576 2784 24
2 0 2034720 1461240 129600 3240
2 0 2095488 1409472 122112 1728
2 0 2063808 1436256 126432 2304
1 656640 2413728 548640 9792
1 748800 2315040 546000 18960
1 691200 2383776 538488 15264 72
1 783360 2288832 531648 24768 192
1 725760 2348064 531072 23616 288
1 760320 2332800 507312 28080 288
1 737280 2396160 472320 23040
2 0 1900800 1630800 97200
2 0 2026368 1471872 129792 768
2 0 1964736 1557792 104544 1728
2 0 2085696 1396080 144144 2880
2 0 2161152 1308672 154368 4608
1 414720 2617920 593280 2880
1 622080 2413440 576720 16560
1 829440 2187648 581760 29952
2 0 1512000 2041200 75600
2 0 1877760 1584000 167040
1 0 2822400 806400
2 0 0 3628800

2 0 1994544 1471284 155034 7776 162
2 0 2058048 1503360 67392
2 0 2029536 1521504 76464 1296
1 699840 2426112 498960 3888
1 777600 2300400 531360 19440
1 699840 2404080 511920 12960
1 777600 2286144 544320 20736
1 699840 2366496 530712 31104 648
1 699840 2404080 511920 12960
1 622080 2592000 414720
2 0 2008800 1555200 64800
2 0 2109888 1399680 119232
2 0 2029536 1521504 76464 1296
2 0 2115072 1363392 146448 3888
2 0 2135808 1347840 145152
1 466560 2669760 492480
1 699840 2404080 511920 12960
1 933120 2094336 570240 31104
2 0 1632960 1950480 45360
2 0 2021760 1451520 155520
1 0 2903040 725760
2 0 0 3628800

2 0 1852416 1451136 304512 20544 192
2 0 1867392 1558656 197568 5184
1 829440 2409984 385920 3456
1 921600 2286720 408960 11520
1 829440 2419776 374400 5184
1 921600 2224512 455808 26688 192
1 829440 2363904 423360 12096
1 829440 2195712 561024 42048 576
1 737280 1873920 867840 142080 7680
2 0 2160000 1411200 57600
2 0 2308608 1229184 90432 576
2 0 2249856 1321920 57024
2 0 2352384 1158912 115776 1728
2 0 2322432 1119744 177408 9216
1 552960 2609280 463680 2880
1 829440 2332800 457920 8640
1 1105920 2027520 466560 28800
2 0 1693440 1874880 60480
2 0 2073600 1422720 132480
1 0 2903040 725760
2 0 0 3628800

2 0 1869696 1552896 197280 8784 144
1 881280 2407104 339120 1296
1 950400 2275200 393120 10080
1 829440 2452320 341280 5760
1 898560 2234880 472320 23040
1 777600 2428992 408096 13968 144
1 725760 2305152 556416 40608 864
1 552960 2373120 656640 46080
2 0 2275200 1317600 36000
2 0 2399616 1143360 85824
2 0 2322432 1263168 42768 432
2 0 2381184 1134144 111456 2016
2 0 2248704 1202688 170496 6912
1 622080 2632320 374400
1 933120 2278080 410400 7200
1 1244160 1890432 466560 27648
2 0 1814400 1784160 30240
2 0 2211840 1290240 126720
1 0 2983680 645120
2 0 0 3628800

2 0 950400 2125440 530496 22320 144
2 0 1209600 2039040 370800 9360
2 0 1287360 1987200 345600 8640
2 0 1503360 1889856 233280 2304
2 0 1572480 1845504 209520 1296
2 0 1814400 1692000 122400
2 0 2073600 1497600 57600
1 86400 1728000 1612800 198000 3600
1 138240 1987200 1381248 120960 1152
1 155520 2039040 1318464 114480 1296
1 207360 2220480 1140480 60480
1 276480 2384640 944640 23040
2 0 432000 2246400 907200 43200
2 0 604800 2332800 669600 21600
2 0 760320 2367360 495360 5760
1 0 1209600 2116800 302400
1 0 1468800 1987200 172800
2 0 0 2419200 1209600
1 0 0 3628800

2 0 1468800 1879920 272580 7440 60
2 0 1514880 1839600 269280 5040
2 0 1745280 1678080 200640 4800
2 0 1791360 1634400 198720 4320
2 0 2039040 1440000 147600 2160
2 0 2304000 1209600 115200
1 144000 2030400 1348800 105000 600
1 230400 2200320 1124160 72960 960
1 259200 2203200 1092960 73440
1 345600 2327040 899280 56160 720
1 460800 2407680 714240 46080
2 0 639360 2355840 619200 14400
2 0 887040 2259360 471600 10800
2 0 1105920 2160000 351360 11520
1 0 1572480 1905120 151200
1 0 1883520 1630080 115200
2 0 0 2741760 887040
1 0 0 3628800

2 0 1524096 1816416 278712 9504 72
2 0 1742976 1691136 192384 2304
2 0 1760832 1677024 187488 3456
2 0 1988928 1521936 117072 864
2 0 2234880 1324800 69120
1 172800 2138400 1238400 79200
1 276480 2227392 1053504 70848 576
1 311040 2186784 1048032 81216 1728
1 414720 2266560 897552 49680 288
1 552960 2287872 760320 27648
2 0 743040 2393280 489600 2880
2 0 1028160 2166480 421200 12960
2 0 1278720 1980288 362880 6912
1 0 1753920 1799280 75600
1 0 2090880 1422720 115200
2 0 0 2903040 725760
1 0 0 3628800

2 0 1963008 1483392 176128 6208 64
2 0 1964160 1482048 178560 4032
2 0 2177280 1275264 169920 6336
2 0 2396160 1067520 157440 7680
1 230400 2304000 1051200 43200
1 368640 2351232 862656 45888 384
1 414720 2294784 881280 38016
1 552960 2302848 722304 50112 576
1 737280 2230272 605184 54528 1536
2 0 898560 2355840 371520 2880
2 0 1232640 2070720 319680 5760
2 0 1520640 1814400 282240 11520
1 0 1935360 1632960 60480
1 0 2280960 1261440 86400
2 0 0 2983680 645120
1 0 0 3628800

2 0 1938816 1509984 173592 6336 72
2 0 2121984 1358208 146016 2592
2 0 2304000 1209600 115200
1 259200 2376000 964800 28800
1 414720 2365056 803520 45504
1 466560 2279232 848448 34128 432
1 622080 2236608 720576 48672 864
1 829440 2098944 656640 43776
2 0 984960 2350080 293760
2 0 1347840 1985760 289440 5760
2 0 1658880 1665792 293760 10368
1 0 2056320 1542240 30240
1 0 2413440 1128960 86400
2 0 0 3064320 564480
1 0 0 3628800

2 0 2211840 1214208 192096 10512 144
2 0 2211840 1198080 207360 11520
1 345600 2505600 766800 10800
1 552960 2419200 624960 31680
1 622080 2306880 686880 12960
1 829440 2163456 593568 41904 432
1 1105920 1870848 585216 64512 2304
2 0 1175040 2255040 198720
2 0 1589760 1814400 222480 2160
2 0 1935360 1440000 241920 11520
1 0 2237760 1375920 15120
1 0 2592000 967680 69120
2 0 0 3144960 483840
1 0 0 3628800

2 0 1474560 1536000 537600 76800 3840
1 460800 2592000 576000
1 737280 2396160 472320 23040
1 829440 2246400 552960
1 1105920 1981440 506880 34560
1 1474560 1536000 537600 76800 3840
2 0 1382400 2131200 115200
2 0 1843200 1612800 172800
2 0 2211840 1198080 207360 11520
1 0 2419200 1209600
1 0 2764800 806400 57600
2 0 0 3225600 403200
1 0 0 3628800

2 0 374400 2160000 1024800 69000 600
2 0 547200 2304000 748800 28800
2 0 604800 2332800 669600 21600
2 0 748800 2368800 504000 7200
2 0 921600 2361600 345600
1 0 950400 2160000 504000 14400
1 0 1238400 2088000 298800 3600
1 0 1468800 1987200 172800
2 0 0 1814400 1663200 151200
2 0 0 2102400 1468800 57600
1 0 0 2822400 806400
2 0 0 0 3628800

2 0 792576 2268288 550272 17472 192
2 0 874368 2218752 516672 19008
2 0 1073664 2155968 386496 12672
2 0 1308672 2029824 281088 9216
1 0 1261440 2073600 290880 2880
1 0 1618560 1808640 198720 2880
1 0 1893888 1593216 139392 2304
2 0 0 2177280 1391040 60480
2 0 0 2482560 1100160 46080
1 0 0 3064320 564480
2 0 0 0 3628800

2 0 964224 2132352 506304 25488 432
2 0 1181952 2034720 403488 8640
2 0 1437696 1866240 324864
1 0 1365120 2039040 224640
1 0 1745280 1693440 185760 4320
1 0 2035584 1434240 158976
2 0 0 2298240 1300320 30240
2 0 0 2609280 967680 51840
1 0 0 3144960 483840
2 0 0 0 3628800

2 0 1437696 1851264 325440 14256 144
2 0 1732608 1598976 283392 13824
1 0 1572480 1915200 141120
1 0 1984320 1506960 136080 1440
1 0 2287872 1206144 131328 3456
2 0 0 2479680 1134000 15120
2 0 0 2782080 806400 40320
1 0 0 3225600 403200
2 0 0 0 3628800

2 0 2064384 1265664 273408 24576 768
1 0 1797120 1762560 69120
1 0 2234880 1290240 103680
1 0 2543616 963072 117504 4608
2 0 0 2661120 967680
2 0 0 2949120 645120 34560
1 0 0 3306240 322560
2 0 0 0 3628800

2 0 0 1641600 1762560 221760 2880
2 0 0 1987200 1546560 95040
2 0 0 2229120 1365120 34560
1 0 0 2419200 1149120 60480
1 0 0 2678400 938880 11520
2 0 0 0 3144960 483840
1 0 0 0 3628800

2 0 0 2361600 1199520 66960 720
2 0 0 2609280 967680 51840
1 0 0 2721600 892080 15120
1 0 0 2966400 645120 17280
2 0 0 0 3306240 322560
1 0 0 0 3628800

2 0 0 2847744 724608 55296 1152
1 0 0 2903040 725760
1 0 0 3127680 483840 17280
2 0 0 0 3386880 241920
1 0 0 0 3628800

2 0 0 0 2963520 650160 15120
2 0 0 0 3144960 483840
1 0 0 0 3386880 241920
2 0 0 0 0 3628800

2 0 0 0 3300480 322560 5760
1 0 0 0 3467520 161280
2 0 0 0 0 3628800

2 0 0 0 0 3548160 80640
1 0 0 0 0 3628800

2 0 0 0 0 0 3628800

