94

1 -1260 -239 1379 119 1
1 180 -35 -140 -5
1 -60 63 0 -3
1 36 -49 14 -1
2 0 -2268 1813 448 7
2 0 308 -280 -28
2 0 -56 70 -14
0
2 0 -2140 1568 560 12
2 0 252 -210 -42
2 0 -56 70 -14
0
2 0 -2136 1575 546 15
2 0 252 -210 -42
0
2 0 -2448 1848 588 12
2 0 -2172 1624 532 16
2 0 308 -280 -28
0
2 0 -2080 1505 560 15
1 -1680 378 1260 42
1 336 -210 -126
1 -168 210 -42
0
1 -1344 -140 1414 70
1 168 0 -168
0
1 -1512 126 1302 84
1 336 -210 -126
0
1 -1680 70 1540 70
1 -1344 -84 1344 84
0
0
0
0
0
1 -1176 -392 1456 112
1 168 0 -168
0
1 -1176 -336 1386 126
0
1 -1344 -392 1624 112
0
0
1 -1512 -126 1512 126
2 0 -2520 2310 210
2 0 420 -420
0
2 0 -2436 2100 336
2 0 420 -420
0
2 0 -2268 1890 378
0
2 0 -2856 2520 336
0
0
0
0
2 0 -2184 1680 504
0
2 0 -2604 2100 504
0
0
0
0
0
2 0 -2352 1680 672
0
1 -2520 1680 840
1 840 -840
0
1 -1680 420 1260
0
1 -2520 1260 1260
0
0
0
1 -1680 0 1680
0
0
0
0
2 0 -2520 2520
0
2 0 -3360 3360
0
0
0
0
1 -5040 5040
0
0
0

1 180 -315 79 55 1
1 -60 99 -30 -9
1 36 -57 24 -3
2 0 -60 19 40 1
2 0 116 -256 134 6
2 0 -32 70 -38
0
2 0 356 -310 -46
2 0 84 -230 136 10
2 0 -32 70 -38
0
2 0 228 -180 -48
2 0 84 -222 126 12
0
2 0 240 -54 -180 -6
2 0 276 -240 -36
2 0 116 -292 164 12
0
2 0 260 -250 -10
1 -240 -42 270 12
1 336 -510 144 30
1 -168 270 -102
0
1 96 -140 34 10
1 168 -288 72 48
0
1 -72 18 42 12
1 336 -534 144 54
0
1 -240 370 -110 -20
1 96 -252 144 12
0
0
0
0
0
1 264 0 -264
1 168 -312 72 72
0
1 264 -120 -144
0
1 96 288 -336 -48
0
0
1 -72 414 -288 -54
2 0 -840 750 90
2 0 180 -300 120
0
2 0 -276 180 96
2 0 180 -360 180
0
2 0 -468 360 108
0
2 0 -456 480 -24
0
0
0
0
2 0 168 -240 72
0
2 0 -12 120 -108
0
0
0
0
0
2 0 480 -240 -240
0
1 -1080 600 480
1 840 -1200 360
0
1 -240 -300 540
0
1 -1080 900 180
0
0
0
1 -240 240
0
0
0
0
2 0 -1800 1800
0
2 0 -1200 1200
0
0
0
0
1 -3600 3600
0
0
0

1 -60 57 -16 18 1
1 36 -39 9 -6
2 0 48 -30 -18
2 0 4 -22 16 2
2 0 -28 15 8 5
0
2 0 -44 8 34 2
2 0 -36 90 -54
2 0 -40 12 20 8
0
2 0 -48 75 -27
2 0 -36 60 -24
0
2 0 -48 30 18
2 0 -60 60
2 0 4 48 -44 -8
0
2 0 -20 60 -35 -5
1 0 18 -20 2
1 96 -170 54 20
1 -168 210 -62 20
0
1 96 -100 -6 10
1 -72 104 -48 16
0
1 -72 150 -78
1 96 -138 54 -12
0
1 0 70 -60 -10
1 96 -60 -16 -20
0
0
0
0
0
1 24 -152 96 32
1 -72 160 -48 -40
0
1 24 -48 36 -12
0
1 96 -256 144 16
0
0
1 -72 90 -18
2 0 -120 90 30
2 0 60 -180 120
0
2 0 84 -140 56
2 0 60 -100 40
0
2 0 12 30 -42
0
2 0 24 40 -64
0
0
0
0
2 0 120 -160 40
0
2 0 60 -60
0
0
0
0
0
2 0 0 -240 240
0
1 -360 120 240
1 600 -960 360
0
1 240 -420 180
0
1 -360 540 -180
0
0
0
1 240 -320 80
0
0
0
0
2 0 -1080 1080
0
2 0 -240 240
0
0
0
0
1 -2160 2160
0
0
0

1 36 -75 28 10 1
2 0 -24 30 -6
2 0 -12 30 -18
2 0 -12 -3 12 3
0
2 0 12 0 -12
2 0 12 -44 28 4
2 0 24 6 -24 -6
0
2 0 -12 -18 27 3
2 0 12 6 -12 -6
0
2 0 24 -30 6
2 0 36 -16 -16 -4
2 0 -12 0 12
0
2 0 0 -15 15
1 0 30 -30
1 0 -6 0 6
1 -72 78 -18 12
0
1 0 -36 30 6
1 -72 120 -48
0
1 -72 90 -18
1 0 18 0 -18
0
1 0 -30 30
1 0 12 0 -12
0
0
0
0
0
1 -72 176 -88 -16
1 -72 72 -48 48
0
1 -72 72 -18 18
0
1 0 56 -40 -16
0
0
1 -72 54 -18 36
2 0 24 -30 6
2 0 12 -60 48
0
2 0 36 -60 24
2 0 12 0 -12
0
2 0 36 0 -36
0
2 0 24 0 -24
0
0
0
0
2 0 -24 0 24
0
2 0 -36 0 36
0
0
0
0
0
2 0 -48 240 -192
0
1 -72 0 72
1 216 -360 144
0
1 144 -180 36
0
1 -72 180 -108
0
0
0
1 144 -240 96
0
0
0
0
2 0 -360 360
0
0
0
0
0
0
1 -720 720
0
0
0

1 -1440 0 1339 100 1
1 0 -52 50 2
1 0 52 -50 -2
0
1 -1440 8 1370 62
1 0 -80 70 10
1 0 60 -60
0
1 -1440 12 1350 78
1 0 -72 60 12
0
1 -1440 60 1320 60
1 -1440 36 1320 84
1 0 -132 120 12
0
1 -1440 -40 1400 80
2 0 -2280 1758 510 12
2 0 -24 30 -6
2 0 72 -60 -12
0
2 0 -2304 1840 454 10
2 0 -24 0 24
0
2 0 -2232 1728 492 12
2 0 -96 60 36
0
2 0 -2280 1810 460 10
2 0 -2304 1788 504 12
0
0
0
0
0
2 0 -2328 1920 408
2 0 -72 0 72
0
2 0 -2328 1860 468
0
2 0 -2304 1920 384
0
0
2 0 -2232 1800 432
1 -1440 -120 1470 90
1 0 60 -60
0
1 -1440 -36 1380 96
1 0 -60 60
0
1 -1440 -108 1440 108
0
1 -1440 -96 1440 96
0
0
0
0
1 -1440 -72 1440 72
0
1 -1440 -12 1380 72
0
0
0
0
0
1 -1440 0 1440
0
2 0 -2520 2040 480
2 0 120 -120
0
2 0 -2400 1860 540
0
2 0 -2520 1980 540
0
0
0
2 0 -2400 1920 480
0
0
0
0
1 -1440 -360 1800
0
1 -1440 -480 1920
0
0
0
0
2 0 -4320 4320
0
0
0

1 240 -404 114 49 1
1 0 -4 0 4
0
1 240 -132 -110 2
1 240 -372 90 42
1 0 -16 0 16
0
1 240 -60 -180
1 240 -396 105 51
0
1 0 360 -330 -30
1 240 -120 -120
1 240 -376 100 36
0
1 240 -80 -150 -10
2 0 -400 318 80 2
2 0 96 -250 144 10
2 0 -8 0 8
0
2 0 -64 40 24
2 0 136 -298 154 8
0
2 0 -12 -15 27
2 0 84 -219 126 9
0
2 0 -40 160 -115 -5
2 0 -64 60 4
0
0
0
0
0
2 0 288 -320 32
2 0 160 -280 120
0
2 0 312 -270 -42
0
2 0 224 -80 -144
0
0
2 0 360 -180 -180
1 -480 0 450 30
1 240 -420 120 60
0
1 -240 -36 260 16
1 240 -380 80 60
0
1 -240 12 210 18
0
1 -480 464 40 -24
0
0
0
0
1 0 -80 80
0
1 -240 420 -150 -30
0
0
0
0
0
1 0 240 -240
0
2 0 -1200 960 240
2 0 240 -480 240
0
2 0 -720 540 180
0
2 0 -720 720
0
0
0
2 0 -480 560 -80
0
0
0
0
1 -960 -240 1200
0
1 -960 480 480
0
0
0
0
2 0 -2880 2880
0
0
0

1 -96 96 -25 24 1
0
1 0 -40 30 10
1 -96 144 -54 6
1 -96 132 -44 8
0
1 -96 84 6 6
1 -96 168 -54 -18
0
1 0 -60 60
1 -96 132 -24 -12
1 0 28 0 -28
0
1 0 0 20 -20
2 0 40 -30 -10
2 0 24 -94 66 4
2 0 -40 12 20 8
0
2 0 64 -112 46 2
2 0 8 -20 12
0
2 0 48 -30 -18
2 0 24 6 -24 -6
0
2 0 40 -10 -30
2 0 64 4 -64 -4
0
0
0
0
0
2 0 24 -80 56
2 0 8 0 -8
0
2 0 -24 0 24
0
2 0 -32 0 32
0
0
2 0 -72 0 72
1 -96 24 66 6
1 192 -348 108 48
0
1 96 -156 44 16
1 192 -292 108 -8
0
1 96 -36 -36 -24
0
1 -96 256 -144 -16
0
0
0
0
1 288 -408 112 8
0
1 96 -132 24 12
0
0
0
0
0
1 288 -480 192
0
2 0 -456 360 96
2 0 168 -360 192
0
2 0 -96 60 36
0
2 0 -72 180 -108
0
0
0
2 0 96 -160 64
0
0
0
0
1 -480 -120 600
0
1 -480 480
0
0
0
0
2 0 -1440 1440
0
0
0

1 -1260 -239 1379 119 1
0
0
0
1 180 -35 -140 -5
0
0
1 -60 63 0 -3
0
0
0
1 36 -49 14 -1
0
0
0
0
2 0 -2268 1813 448 7
0
0
2 0 308 -280 -28
0
0
2 0 -56 70 -14
0
0
2 0 -2140 1568 560 12
2 0 -2448 1848 588 12
2 0 -2136 1575 546 15
2 0 -2080 1505 560 15
2 0 -2172 1624 532 16
0
0
2 0 252 -210 -42
0
2 0 -56 70 -14
0
2 0 252 -210 -42
2 0 308 -280 -28
0
0
0
1 -1680 378 1260 42
0
0
1 336 -210 -126
0
1 -168 210 -42
0
1 -1344 -140 1414 70
1 -1680 70 1540 70
1 -1512 126 1302 84
1 -1344 -84 1344 84
0
1 168 0 -168
0
1 336 -210 -126
1 -1176 -392 1456 112
1 -1344 -392 1624 112
1 -1176 -336 1386 126
1 -1512 -126 1512 126
0
1 168 0 -168
0
0
2 0 -2520 2310 210
0
2 0 420 -420
0
2 0 -2436 2100 336
2 0 -2856 2520 336
2 0 -2268 1890 378
0
2 0 420 -420
2 0 -2184 1680 504
2 0 -2604 2100 504
2 0 -2352 1680 672
0
1 -2520 1680 840
0
1 840 -840
1 -1680 420 1260
1 -2520 1260 1260
1 -1680 0 1680
0
2 0 -2520 2520
2 0 -3360 3360
1 -5040 5040

1 -1200 -304 1358 144 2
1 240 -24 -210 -6
1 0 -84 70 14
0
1 -1200 -348 1440 108
1 240 -60 -180
0
1 -1440 -348 1680 108
1 -1200 -360 1440 120
1 240 16 -240 -16
0
1 -1200 -260 1350 110
2 0 -2440 2118 320 2
2 0 216 -230 14
2 0 -8 -30 38
0
2 0 -2224 1760 454 10
2 0 304 -300 -4
0
2 0 -2352 1920 432
2 0 312 -270 -42
0
2 0 -2680 2250 430
2 0 -2224 1800 424
0
0
0
0
0
2 0 -2016 1368 616 32
2 0 400 -280 -120
0
2 0 -2016 1452 546 18
0
2 0 -2464 1784 664 16
0
0
2 0 -2592 1980 612
1 -1920 720 1170 30
1 240 -300 60
0
1 -1680 364 1260 56
1 240 -140 -100
0
1 -1680 372 1290 18
0
1 -1920 504 1400 16
0
0
0
0
1 -1440 160 1160 120
0
1 -1680 60 1560 60
0
0
0
0
0
1 -1440 -240 1440 240
0
2 0 -2640 2400 240
0
0
2 0 -2400 2100 300
0
2 0 -2880 2700 180
0
0
0
2 0 -2640 2240 400
0
0
0
0
1 -2400 1200 1200
0
1 -2400 1200 1200
0
0
0
0
2 0 -3600 3600
0
0
0

1 144 -288 74 68 2
1 -96 180 -54 -30
0
1 144 -36 -114 6
1 144 -252 66 42
0
1 0 348 -300 -48
1 144 56 -184 -16
1 240 -432 120 72
0
1 240 -180 -60
2 0 -408 330 78
2 0 168 -322 152 2
2 0 -24 30 -6
0
2 0 48 -112 62 2
2 0 96 -208 104 8
0
2 0 -72 30 42
2 0 192 -360 168
0
2 0 -120 210 -90
2 0 -48 0 48
0
0
0
0
0
2 0 480 -360 -120
2 0 48 -264 192 24
0
2 0 336 -360 24
0
2 0 384 -152 -224 -8
0
0
2 0 144 0 -144
1 -576 144 426 6
1 432 -684 228 24
0
1 -144 -116 244 16
1 432 -636 168 36
0
1 -144 -180 324
0
1 -576 568 16 -8
0
0
0
0
1 288 -384 72 24
0
1 -144 252 -96 -12
0
0
0
0
0
1 288 336 -528 -96
0
2 0 -1296 1200 96
2 0 96 -240 144
0
2 0 -768 660 108
0
2 0 -864 900 -36
0
0
0
2 0 -240 240
0
0
0
0
1 -1440 720 720
0
1 -1440 1200 240
0
0
0
0
2 0 -2160 2160
0
0
0

1 -96 60 -6 40 2
0
1 -96 168 -54 -18
1 -96 132 -54 18
0
1 0 -60 60
1 -96 64 16 16
1 0 40 0 -40
0
1 0 20 10 -30
2 0 16 -30 14
2 0 48 -110 62
2 0 -16 18 -4 2
0
2 0 112 -120 8
2 0 -16 -4 16 4
0
2 0 48 -30 -18
2 0 48 -90 42
0
2 0 40 20 -60
2 0 64 -40 -24
0
0
0
0
0
2 0 -96 -48 136 8
2 0 -16 176 -144 -16
0
2 0 0 36 -30 -6
0
2 0 -32 -120 152
0
0
2 0 -72 180 -108
1 -96 0 96
1 192 -312 108 12
0
1 96 -128 24 8
1 192 -304 108 4
0
1 96 -144 54 -6
0
1 -96 200 -104
0
0
0
0
1 288 -320 32
0
1 96 -48 -36 -12
0
0
0
0
0
1 288 -816 432 96
0
2 0 -384 360 24
2 0 48 -120 72
0
2 0 -144 120 24
0
2 0 -144 180 -36
0
0
0
2 0 144 -160 16
0
0
0
0
1 -480 240 240
0
1 -480 480
0
0
0
0
2 0 -720 720
0
0
0

1 180 -315 79 55 1
0
0
1 -60 99 -30 -9
0
0
0
1 36 -57 24 -3
0
0
0
0
2 0 -60 19 40 1
0
0
2 0 116 -256 134 6
0
0
2 0 -32 70 -38
0
0
2 0 356 -310 -46
2 0 240 -54 -180 -6
2 0 228 -180 -48
2 0 260 -250 -10
2 0 276 -240 -36
0
0
2 0 84 -230 136 10
0
2 0 -32 70 -38
0
2 0 84 -222 126 12
2 0 116 -292 164 12
0
0
0
1 -240 -42 270 12
0
0
1 336 -510 144 30
0
1 -168 270 -102
0
1 96 -140 34 10
1 -240 370 -110 -20
1 -72 18 42 12
1 96 -252 144 12
0
1 168 -288 72 48
0
1 336 -534 144 54
1 264 0 -264
1 96 288 -336 -48
1 264 -120 -144
1 -72 414 -288 -54
0
1 168 -312 72 72
0
0
2 0 -840 750 90
0
2 0 180 -300 120
0
2 0 -276 180 96
2 0 -456 480 -24
2 0 -468 360 108
0
2 0 180 -360 180
2 0 168 -240 72
2 0 -12 120 -108
2 0 480 -240 -240
0
1 -1080 600 480
0
1 840 -1200 360
1 -240 -300 540
1 -1080 900 180
1 -240 240
0
2 0 -1800 1800
2 0 -1200 1200
1 -3600 3600

1 -1296 -180 1338 135 3
1 144 24 -144 -24
0
1 -1440 -216 1530 126
1 -1296 -168 1356 108
1 240 -120 -120
0
1 -1200 -300 1365 135
2 0 -2400 2070 330
2 0 384 -390 6
2 0 -72 60 12
0
2 0 -2256 1764 486 6
2 0 336 -300 -36
0
2 0 -2304 1878 414 12
2 0 408 -360 -48
0
2 0 -2640 2130 510
2 0 -2160 1680 480
0
0
0
0
0
2 0 -2208 1680 528
2 0 288 -360 72
0
2 0 -2112 1512 582 18
0
2 0 -2400 1800 600
0
0
2 0 -2448 1854 558 36
1 -2016 864 1146 6
1 432 -420 -12
0
1 -1584 252 1284 48
1 432 -300 -132
0
1 -1584 324 1224 36
0
1 -2016 480 1536
0
0
0
0
1 -1152 -432 1512 72
0
1 -1584 -84 1584 84
0
0
0
0
0
1 -1152 -720 1872
0
2 0 -2736 2640 96
2 0 240 -240
0
2 0 -2352 2100 252
0
2 0 -3168 3060 108
0
0
0
2 0 -2784 2400 384
0
0
0
0
1 -2880 2160 720
0
1 -2880 1920 960
0
0
0
0
2 0 -2880 2880
0
0
0

1 144 -288 78 63 3
0
1 0 324 -270 -54
1 144 -12 -144 12
1 240 -372 60 72
0
1 240 -120 -120
2 0 -432 330 102
2 0 168 -300 132
2 0 -24 90 -66
0
2 0 72 -90 18
2 0 96 -246 144 6
0
2 0 -72 42 27 3
2 0 156 -369 204 9
0
2 0 -60 165 -105
2 0 -48 -60 108
0
0
0
0
0
2 0 456 -480 24
2 0 120 -240 120
0
2 0 336 -270 -66
0
2 0 288 -120 -168
0
0
2 0 216 18 -216 -18
1 -576 120 456
1 432 -576 138 6
0
1 -144 -72 204 12
1 432 -696 228 36
0
1 -144 -288 414 18
0
1 -576 480 96
0
0
0
0
1 288 -360 72
0
1 -144 384 -216 -24
0
0
0
0
0
1 288 0 -288
0
2 0 -1224 1200 24
2 0 168 -240 72
0
2 0 -768 660 108
0
2 0 -1008 990 18
0
0
0
2 0 -192 240 -48
0
0
0
0
1 -1440 1080 360
0
1 -1440 1200 240
0
0
0
0
2 0 -1440 1440
0
0
0

1 -60 57 -16 18 1
0
0
0
1 36 -39 9 -6
0
0
0
0
2 0 48 -30 -18
0
0
2 0 4 -22 16 2
0
0
2 0 -28 15 8 5
0
0
2 0 -44 8 34 2
2 0 -48 30 18
2 0 -48 75 -27
2 0 -20 60 -35 -5
2 0 -60 60
0
0
2 0 -36 90 -54
0
2 0 -40 12 20 8
0
2 0 -36 60 -24
2 0 4 48 -44 -8
0
0
0
1 0 18 -20 2
0
0
1 96 -170 54 20
0
1 -168 210 -62 20
0
1 96 -100 -6 10
1 0 70 -60 -10
1 -72 150 -78
1 96 -60 -16 -20
0
1 -72 104 -48 16
0
1 96 -138 54 -12
1 24 -152 96 32
1 96 -256 144 16
1 24 -48 36 -12
1 -72 90 -18
0
1 -72 160 -48 -40
0
0
2 0 -120 90 30
0
2 0 60 -180 120
0
2 0 84 -140 56
2 0 24 40 -64
2 0 12 30 -42
0
2 0 60 -100 40
2 0 120 -160 40
2 0 60 -60
2 0 0 -240 240
0
1 -360 120 240
0
1 600 -960 360
1 240 -420 180
1 -360 540 -180
1 240 -320 80
0
2 0 -1080 1080
2 0 -240 240
1 -2160 2160

1 -1440 -180 1374 240 6
1 -1440 -240 1560 120
1 0 408 -360 -48
0
1 -1440 -300 1650 90
2 0 -2040 1800 240
2 0 360 -240 -120
2 0 -120 120
0
2 0 -2400 1980 420
2 0 240 -60 -180
0
2 0 -2160 1710 450
2 0 360 -180 -180
0
2 0 -2040 1440 570 30
2 0 -2400 2040 360
0
0
0
0
0
2 0 -2592 1920 672
2 0 240 0 -240
0
2 0 -2592 1980 612
0
2 0 -2400 1632 720 48
0
0
2 0 -2160 1386 720 54
1 -1440 720 720
1 0 360 -360
0
1 -1440 240 1200
1 0 480 -480
0
1 -1440 360 1080
0
1 -1440 360 960 120
0
0
0
0
1 -1440 -240 1680
0
1 -1440 0 1260 180
0
0
0
0
0
1 -1440 -480 1680 240
0
2 0 -1440 1440
2 0 720 -720
0
2 0 -2160 2160
0
2 0 -1440 1080 360
0
0
0
2 0 -2160 1680 480
0
0
0
0
1 -1440 1440
0
1 -1440 720 720
0
0
0
0
2 0 -720 720
0
0
0

1 -1296 -204 1372 124 4
1 240 -76 -160 -4
0
1 -1200 -300 1380 120
2 0 -2400 2040 360
2 0 384 -360 -24
2 0 -72 120 -48
0
2 0 -2256 1800 456
2 0 264 -240 -24
0
2 0 -2232 1788 432 12
2 0 336 -360 24
0
2 0 -2640 2160 480
2 0 -2160 1668 480 12
0
0
0
0
0
2 0 -2136 1504 616 16
2 0 264 -120 -144
0
2 0 -2040 1440 600
0
2 0 -2400 1744 640 16
0
0
2 0 -2376 1800 576
1 -2016 840 1176
1 432 -240 -192
0
1 -1584 216 1344 24
1 432 -360 -72
0
1 -1584 288 1224 72
0
1 -2016 456 1536 24
0
0
0
0
1 -1152 -408 1512 48
0
1 -1584 -48 1584 48
0
0
0
0
0
1 -1152 -672 1632 192
0
2 0 -2664 2640 24
2 0 600 -600
0
2 0 -2496 2280 216
0
2 0 -3096 2880 216
0
0
0
2 0 -2928 2640 288
0
0
0
0
1 -2880 2520 360
0
1 -2880 1920 960
0
0
0
0
2 0 -2160 2160
0
0
0

1 240 -476 156 76 4
0
1 240 -180 -80 20
2 0 -448 360 88
2 0 96 -160 64
2 0 -8 80 -72
0
2 0 -16 0 16
2 0 136 -280 144
0
2 0 -120 60 60
2 0 96 -252 144 12
0
2 0 -160 220 -60
2 0 -112 -4 112 4
0
0
0
0
0
2 0 456 -280 -176
2 0 136 -416 264 16
0
2 0 360 -360
0
2 0 416 -152 -256 -8
0
0
2 0 216 0 -216
1 -480 120 360
1 240 -240
0
1 -240 40 200
1 240 -424 160 24
0
1 -240 -144 360 24
0
1 -480 312 160 8
0
0
0
0
1 0 24 -40 16
0
1 -240 384 -120 -24
0
0
0
0
0
1 0 816 -720 -96
0
2 0 -840 840
2 0 216 -240 24
0
2 0 -672 600 72
0
2 0 -792 720 72
0
0
0
2 0 -336 400 -64
0
0
0
0
1 -960 840 120
0
1 -960 720 240
0
0
0
0
2 0 -720 720
0
0
0

1 36 -75 28 10 1
0
0
0
0
2 0 -24 30 -6
0
0
2 0 -12 30 -18
0
0
2 0 -12 -3 12 3
0
0
2 0 12 0 -12
2 0 24 -30 6
2 0 -12 -18 27 3
2 0 0 -15 15
2 0 36 -16 -16 -4
0
0
2 0 12 -44 28 4
0
2 0 24 6 -24 -6
0
2 0 12 6 -12 -6
2 0 -12 0 12
0
0
0
1 0 30 -30
0
0
1 0 -6 0 6
0
1 -72 78 -18 12
0
1 0 -36 30 6
1 0 -30 30
1 -72 90 -18
1 0 12 0 -12
0
1 -72 120 -48
0
1 0 18 0 -18
1 -72 176 -88 -16
1 0 56 -40 -16
1 -72 72 -18 18
1 -72 54 -18 36
0
1 -72 72 -48 48
0
0
2 0 24 -30 6
0
2 0 12 -60 48
0
2 0 36 -60 24
2 0 24 0 -24
2 0 36 0 -36
0
2 0 12 0 -12
2 0 -24 0 24
2 0 -36 0 36
2 0 -48 240 -192
0
1 -72 0 72
0
1 216 -360 144
1 144 -180 36
1 -72 180 -108
1 144 -240 96
0
2 0 -360 360
0
1 -720 720

1 -1200 -240 1290 145 5
2 0 -2440 2100 340
2 0 360 -280 -80
2 0 -80 140 -60
0
2 0 -2320 1860 460
2 0 280 -220 -60
0
2 0 -2280 1770 510
2 0 360 -360
0
2 0 -2680 2180 490 10
2 0 -2320 1860 440 20
0
0
0
0
0
2 0 -2040 1520 520
2 0 280 -360 80
0
2 0 -2040 1500 510 30
0
2 0 -2560 2040 520
0
0
2 0 -2520 1890 630
1 -1920 840 1080
1 240 120 -360
0
1 -1680 280 1400
1 240 -40 -200
0
1 -1680 360 1260 60
0
1 -1920 480 1360 80
0
0
0
0
1 -1440 40 1320 80
0
1 -1680 0 1620 60
0
0
0
0
0
1 -1440 -240 1680
0
2 0 -2280 2280
2 0 840 -840
0
2 0 -2640 2520 120
0
2 0 -2520 2160 360
0
0
0
2 0 -2880 2560 320
0
0
0
0
1 -2400 2280 120
0
1 -2400 1440 960
0
0
0
0
2 0 -1440 1440
0
0
0

1 -1200 -480 1518 160 2
1 -240 16 210 14
1 0 32 -30 -2
0
1 -1440 -64 1410 94
1 -240 -16 240 16
0
1 -1440 -72 1410 102
1 -240 -48 270 18
0
1 -1200 -80 1200 80
1 -1440 -104 1440 104
0
0
0
0
0
1 -1680 328 1320 32
1 -240 -40 280
0
1 -1680 312 1350 18
0
1 -1440 344 1080 16
0
0
1 -1440 360 1080
2 0 -2160 1320 810 30
2 0 -360 300 60
0
2 0 -2280 1604 660 16
2 0 -360 260 100
0
2 0 -2280 1572 690 18
0
2 0 -1920 1304 600 16
0
0
0
0
2 0 -2400 1880 520
0
2 0 -2040 1620 420
0
0
0
0
0
2 0 -2160 1920 240
0
1 -720 -1440 1920 240
1 -240 0 240
0
1 -960 -1080 1860 180
0
1 -720 -1080 1620 180
0
0
0
1 -960 -720 1600 80
0
0
0
0
2 0 -2400 1200 1200
0
2 0 -2160 1200 960
0
0
0
0
1 0 -3600 3600
0
0
0

1 144 -320 94 80 2
1 96 -176 54 26
0
1 -96 -16 106 6
1 240 -400 100 60
0
0
1 144 -216 36 36
0
1 -240 480 -200 -40
1 -96 216 -104 -16
0
0
0
0
0
1 144 -200 56
1 240 -344 80 24
0
1 144 0 -144
0
1 -96 408 -304 -8
0
0
1 0 360 -360
2 0 -720 504 210 6
2 0 72 -324 228 24
0
2 0 -504 380 124
2 0 72 -212 128 12
0
2 0 -312 300 12
0
2 0 -288 408 -112 -8
0
0
0
0
2 0 -288 280 8
0
2 0 -168 300 -132
0
0
0
0
0
2 0 -144 240 -96
0
1 -432 -576 912 96
1 -144 96 -96 144
0
1 -576 24 516 36
0
1 -432 216 252 -36
0
0
0
1 -576 432 176 -32
0
0
0
0
2 0 -1440 720 720
0
2 0 -1296 1200 96
0
0
0
0
1 0 -2160 2160
0
0
0

1 48 -96 30 16 2
0
1 96 -136 24 16
1 144 -232 96 -8
0
1 144 -144 6 -6
1 96 -120 54 -30
0
1 0 80 -80
1 96 -16 -56 -24
0
0
0
0
0
1 240 -368 120 8
1 144 -224 96 -16
0
1 240 -384 150 -6
0
1 96 -200 104
0
0
1 144 -360 216
2 0 -144 120 24
2 0 72 -192 108 12
0
2 0 -24 -4 24 4
2 0 72 -132 68 -8
0
2 0 72 -24 -42 -6
0
2 0 48 40 -88
0
0
0
0
2 0 96 -160 64
0
2 0 120 -180 60
0
0
0
0
0
2 0 144 -240 96
0
1 -144 -144 264 24
1 -48 48 -72 72
0
1 -192 120 72
0
1 -144 216 -36 -36
0
0
0
1 -192 288 -128 32
0
0
0
0
2 0 -480 240 240
0
2 0 -432 480 -48
0
0
0
0
1 0 -720 720
0
0
0

1 -1440 0 1339 100 1
0
0
1 0 -52 50 2
0
0
1 0 52 -50 -2
0
0
1 -1440 8 1370 62
1 -1440 60 1320 60
1 -1440 12 1350 78
1 -1440 -40 1400 80
1 -1440 36 1320 84
0
0
1 0 -80 70 10
0
1 0 60 -60
0
1 0 -72 60 12
1 0 -132 120 12
0
0
0
2 0 -2280 1758 510 12
0
0
2 0 -24 30 -6
0
2 0 72 -60 -12
0
2 0 -2304 1840 454 10
2 0 -2280 1810 460 10
2 0 -2232 1728 492 12
2 0 -2304 1788 504 12
0
2 0 -24 0 24
0
2 0 -96 60 36
2 0 -2328 1920 408
2 0 -2304 1920 384
2 0 -2328 1860 468
2 0 -2232 1800 432
0
2 0 -72 0 72
0
0
1 -1440 -120 1470 90
0
1 0 60 -60
0
1 -1440 -36 1380 96
1 -1440 -96 1440 96
1 -1440 -108 1440 108
0
1 0 -60 60
1 -1440 -72 1440 72
1 -1440 -12 1380 72
1 -1440 0 1440
0
2 0 -2520 2040 480
0
2 0 120 -120
2 0 -2400 1860 540
2 0 -2520 1980 540
2 0 -2400 1920 480
0
1 -1440 -360 1800
1 -1440 -480 1920
2 0 -4320 4320

1 -1536 160 1264 110 2
1 0 -64 60 4
0
1 -1440 0 1350 90
1 -96 72 36 -12
0
1 -1440 0 1370 70
1 -1536 96 1376 64
0
0
0
0
0
1 -1536 256 1176 104
1 0 -64 40 24
0
1 -1536 144 1296 96
0
1 -1536 112 1376 48
0
0
1 -1440 -72 1440 72
2 0 -2400 1824 570 6
2 0 -240 180 60
0
2 0 -2256 1724 516 16
2 0 -240 260 -20
0
2 0 -2352 1860 492
0
2 0 -2304 1840 464
0
0
0
0
2 0 -2304 1856 424 24
0
2 0 -2256 1788 456 12
0
0
0
0
0
2 0 -2304 1920 384
0
1 -1152 -816 1872 96
1 -384 240 144
0
1 -1536 -48 1476 108
0
1 -1152 -576 1692 36
0
0
0
1 -1536 192 1216 128
0
0
0
0
2 0 -2880 2160 720
0
2 0 -2496 1920 576
0
0
0
0
1 0 -2880 2880
0
0
0

1 384 -608 184 38 2
0
1 144 -240 96
1 240 -384 90 54
0
1 -240 440 -170 -30
1 0 -40 40
0
0
0
0
0
1 384 -368 -24 8
1 384 -544 136 24
0
1 384 -288 -84 -12
0
1 0 304 -280 -24
0
0
1 144 216 -324 -36
2 0 -768 600 168
2 0 96 -276 174 6
0
2 0 -480 416 60 4
2 0 96 -232 124 12
0
2 0 -336 240 96
0
2 0 -432 520 -88
0
0
0
0
2 0 -96 80 16
0
2 0 0 96 -90 -6
0
0
0
0
0
2 0 288 -240 -48
0
1 -576 -264 816 24
1 -192 168 -48 72
0
1 -768 384 348 36
0
1 -576 288 306 -18
0
0
0
1 -768 816 -32 -16
0
0
0
0
2 0 -1440 1080 360
0
2 0 -1248 1200 48
0
0
0
0
1 0 -1440 1440
0
0
0

1 240 -404 114 49 1
0
0
1 0 -4 0 4
0
0
1 240 -132 -110 2
1 0 360 -330 -30
1 240 -60 -180
1 240 -80 -150 -10
1 240 -120 -120
0
0
1 240 -372 90 42
0
1 0 -16 0 16
0
1 240 -396 105 51
1 240 -376 100 36
0
0
0
2 0 -400 318 80 2
0
0
2 0 96 -250 144 10
0
2 0 -8 0 8
0
2 0 -64 40 24
2 0 -40 160 -115 -5
2 0 -12 -15 27
2 0 -64 60 4
0
2 0 136 -298 154 8
0
2 0 84 -219 126 9
2 0 288 -320 32
2 0 224 -80 -144
2 0 312 -270 -42
2 0 360 -180 -180
0
2 0 160 -280 120
0
0
1 -480 0 450 30
0
1 240 -420 120 60
0
1 -240 -36 260 16
1 -480 464 40 -24
1 -240 12 210 18
0
1 240 -380 80 60
1 0 -80 80
1 -240 420 -150 -30
1 0 240 -240
0
2 0 -1200 960 240
0
2 0 240 -480 240
2 0 -720 540 180
2 0 -720 720
2 0 -480 560 -80
0
1 -960 -240 1200
1 -960 480 480
2 0 -2880 2880

1 -1296 -144 1338 99 3
1 0 -96 90 6
0
1 -1440 -60 1425 75
1 -1440 -48 1380 108
0
0
0
0
0
1 -1296 -264 1536 24
1 144 -360 216
0
1 -1296 -312 1566 42
0
1 -1440 72 1320 48
0
0
1 -1296 -72 1296 72
2 0 -2448 1920 528
2 0 0 30 -30
0
2 0 -2232 1728 492 12
2 0 -72 60 12
0
2 0 -2376 1872 486 18
0
2 0 -2448 1920 528
0
0
0
0
2 0 -2304 1800 504
0
2 0 -2376 1968 396 12
0
0
0
0
0
2 0 -2448 2160 288
0
1 -1296 -504 1776 24
1 -432 600 -168
0
1 -1728 312 1308 108
0
1 -1296 -504 1746 54
0
0
0
1 -1728 384 1248 96
0
0
0
0
2 0 -2880 2520 360
0
2 0 -2448 1920 528
0
0
0
0
1 0 -2160 2160
0
0
0

1 144 -324 123 54 3
0
1 -240 360 -90 -30
1 -96 -24 96 24
0
0
0
0
0
1 144 0 -144
1 240 -384 120 24
0
1 144 96 -234 -6
0
1 -96 504 -384 -24
0
0
1 0 576 -540 -36
2 0 -624 480 144
2 0 96 -150 54
0
2 0 -456 420 36
2 0 72 -192 108 12
0
2 0 -408 264 138 6
0
2 0 -480 480
0
0
0
0
2 0 -192 240 -48
0
2 0 -120 276 -150 -6
0
0
0
0
0
2 0 144 0 -144
0
1 -432 -120 552
1 -144 216 -96 24
0
1 -576 264 276 36
0
1 -432 72 342 18
0
0
0
1 -576 528 96 -48
0
0
0
0
2 0 -960 840 120
0
2 0 -816 720 96
0
0
0
0
1 0 -720 720
0
0
0

1 -96 96 -25 24 1
0
0
1 0 -40 30 10
1 0 -60 60
1 -96 84 6 6
1 0 0 20 -20
1 -96 132 -24 -12
0
0
1 -96 144 -54 6
0
1 -96 132 -44 8
0
1 -96 168 -54 -18
1 0 28 0 -28
0
0
0
2 0 40 -30 -10
0
0
2 0 24 -94 66 4
0
2 0 -40 12 20 8
0
2 0 64 -112 46 2
2 0 40 -10 -30
2 0 48 -30 -18
2 0 64 4 -64 -4
0
2 0 8 -20 12
0
2 0 24 6 -24 -6
2 0 24 -80 56
2 0 -32 0 32
2 0 -24 0 24
2 0 -72 0 72
0
2 0 8 0 -8
0
0
1 -96 24 66 6
0
1 192 -348 108 48
0
1 96 -156 44 16
1 -96 256 -144 -16
1 96 -36 -36 -24
0
1 192 -292 108 -8
1 288 -408 112 8
1 96 -132 24 12
1 288 -480 192
0
2 0 -456 360 96
0
2 0 168 -360 192
2 0 -96 60 36
2 0 -72 180 -108
2 0 96 -160 64
0
1 -480 -120 600
1 -480 480
2 0 -1440 1440

1 -1200 -40 1040 195 5
1 -1440 -40 1380 100
0
0
0
0
0
1 -1680 40 1640
1 -240 280 -40
0
1 -1680 0 1620 60
0
1 -1440 120 1160 160
0
0
1 -1440 0 1260 180
2 0 -1680 1320 360
2 0 120 60 -180
0
2 0 -2040 1640 400
2 0 -120 280 -160
0
2 0 -2040 1560 480
0
2 0 -1440 840 560 40
0
0
0
0
2 0 -2400 1960 440
0
2 0 -1800 1200 570 30
0
0
0
0
0
2 0 -2160 1680 480
0
1 -720 -240 960
1 -240 720 -480
0
1 -960 -360 1320
0
1 -720 -360 900 180
0
0
0
1 -960 -240 1040 160
0
0
0
0
2 0 -1440 1440
0
2 0 -1200 720 480
0
0
0
0
1 0 -720 720
0
0
0

1 -1536 32 1372 128 4
0
0
0
0
0
1 -1536 232 1256 48
1 0 -136 120 16
0
1 -1536 168 1296 72
0
1 -1536 144 1376 16
0
0
1 -1440 0 1440
2 0 -2304 1800 504
2 0 144 0 -144
0
2 0 -2352 1880 472
2 0 -48 40 8
0
2 0 -2448 1896 528 24
0
2 0 -2208 1584 608 16
0
0
0
0
2 0 -2592 2264 312 16
0
2 0 -2352 1920 432
0
0
0
0
0
2 0 -2592 2400 192
0
1 -1152 -360 1512
1 -384 840 -456
0
1 -1536 48 1416 72
0
1 -1152 -504 1512 144
0
0
0
1 -1536 96 1376 64
0
0
0
0
2 0 -2400 2280 120
0
2 0 -2016 1440 576
0
0
0
0
1 0 -1440 1440
0
0
0

1 -1200 -304 1358 144 2
1 -1440 -348 1680 108
1 -1200 -348 1440 108
1 -1200 -260 1350 110
1 -1200 -360 1440 120
0
0
1 240 -24 -210 -6
0
1 0 -84 70 14
0
1 240 -60 -180
1 240 16 -240 -16
0
0
0
2 0 -2440 2118 320 2
0
0
2 0 216 -230 14
0
2 0 -8 -30 38
0
2 0 -2224 1760 454 10
2 0 -2680 2250 430
2 0 -2352 1920 432
2 0 -2224 1800 424
0
2 0 304 -300 -4
0
2 0 312 -270 -42
2 0 -2016 1368 616 32
2 0 -2464 1784 664 16
2 0 -2016 1452 546 18
2 0 -2592 1980 612
0
2 0 400 -280 -120
0
0
1 -1920 720 1170 30
0
1 240 -300 60
0
1 -1680 364 1260 56
1 -1920 504 1400 16
1 -1680 372 1290 18
0
1 240 -140 -100
1 -1440 160 1160 120
1 -1680 60 1560 60
1 -1440 -240 1440 240
0
2 0 -2640 2400 240
0
0
2 0 -2400 2100 300
2 0 -2880 2700 180
2 0 -2640 2240 400
0
1 -2400 1200 1200
1 -2400 1200 1200
2 0 -3600 3600

1 -1440 -180 1374 240 6
1 -1440 -216 1530 126
1 -1440 -300 1650 90
1 -1440 -240 1560 120
0
0
1 0 348 -300 -48
0
1 0 -60 60
0
1 0 324 -270 -54
1 0 408 -360 -48
0
0
0
2 0 -2040 1800 240
0
0
2 0 360 -240 -120
0
2 0 -120 120
0
2 0 -2400 1980 420
2 0 -2040 1440 570 30
2 0 -2160 1710 450
2 0 -2400 2040 360
0
2 0 240 -60 -180
0
2 0 360 -180 -180
2 0 -2592 1920 672
2 0 -2400 1632 720 48
2 0 -2592 1980 612
2 0 -2160 1386 720 54
0
2 0 240 0 -240
0
0
1 -1440 720 720
0
1 0 360 -360
0
1 -1440 240 1200
1 -1440 360 960 120
1 -1440 360 1080
0
1 0 480 -480
1 -1440 -240 1680
1 -1440 0 1260 180
1 -1440 -480 1680 240
0
2 0 -1440 1440
0
2 0 720 -720
2 0 -2160 2160
2 0 -1440 1080 360
2 0 -2160 1680 480
0
1 -1440 1440
1 -1440 720 720
2 0 -720 720

1 -1296 -180 1338 135 3
1 -1200 -300 1365 135
1 -1296 -168 1356 108
0
0
1 144 -36 -114 6
0
1 -96 168 -54 -18
0
1 144 24 -144 -24
1 240 -120 -120
0
0
0
2 0 -2400 2070 330
0
0
2 0 384 -390 6
0
2 0 -72 60 12
0
2 0 -2256 1764 486 6
2 0 -2640 2130 510
2 0 -2304 1878 414 12
2 0 -2160 1680 480
0
2 0 336 -300 -36
0
2 0 408 -360 -48
2 0 -2208 1680 528
2 0 -2400 1800 600
2 0 -2112 1512 582 18
2 0 -2448 1854 558 36
0
2 0 288 -360 72
0
0
1 -2016 864 1146 6
0
1 432 -420 -12
0
1 -1584 252 1284 48
1 -2016 480 1536
1 -1584 324 1224 36
0
1 432 -300 -132
1 -1152 -432 1512 72
1 -1584 -84 1584 84
1 -1152 -720 1872
0
2 0 -2736 2640 96
0
2 0 240 -240
2 0 -2352 2100 252
2 0 -3168 3060 108
2 0 -2784 2400 384
0
1 -2880 2160 720
1 -2880 1920 960
2 0 -2880 2880

1 -1200 -240 1290 145 5
1 -1200 -300 1380 120
0
0
1 240 -180 -60
0
1 0 20 10 -30
0
1 240 -120 -120
1 240 -180 -80 20
0
0
0
2 0 -2440 2100 340
0
0
2 0 360 -280 -80
0
2 0 -80 140 -60
0
2 0 -2320 1860 460
2 0 -2680 2180 490 10
2 0 -2280 1770 510
2 0 -2320 1860 440 20
0
2 0 280 -220 -60
0
2 0 360 -360
2 0 -2040 1520 520
2 0 -2560 2040 520
2 0 -2040 1500 510 30
2 0 -2520 1890 630
0
2 0 280 -360 80
0
0
1 -1920 840 1080
0
1 240 120 -360
0
1 -1680 280 1400
1 -1920 480 1360 80
1 -1680 360 1260 60
0
1 240 -40 -200
1 -1440 40 1320 80
1 -1680 0 1620 60
1 -1440 -240 1680
0
2 0 -2280 2280
0
2 0 840 -840
2 0 -2640 2520 120
2 0 -2520 2160 360
2 0 -2880 2560 320
0
1 -2400 2280 120
1 -2400 1440 960
2 0 -1440 1440

1 -1296 -204 1372 124 4
0
0
1 144 56 -184 -16
0
1 -96 64 16 16
0
1 144 -12 -144 12
1 240 -76 -160 -4
0
0
0
2 0 -2400 2040 360
0
0
2 0 384 -360 -24
0
2 0 -72 120 -48
0
2 0 -2256 1800 456
2 0 -2640 2160 480
2 0 -2232 1788 432 12
2 0 -2160 1668 480 12
0
2 0 264 -240 -24
0
2 0 336 -360 24
2 0 -2136 1504 616 16
2 0 -2400 1744 640 16
2 0 -2040 1440 600
2 0 -2376 1800 576
0
2 0 264 -120 -144
0
0
1 -2016 840 1176
0
1 432 -240 -192
0
1 -1584 216 1344 24
1 -2016 456 1536 24
1 -1584 288 1224 72
0
1 432 -360 -72
1 -1152 -408 1512 48
1 -1584 -48 1584 48
1 -1152 -672 1632 192
0
2 0 -2664 2640 24
0
2 0 600 -600
2 0 -2496 2280 216
2 0 -3096 2880 216
2 0 -2928 2640 288
0
1 -2880 2520 360
1 -2880 1920 960
2 0 -2160 2160

1 -1152 -336 1224 256 8
1 384 112 -424 -72
0
1 -1152 -240 1272 120
0
1 -1536 -224 1536 224
0
0
1 -1296 -720 2016
2 0 -2592 2280 312
2 0 -144 120 24
0
2 0 -2304 1912 384 8
2 0 0 40 -40
0
2 0 -2544 2280 264
0
2 0 -2736 2480 256
0
0
0
0
2 0 -1920 1456 440 24
0
2 0 -2688 2280 408
0
0
0
0
0
2 0 -2304 1344 864 96
0
1 -1728 216 1488 24
1 -576 600 -24
0
1 -2304 1248 984 72
0
1 -1728 360 1368
0
0
0
1 -2304 1248 944 112
0
0
0
0
2 0 -2880 2520 360
0
2 0 -2304 1920 384
0
0
0
0
1 0 -2160 2160
0
0
0

1 384 -848 328 128 8
0
1 384 -384 -24 24
0
1 0 656 -560 -96
0
0
1 144 0 -144
2 0 -672 600 72
2 0 48 -120 72
0
2 0 -480 440 40
2 0 96 -168 64 8
0
2 0 -432 360 72
0
2 0 -528 560 -32
0
0
0
0
2 0 0 -48 40 8
0
2 0 -96 120 -24
0
0
0
0
0
2 0 1152 -672 -432 -48
0
1 -576 120 456
1 -192 216 -48 24
0
1 -768 576 168 24
0
1 -576 360 216
0
0
0
1 -768 736 48 -16
0
0
0
0
2 0 -960 840 120
0
2 0 -768 720 48
0
0
0
0
1 0 -720 720
0
0
0

1 144 -288 74 68 2
0
1 -96 180 -54 -30
0
1 144 -252 66 42
1 240 -432 120 72
0
0
0
2 0 -408 330 78
0
0
2 0 168 -322 152 2
0
2 0 -24 30 -6
0
2 0 48 -112 62 2
2 0 -120 210 -90
2 0 -72 30 42
2 0 -48 0 48
0
2 0 96 -208 104 8
0
2 0 192 -360 168
2 0 480 -360 -120
2 0 384 -152 -224 -8
2 0 336 -360 24
2 0 144 0 -144
0
2 0 48 -264 192 24
0
0
1 -576 144 426 6
0
1 432 -684 228 24
0
1 -144 -116 244 16
1 -576 568 16 -8
1 -144 -180 324
0
1 432 -636 168 36
1 288 -384 72 24
1 -144 252 -96 -12
1 288 336 -528 -96
0
2 0 -1296 1200 96
0
2 0 96 -240 144
2 0 -768 660 108
2 0 -864 900 -36
2 0 -240 240
0
1 -1440 720 720
1 -1440 1200 240
2 0 -2160 2160

1 -1152 -240 1236 150 6
0
1 -1536 -192 1656 72
0
0
1 -1296 -648 1836 108
2 0 -2496 2280 216
2 0 96 -60 -36
0
2 0 -2400 2040 360
2 0 288 -240 -48
0
2 0 -2640 2424 210 6
0
2 0 -2640 2280 360
0
0
0
0
2 0 -2208 1776 408 24
0
2 0 -2784 2328 444 12
0
0
0
0
0
2 0 -2592 2160 432
0
1 -1728 600 1128
1 -576 840 -264
0
1 -2304 1392 864 48
0
1 -1728 504 1188 36
0
0
0
1 -2304 1104 1104 96
0
0
0
0
2 0 -2400 2280 120
0
2 0 -1824 1440 384
0
0
0
0
1 0 -1440 1440
0
0
0

1 -96 60 -6 40 2
0
1 -96 132 -54 18
1 0 40 0 -40
0
0
0
2 0 16 -30 14
0
0
2 0 48 -110 62
0
2 0 -16 18 -4 2
0
2 0 112 -120 8
2 0 40 20 -60
2 0 48 -30 -18
2 0 64 -40 -24
0
2 0 -16 -4 16 4
0
2 0 48 -90 42
2 0 -96 -48 136 8
2 0 -32 -120 152
2 0 0 36 -30 -6
2 0 -72 180 -108
0
2 0 -16 176 -144 -16
0
0
1 -96 0 96
0
1 192 -312 108 12
0
1 96 -128 24 8
1 -96 200 -104
1 96 -144 54 -6
0
1 192 -304 108 4
1 288 -320 32
1 96 -48 -36 -12
1 288 -816 432 96
0
2 0 -384 360 24
0
2 0 48 -120 72
2 0 -144 120 24
2 0 -144 180 -36
2 0 144 -160 16
0
1 -480 240 240
1 -480 480
2 0 -720 720

1 -1536 -272 1528 272 8
0
0
1 -1440 -216 1440 216
2 0 -1824 1680 144
2 0 192 -120 -72
0
2 0 -2112 1840 272
2 0 288 -160 -128
0
2 0 -2208 2040 168
0
2 0 -1728 1272 448 8
0
0
0
0
2 0 -2592 2240 352
0
2 0 -2112 1536 552 24
0
0
0
0
0
2 0 -2592 1584 912 96
0
1 -1152 480 672
1 -384 720 -336
0
1 -1536 720 816
0
1 -1152 288 792 72
0
0
0
1 -1536 432 976 128
0
0
0
0
2 0 -1440 1440
0
2 0 -1056 720 336
0
0
0
0
1 0 -720 720
0
0
0

1 144 -288 78 63 3
1 240 -372 60 72
0
0
0
2 0 -432 330 102
0
0
2 0 168 -300 132
0
2 0 -24 90 -66
0
2 0 72 -90 18
2 0 -60 165 -105
2 0 -72 42 27 3
2 0 -48 -60 108
0
2 0 96 -246 144 6
0
2 0 156 -369 204 9
2 0 456 -480 24
2 0 288 -120 -168
2 0 336 -270 -66
2 0 216 18 -216 -18
0
2 0 120 -240 120
0
0
1 -576 120 456
0
1 432 -576 138 6
0
1 -144 -72 204 12
1 -576 480 96
1 -144 -288 414 18
0
1 432 -696 228 36
1 288 -360 72
1 -144 384 -216 -24
1 288 0 -288
0
2 0 -1224 1200 24
0
2 0 168 -240 72
2 0 -768 660 108
2 0 -1008 990 18
2 0 -192 240 -48
0
1 -1440 1080 360
1 -1440 1200 240
2 0 -1440 1440

1 240 -476 156 76 4
0
0
0
2 0 -448 360 88
0
0
2 0 96 -160 64
0
2 0 -8 80 -72
0
2 0 -16 0 16
2 0 -160 220 -60
2 0 -120 60 60
2 0 -112 -4 112 4
0
2 0 136 -280 144
0
2 0 96 -252 144 12
2 0 456 -280 -176
2 0 416 -152 -256 -8
2 0 360 -360
2 0 216 0 -216
0
2 0 136 -416 264 16
0
0
1 -480 120 360
0
1 240 -240
0
1 -240 40 200
1 -480 312 160 8
1 -240 -144 360 24
0
1 240 -424 160 24
1 0 24 -40 16
1 -240 384 -120 -24
1 0 816 -720 -96
0
2 0 -840 840
0
2 0 216 -240 24
2 0 -672 600 72
2 0 -792 720 72
2 0 -336 400 -64
0
1 -960 840 120
1 -960 720 240
2 0 -720 720

1 -1296 -288 1278 288 18
2 0 -1872 1800 72
2 0 216 -180 -36
0
2 0 -2088 1800 288
2 0 504 -360 -144
0
2 0 -2232 2160 72
0
2 0 -1872 1440 432
0
0
0
0
2 0 -2592 2160 432
0
2 0 -2232 1584 612 36
0
0
0
0
0
2 0 -2736 2160 576
0
1 -1296 720 576
1 -432 720 -288
0
1 -1728 1080 648
0
1 -1296 504 756 36
0
0
0
1 -1728 576 1008 144
0
0
0
0
2 0 -1440 1440
0
2 0 -1008 720 288
0
0
0
0
1 0 -720 720
0
0
0

1 -576 -1584 1800 354 6
1 -288 -360 588 60
0
1 -864 -1224 1884 204
1 -288 -216 468 36
0
1 -864 -1080 1764 180
0
1 -576 -864 1296 144
0
0
0
0
1 -1152 -672 1752 72
0
1 -864 -456 1284 36
0
0
0
0
0
1 -1152 0 1152
0
2 0 -1728 144 1488 96
2 0 -576 240 336
0
2 0 -2016 744 1236 36
0
2 0 -1440 504 900 36
0
0
0
2 0 -1728 960 768
0
0
0
0
1 0 -2880 2160 720
0
1 0 -2304 1920 384
0
0
0
0
2 0 0 -2880 2880
0
0
0

1 -144 36 -72 174 6
0
1 -432 36 372 24
1 -144 108 -36 72
0
1 -432 396 72 -36
0
1 -288 432 -72 -72
0
0
0
0
1 -576 480 96
0
1 -432 588 -138 -18
0
0
0
0
0
1 -576 720 -144
0
2 0 -864 216 624 24
2 0 -288 168 48 72
0
2 0 -1008 780 228
0
2 0 -720 828 -90 -18
0
0
0
2 0 -864 960 -96
0
0
0
0
1 0 -1440 1080 360
0
1 0 -1152 1200 -48
0
0
0
0
2 0 0 -1440 1440
0
0
0

1 -1200 -480 1518 160 2
0
0
1 -240 16 210 14
0
1 0 32 -30 -2
0
1 -1440 -64 1410 94
1 -1200 -80 1200 80
1 -1440 -72 1410 102
1 -1440 -104 1440 104
0
1 -240 -16 240 16
0
1 -240 -48 270 18
1 -1680 328 1320 32
1 -1440 344 1080 16
1 -1680 312 1350 18
1 -1440 360 1080
0
1 -240 -40 280
0
0
2 0 -2160 1320 810 30
0
2 0 -360 300 60
0
2 0 -2280 1604 660 16
2 0 -1920 1304 600 16
2 0 -2280 1572 690 18
0
2 0 -360 260 100
2 0 -2400 1880 520
2 0 -2040 1620 420
2 0 -2160 1920 240
0
1 -720 -1440 1920 240
0
1 -240 0 240
1 -960 -1080 1860 180
1 -720 -1080 1620 180
1 -960 -720 1600 80
0
2 0 -2400 1200 1200
2 0 -2160 1200 960
1 0 -3600 3600

1 -1296 -396 1532 156 4
1 -432 156 272 4
0
1 -1296 -372 1536 132
0
1 -864 -720 1504 80
0
0
0
0
1 -1728 384 1208 136
0
1 -1296 84 1116 96
0
0
0
0
0
1 -1728 864 768 96
0
2 0 -2160 936 1200 24
2 0 -720 600 120
0
2 0 -2448 1644 768 36
0
2 0 -1728 900 828
0
0
0
2 0 -2016 1488 496 32
0
0
0
0
1 0 -2880 2520 360
0
1 0 -2160 1920 240
0
0
0
0
2 0 0 -2160 2160
0
0
0

1 -144 148 -60 52 4
0
1 -432 324 72 36
0
1 -288 192 128 -32
0
0
0
0
1 -576 608 -24 -8
0
1 -432 588 -108 -48
0
0
0
0
0
1 -576 768 -144 -48
0
2 0 -720 360 360
2 0 -240 216 0 24
0
2 0 -816 708 96 12
0
2 0 -576 540 36
0
0
0
2 0 -672 736 -48 -16
0
0
0
0
1 0 -960 840 120
0
1 0 -720 720
0
0
0
0
2 0 0 -720 720
0
0
0

1 144 -320 94 80 2
0
1 96 -176 54 26
0
1 -96 -16 106 6
1 -240 480 -200 -40
0
1 -96 216 -104 -16
0
1 240 -400 100 60
0
1 144 -216 36 36
1 144 -200 56
1 -96 408 -304 -8
1 144 0 -144
1 0 360 -360
0
1 240 -344 80 24
0
0
2 0 -720 504 210 6
0
2 0 72 -324 228 24
0
2 0 -504 380 124
2 0 -288 408 -112 -8
2 0 -312 300 12
0
2 0 72 -212 128 12
2 0 -288 280 8
2 0 -168 300 -132
2 0 -144 240 -96
0
1 -432 -576 912 96
0
1 -144 96 -96 144
1 -576 24 516 36
1 -432 216 252 -36
1 -576 432 176 -32
0
2 0 -1440 720 720
2 0 -1296 1200 96
1 0 -2160 2160

1 -1296 -444 1560 174 6
0
1 -864 -768 1464 168
0
0
0
0
1 -1728 288 1368 72
0
1 -1296 -36 1296 36
0
0
0
0
0
1 -1728 720 1008
0
2 0 -2016 1080 936
2 0 -672 840 -168
0
2 0 -2256 1524 696 36
0
2 0 -1584 684 864 36
0
0
0
2 0 -1824 1200 624
0
0
0
0
1 0 -2400 2280 120
0
1 0 -1728 1440 288
0
0
0
0
2 0 0 -1440 1440
0
0
0

1 48 -96 30 16 2
0
1 96 -136 24 16
1 0 80 -80
1 144 -144 6 -6
1 96 -16 -56 -24
0
1 144 -232 96 -8
0
1 96 -120 54 -30
1 240 -368 120 8
1 96 -200 104
1 240 -384 150 -6
1 144 -360 216
0
1 144 -224 96 -16
0
0
2 0 -144 120 24
0
2 0 72 -192 108 12
0
2 0 -24 -4 24 4
2 0 48 40 -88
2 0 72 -24 -42 -6
0
2 0 72 -132 68 -8
2 0 96 -160 64
2 0 120 -180 60
2 0 144 -240 96
0
1 -144 -144 264 24
0
1 -48 48 -72 72
1 -192 120 72
1 -144 216 -36 -36
1 -192 288 -128 32
0
2 0 -480 240 240
2 0 -432 480 -48
1 0 -720 720

1 -576 -576 888 256 8
0
0
0
0
1 -1152 -384 1472 64
0
1 -864 -288 984 168
0
0
0
0
0
1 -1152 144 912 96
0
2 0 -1296 720 576
2 0 -432 720 -288
0
2 0 -1440 720 720
0
2 0 -1008 288 648 72
0
0
0
2 0 -1152 528 592 32
0
0
0
0
1 0 -1440 1440
0
1 0 -1008 720 288
0
0
0
0
2 0 0 -720 720
0
0
0

1 -1536 160 1264 110 2
1 -1440 0 1370 70
1 -1440 0 1350 90
1 -1536 96 1376 64
0
1 0 -64 60 4
0
1 -96 72 36 -12
1 -1536 256 1176 104
1 -1536 112 1376 48
1 -1536 144 1296 96
1 -1440 -72 1440 72
0
1 0 -64 40 24
0
0
2 0 -2400 1824 570 6
0
2 0 -240 180 60
0
2 0 -2256 1724 516 16
2 0 -2304 1840 464
2 0 -2352 1860 492
0
2 0 -240 260 -20
2 0 -2304 1856 424 24
2 0 -2256 1788 456 12
2 0 -2304 1920 384
0
1 -1152 -816 1872 96
0
1 -384 240 144
1 -1536 -48 1476 108
1 -1152 -576 1692 36
1 -1536 192 1216 128
0
2 0 -2880 2160 720
2 0 -2496 1920 576
1 0 -2880 2880

1 -1200 -40 1040 195 5
1 -1440 -60 1425 75
1 -1440 -40 1380 100
0
1 -240 440 -170 -30
0
1 -240 360 -90 -30
1 -1680 40 1640
1 -1440 120 1160 160
1 -1680 0 1620 60
1 -1440 0 1260 180
0
1 -240 280 -40
0
0
2 0 -1680 1320 360
0
2 0 120 60 -180
0
2 0 -2040 1640 400
2 0 -1440 840 560 40
2 0 -2040 1560 480
0
2 0 -120 280 -160
2 0 -2400 1960 440
2 0 -1800 1200 570 30
2 0 -2160 1680 480
0
1 -720 -240 960
0
1 -240 720 -480
1 -960 -360 1320
1 -720 -360 900 180
1 -960 -240 1040 160
0
2 0 -1440 1440
2 0 -1200 720 480
1 0 -720 720

1 -1296 -144 1338 99 3
1 -1440 -48 1380 108
0
1 144 -240 96
0
1 0 -96 90 6
1 -1296 -264 1536 24
1 -1440 72 1320 48
1 -1296 -312 1566 42
1 -1296 -72 1296 72
0
1 144 -360 216
0
0
2 0 -2448 1920 528
0
2 0 0 30 -30
0
2 0 -2232 1728 492 12
2 0 -2448 1920 528
2 0 -2376 1872 486 18
0
2 0 -72 60 12
2 0 -2304 1800 504
2 0 -2376 1968 396 12
2 0 -2448 2160 288
0
1 -1296 -504 1776 24
0
1 -432 600 -168
1 -1728 312 1308 108
1 -1296 -504 1746 54
1 -1728 384 1248 96
0
2 0 -2880 2520 360
2 0 -2448 1920 528
1 0 -2160 2160

1 -1536 32 1372 128 4
0
1 0 -40 40
0
1 -96 -24 96 24
1 -1536 232 1256 48
1 -1536 144 1376 16
1 -1536 168 1296 72
1 -1440 0 1440
0
1 0 -136 120 16
0
0
2 0 -2304 1800 504
0
2 0 144 0 -144
0
2 0 -2352 1880 472
2 0 -2208 1584 608 16
2 0 -2448 1896 528 24
0
2 0 -48 40 8
2 0 -2592 2264 312 16
2 0 -2352 1920 432
2 0 -2592 2400 192
0
1 -1152 -360 1512
0
1 -384 840 -456
1 -1536 48 1416 72
1 -1152 -504 1512 144
1 -1536 96 1376 64
0
2 0 -2400 2280 120
2 0 -2016 1440 576
1 0 -1440 1440

1 -2304 1344 816 136 8
0
1 -1728 480 1128 120
0
0
0
0
0
1 -2304 1344 864 96
0
2 0 -2304 1560 744
2 0 -768 840 -72
0
2 0 -2496 2016 456 24
0
2 0 -1728 1080 648
0
0
0
2 0 -1920 1408 480 32
0
0
0
0
1 0 -2400 2280 120
0
1 0 -1632 1440 192
0
0
0
0
2 0 0 -1440 1440
0
0
0

1 384 -608 184 38 2
0
1 240 -384 90 54
1 384 -368 -24 8
1 0 304 -280 -24
1 384 -288 -84 -12
1 144 216 -324 -36
0
1 384 -544 136 24
0
0
2 0 -768 600 168
0
2 0 96 -276 174 6
0
2 0 -480 416 60 4
2 0 -432 520 -88
2 0 -336 240 96
0
2 0 96 -232 124 12
2 0 -96 80 16
2 0 0 96 -90 -6
2 0 288 -240 -48
0
1 -576 -264 816 24
0
1 -192 168 -48 72
1 -768 384 348 36
1 -576 288 306 -18
1 -768 816 -32 -16
0
2 0 -1440 1080 360
2 0 -1248 1200 48
1 0 -1440 1440

1 -1296 84 1020 186 6
0
0
0
0
0
1 -1728 576 1008 144
0
2 0 -1584 1200 384
2 0 -528 720 -192
0
2 0 -1680 1260 420
0
2 0 -1152 612 522 18
0
0
0
2 0 -1248 672 528 48
0
0
0
0
1 0 -1440 1440
0
1 0 -912 720 192
0
0
0
0
2 0 0 -720 720
0
0
0

1 144 -324 123 54 3
1 144 0 -144
1 -96 504 -384 -24
1 144 96 -234 -6
1 0 576 -540 -36
0
1 240 -384 120 24
0
0
2 0 -624 480 144
0
2 0 96 -150 54
0
2 0 -456 420 36
2 0 -480 480
2 0 -408 264 138 6
0
2 0 72 -192 108 12
2 0 -192 240 -48
2 0 -120 276 -150 -6
2 0 144 0 -144
0
1 -432 -120 552
0
1 -144 216 -96 24
1 -576 264 276 36
1 -432 72 342 18
1 -576 528 96 -48
0
2 0 -960 840 120
2 0 -816 720 96
1 0 -720 720

1 -1152 -336 1224 256 8
1 -1536 -224 1536 224
1 -1152 -240 1272 120
1 -1296 -720 2016
0
1 384 112 -424 -72
0
0
2 0 -2592 2280 312
0
2 0 -144 120 24
0
2 0 -2304 1912 384 8
2 0 -2736 2480 256
2 0 -2544 2280 264
0
2 0 0 40 -40
2 0 -1920 1456 440 24
2 0 -2688 2280 408
2 0 -2304 1344 864 96
0
1 -1728 216 1488 24
0
1 -576 600 -24
1 -2304 1248 984 72
1 -1728 360 1368
1 -2304 1248 944 112
0
2 0 -2880 2520 360
2 0 -2304 1920 384
1 0 -2160 2160

1 -1536 -272 1528 272 8
1 -1536 -192 1656 72
1 -1440 -216 1440 216
0
1 0 656 -560 -96
0
0
2 0 -1824 1680 144
0
2 0 192 -120 -72
0
2 0 -2112 1840 272
2 0 -1728 1272 448 8
2 0 -2208 2040 168
0
2 0 288 -160 -128
2 0 -2592 2240 352
2 0 -2112 1536 552 24
2 0 -2592 1584 912 96
0
1 -1152 480 672
0
1 -384 720 -336
1 -1536 720 816
1 -1152 288 792 72
1 -1536 432 976 128
0
2 0 -1440 1440
2 0 -1056 720 336
1 0 -720 720

1 -1152 -240 1236 150 6
1 -1296 -648 1836 108
0
1 384 -384 -24 24
0
0
2 0 -2496 2280 216
0
2 0 96 -60 -36
0
2 0 -2400 2040 360
2 0 -2640 2280 360
2 0 -2640 2424 210 6
0
2 0 288 -240 -48
2 0 -2208 1776 408 24
2 0 -2784 2328 444 12
2 0 -2592 2160 432
0
1 -1728 600 1128
0
1 -576 840 -264
1 -2304 1392 864 48
1 -1728 504 1188 36
1 -2304 1104 1104 96
0
2 0 -2400 2280 120
2 0 -1824 1440 384
1 0 -1440 1440

1 -1296 -288 1278 288 18
0
1 144 0 -144
0
0
2 0 -1872 1800 72
0
2 0 216 -180 -36
0
2 0 -2088 1800 288
2 0 -1872 1440 432
2 0 -2232 2160 72
0
2 0 504 -360 -144
2 0 -2592 2160 432
2 0 -2232 1584 612 36
2 0 -2736 2160 576
0
1 -1296 720 576
0
1 -432 720 -288
1 -1728 1080 648
1 -1296 504 756 36
1 -1728 576 1008 144
0
2 0 -1440 1440
2 0 -1008 720 288
1 0 -720 720

1 -2304 192 1536 528 48
0
2 0 -1728 1440 288
2 0 -576 720 -144
0
2 0 -1728 1440 288
0
2 0 -1152 720 432
0
0
0
2 0 -1152 672 432 48
0
0
0
0
1 0 -1440 1440
0
1 0 -864 720 144
0
0
0
0
2 0 0 -720 720
0
0
0

1 384 -848 328 128 8
0
0
2 0 -672 600 72
0
2 0 48 -120 72
0
2 0 -480 440 40
2 0 -528 560 -32
2 0 -432 360 72
0
2 0 96 -168 64 8
2 0 0 -48 40 8
2 0 -96 120 -24
2 0 1152 -672 -432 -48
0
1 -576 120 456
0
1 -192 216 -48 24
1 -768 576 168 24
1 -576 360 216
1 -768 736 48 -16
0
2 0 -960 840 120
2 0 -768 720 48
1 0 -720 720

1 0 -2592 1656 912 24
1 0 -864 600 264
0
1 0 -2592 2040 552
0
1 0 -1728 1440 288
0
0
0
1 0 -1872 1680 192
0
0
0
0
2 0 0 -2880 2520 360
0
2 0 0 -2016 1920 96
0
0
0
0
1 0 0 -2160 2160
0
0
0

1 0 -288 216 48 24
0
1 0 -864 840 24
0
1 0 -576 720 -144
0
0
0
1 0 -624 720 -96
0
0
0
0
2 0 0 -960 840 120
0
2 0 0 -672 720 -48
0
0
0
0
1 0 0 -720 720
0
0
0

1 -576 -1584 1800 354 6
0
1 -288 -360 588 60
0
1 -864 -1224 1884 204
1 -576 -864 1296 144
1 -864 -1080 1764 180
0
1 -288 -216 468 36
1 -1152 -672 1752 72
1 -864 -456 1284 36
1 -1152 0 1152
0
2 0 -1728 144 1488 96
0
2 0 -576 240 336
2 0 -2016 744 1236 36
2 0 -1440 504 900 36
2 0 -1728 960 768
0
1 0 -2880 2160 720
1 0 -2304 1920 384
2 0 0 -2880 2880

1 0 -2448 2148 288 12
0
1 0 -1584 1260 324
0
0
0
1 0 -1632 1440 192
0
0
0
0
2 0 0 -2400 2280 120
0
2 0 0 -1536 1440 96
0
0
0
0
1 0 0 -1440 1440
0
0
0

1 -144 36 -72 174 6
0
1 -432 36 372 24
1 -288 432 -72 -72
1 -432 396 72 -36
0
1 -144 108 -36 72
1 -576 480 96
1 -432 588 -138 -18
1 -576 720 -144
0
2 0 -864 216 624 24
0
2 0 -288 168 48 72
2 0 -1008 780 228
2 0 -720 828 -90 -18
2 0 -864 960 -96
0
1 0 -1440 1080 360
1 0 -1152 1200 -48
2 0 0 -1440 1440

1 0 -1008 612 378 18
0
0
0
1 0 -1008 720 288
0
0
0
0
2 0 0 -1440 1440
0
2 0 0 -864 720 144
0
0
0
0
1 0 0 -720 720
0
0
0

1 -1296 -396 1532 156 4
1 -864 -720 1504 80
1 -1296 -372 1536 132
0
1 -432 156 272 4
1 -1728 384 1208 136
1 -1296 84 1116 96
1 -1728 864 768 96
0
2 0 -2160 936 1200 24
0
2 0 -720 600 120
2 0 -2448 1644 768 36
2 0 -1728 900 828
2 0 -2016 1488 496 32
0
1 0 -2880 2520 360
1 0 -2160 1920 240
2 0 0 -2160 2160

1 -576 -576 888 256 8
1 -864 -768 1464 168
0
1 -288 192 128 -32
1 -1152 -384 1472 64
1 -864 -288 984 168
1 -1152 144 912 96
0
2 0 -1296 720 576
0
2 0 -432 720 -288
2 0 -1440 720 720
2 0 -1008 288 648 72
2 0 -1152 528 592 32
0
1 0 -1440 1440
1 0 -1008 720 288
2 0 0 -720 720

1 -1296 -444 1560 174 6
0
1 -432 324 72 36
1 -1728 288 1368 72
1 -1296 -36 1296 36
1 -1728 720 1008
0
2 0 -2016 1080 936
0
2 0 -672 840 -168
2 0 -2256 1524 696 36
2 0 -1584 684 864 36
2 0 -1824 1200 624
0
1 0 -2400 2280 120
1 0 -1728 1440 288
2 0 0 -1440 1440

1 0 -960 704 240 16
0
0
0
0
2 0 0 -1440 1440
0
2 0 0 -816 720 96
0
0
0
0
1 0 0 -720 720
0
0
0

1 -144 148 -60 52 4
1 -576 608 -24 -8
1 -432 588 -108 -48
1 -576 768 -144 -48
0
2 0 -720 360 360
0
2 0 -240 216 0 24
2 0 -816 708 96 12
2 0 -576 540 36
2 0 -672 736 -48 -16
0
1 0 -960 840 120
1 0 -720 720
2 0 0 -720 720

1 -2304 1344 816 136 8
1 -1728 480 1128 120
1 -2304 1344 864 96
0
2 0 -2304 1560 744
0
2 0 -768 840 -72
2 0 -2496 2016 456 24
2 0 -1728 1080 648
2 0 -1920 1408 480 32
0
1 0 -2400 2280 120
1 0 -1632 1440 192
2 0 0 -1440 1440

1 -1296 84 1020 186 6
1 -1728 576 1008 144
0
2 0 -1584 1200 384
0
2 0 -528 720 -192
2 0 -1680 1260 420
2 0 -1152 612 522 18
2 0 -1248 672 528 48
0
1 0 -1440 1440
1 0 -912 720 192
2 0 0 -720 720

1 -2304 192 1536 528 48
0
2 0 -1728 1440 288
0
2 0 -576 720 -144
2 0 -1728 1440 288
2 0 -1152 720 432
2 0 -1152 672 432 48
0
1 0 -1440 1440
1 0 -864 720 144
2 0 0 -720 720

1 0 0 -2400 2280 120
0
1 0 0 -1440 1440
0
0
0
0
2 0 0 0 -1440 1440
0
0
0

1 0 -2592 1656 912 24
0
1 0 -864 600 264
1 0 -2592 2040 552
1 0 -1728 1440 288
1 0 -1872 1680 192
0
2 0 0 -2880 2520 360
2 0 0 -2016 1920 96
1 0 0 -2160 2160

1 0 0 -768 720 48
0
0
0
0
2 0 0 0 -720 720
0
0
0

1 0 -288 216 48 24
1 0 -864 840 24
1 0 -576 720 -144
1 0 -624 720 -96
0
2 0 0 -960 840 120
2 0 0 -672 720 -48
1 0 0 -720 720

1 0 -2448 2148 288 12
1 0 -1584 1260 324
1 0 -1632 1440 192
0
2 0 0 -2400 2280 120
2 0 0 -1536 1440 96
1 0 0 -1440 1440

1 0 -1008 612 378 18
1 0 -1008 720 288
0
2 0 0 -1440 1440
2 0 0 -864 720 144
1 0 0 -720 720

1 0 -960 704 240 16
0
2 0 0 -1440 1440
2 0 0 -816 720 96
1 0 0 -720 720

1 0 0 0 -720 720
0
0
0

1 0 0 -2400 2280 120
1 0 0 -1440 1440
2 0 0 0 -1440 1440

1 0 0 -768 720 48
2 0 0 0 -720 720

1 0 0 0 -720 720

