22

2 0 24352 14952 1008 8
1 10080 26264 3920 56
1 8640 26544 5040 96
1 9120 26040 5040 120
1 8832 26432 4928 128
2 0 28224 11760 336
2 0 25760 14000 560
2 0 26208 13440 672
2 0 23744 15680 896
2 0 24192 15120 1008
1 13440 25200 1680
1 10752 26880 2688
1 12096 25200 3024
1 9408 26880 4032
1 8064 26880 5376
2 0 33600 6720
2 0 30240 10080
2 0 26880 13440
1 20160 20160
1 13440 26880
2 0 40320
1 40320

2 0 25956 13573 784 7
2 0 26376 13440 504
2 0 26040 13650 630
2 0 26208 13440 672
1 10080 25956 4200 84
1 10080 26320 3850 70
1 10080 25956 4200 84
1 10080 26880 3360
1 10080 26460 3780
2 0 26040 13650 630
2 0 26208 13440 672
2 0 25704 13860 756
2 0 26376 13440 504
2 0 26880 13440
1 10080 26880 3360
1 10080 26460 3780
1 10080 26880 3360
2 0 27720 12600
2 0 26880 13440
1 10080 30240
2 0 40320

2 0 23760 15408 1140 12
2 0 24120 15300 900
2 0 24000 15360 960
1 11520 26208 2580 12
1 10080 26280 3900 60
1 10080 26640 3600
1 8640 25728 5760 192
1 8640 26352 5220 108
2 0 30240 9900 180
2 0 28224 11760 336
2 0 28512 11700 108
2 0 25920 13680 720
2 0 23040 15360 1920
1 14400 24480 1440
1 12960 25560 1800
1 11520 25440 3360
2 0 33120 7200
2 0 31680 8640
1 17280 23040
2 0 40320

2 0 24420 14745 1140 15
2 0 24480 14880 960
1 11520 26100 2700
1 9600 26640 4050 30
1 10080 26220 3960 60
1 8160 27360 4800
1 8640 26460 5040 180
2 0 30840 9450 30
2 0 27840 12240 240
2 0 28440 11520 360
2 0 25320 14400 600
2 0 23040 17280
1 15840 24000 480
1 12960 25740 1620
1 10080 27360 2880
2 0 36360 3960
2 0 32640 7680
1 21600 18720
2 0 40320

2 0 24192 15008 1088 32
1 11520 25920 2880
1 9600 26880 3840
1 10368 25824 4032 96
1 8448 26432 5312 128
1 9216 25920 5184
2 0 30720 9600
2 0 27648 12480 192
2 0 28224 11520 576
2 0 25536 14400 384
2 0 23424 15360 1536
1 16128 24000 192
1 12672 25920 1728
1 9216 28800 2304
2 0 37440 2880
2 0 32640 7680
1 23040 17280
2 0 40320

2 0 23760 15408 1140 12
2 0 26160 13500 660
2 0 25920 13680 720
2 0 28608 11520 192
2 0 28512 11700 108
1 7200 26640 6300 180
1 8640 26544 5040 96
1 8640 26352 5220 108
1 10080 26640 3600
1 11520 26880 1920
2 0 20160 18720 1440
2 0 22320 16920 1080
2 0 24480 15360 480
1 4320 28800 7200
1 5760 28800 5760
2 0 18720 21600
1 0 40320

2 0 26560 12980 770 10
2 0 26160 13560 600
2 0 26560 13120 640
2 0 25920 13680 720
1 9600 26640 4050 30
1 10560 25760 3920 80
1 10080 26280 3960
1 11040 25200 3960 120
1 11520 24960 3840
2 0 24960 14880 480
2 0 25920 13860 540
2 0 27360 12000 960
1 7200 29520 3600
1 9600 26880 3840
2 0 24480 15840
1 0 40320

2 0 25776 13668 864 12
2 0 26592 13440 288
2 0 26208 13680 432
1 10080 26520 3720
1 10368 25872 4032 48
1 9504 26496 4176 144
1 9792 26952 3528 48
1 9216 28800 2304
2 0 26784 13440 96
2 0 26352 13320 648
2 0 26784 12960 576
1 8640 29880 1800
1 11520 24960 3840
2 0 27360 12960
1 0 40320

2 0 23104 15168 2016 32
2 0 23616 15840 864
1 12480 25920 1920
1 12288 25088 2912 32
1 10944 27360 2016
1 10752 25344 4128 96
1 9216 22272 8064 768
2 0 30144 10080 96
2 0 29952 10080 288
2 0 28800 10560 960
1 11520 27360 1440
1 15360 22080 2880
2 0 28800 11520
1 0 40320

2 0 23760 15264 1260 36
1 12960 25920 1440
1 12096 25200 3024
1 10368 28224 1692 36
1 9504 26496 4176 144
1 6912 28800 4608
2 0 31680 8640
2 0 30672 9360 288
2 0 27936 11520 864
1 12960 26640 720
1 17280 20160 2880
2 0 30240 10080
1 0 40320

2 0 18000 20040 2250 30
2 0 21600 17520 1200
2 0 22320 16920 1080
2 0 25440 14520 360
2 0 28800 11520
1 2880 25920 11040 480
1 4320 27720 8100 180
1 5760 28800 5760
2 0 11520 25200 3600
2 0 14400 24000 1920
1 0 25920 14400
2 0 0 40320

2 0 24192 15184 928 16
2 0 24192 15120 1008
2 0 26976 12480 864
2 0 29952 9600 768
1 4608 28224 7392 96
1 6912 27216 6048 144
1 9216 26208 4704 192
2 0 15840 23040 1440
2 0 19584 19200 1536
1 0 30240 10080
2 0 0 40320

2 0 23760 15264 1260 36
2 0 26208 13680 432
2 0 28800 11520
1 5184 28800 6336
1 7776 26424 5904 216
1 10368 24480 5472
2 0 17280 22320 720
2 0 21312 17280 1728
1 0 31680 8640
2 0 0 40320

2 0 27264 11856 1176 24
2 0 27648 11520 1152
1 6912 29280 4128
1 10368 25488 4392 72
1 13824 21312 4896 288
2 0 20160 19800 360
2 0 24576 14400 1344
1 0 33120 7200
2 0 0 40320

2 0 18432 16896 4608 384
1 9216 28800 2304
1 13824 23040 3456
1 18432 16896 4608 384
2 0 23040 17280
2 0 27648 11520 1152
1 0 34560 5760
2 0 0 40320

2 0 9792 25344 5088 96
2 0 13248 24480 2592
2 0 16128 23040 1152
1 0 20160 18720 1440
1 0 23616 16320 384
2 0 0 31680 8640
1 0 0 40320

2 0 17712 20484 2088 36
2 0 21312 17280 1728
1 0 24480 15480 360
1 0 28224 11520 576
2 0 0 34560 5760
1 0 0 40320

2 0 25344 12864 2016 96
1 0 27360 12960
1 0 31104 8640 576
2 0 0 36000 4320
1 0 0 40320

2 0 0 28800 11160 360
2 0 0 31680 8640
1 0 0 36000 4320
2 0 0 0 40320

2 0 0 34368 5760 192
1 0 0 37440 2880
2 0 0 0 40320

2 0 0 0 38880 1440
1 0 0 0 40320

2 0 0 0 0 40320

