9

2 1 -30 273 -820 576
0
0
0
0
0
0
0
0

2 1 -15 63 -85 36
2 0 7 -98 343 -252
2 0 -3 42 -147 108
2 0 5 -70 245 -180
1 7 -98 343 -252 0
0
1 5 -70 245 -180 0
1 3 -42 147 -108 0

2 7 -147 1029 -2653 1764
2 0 21 -294 1029 -756
2 0 -35 490 -1715 1260
1 7 -98 343 -252 0
0
0
0

2 3 -36 198 -489 324
2 0 30 -285 795 -540
0
1 15 -90 135 -60 0
1 0 15 -75 60 0
1 -3 27 -72 48 0

2 5 -80 520 -1345 900
0
1 15 -90 135 -60 0
1 5 -55 170 -120 0
1 0 -15 75 -60 0

2 7 -98 343 -252 0
0
0
0

2 15 -90 135 -60 0
0
0

2 5 -55 170 -120 0
2 0 -15 75 -60 0

2 3 -27 72 -48 0

