42

2 1 -30 273 -820 576 0
0
0
0
0
1 2 -60 546 -1640 1152
0
0
0
0
0
0
1 2 -60 546 -1640 1152
0
0
0
0
0
0
1 2 -60 546 -1640 1152
0
0
0
0
0
0
0
0
0
0
0
0
0
0
0
0
0
0
0
0
0
0

2 1 -20 133 -330 216 0
0
2 0 -2 28 -98 72 0
0
0
1 1 -8 -35 258 -216
1 -1 20 -133 330 -216
1 0 6 -84 294 -216
1 0 6 -84 294 -216
1 0 -18 252 -882 648
1 7 -140 931 -2310 1512
0
1 0 18 -252 882 -648
1 -3 60 -399 990 -648
1 0 18 -252 882 -648
1 0 -6 84 -294 216
1 0 -30 420 -1470 1080
1 5 -100 665 -1650 1080
0
0
0
0
0
2 0 14 -196 686 -504 0
2 0 2 -28 98 -72 0
2 0 2 -28 98 -72 0
2 0 3 -42 147 -108 0
0
0
2 0 5 -70 245 -180 0
2 0 2 -28 98 -72 0
0
2 0 -10 140 -490 360 0
2 0 -6 84 -294 216 0
2 0 6 -84 294 -216 0
0
0
0
0
0
0

2 1 -25 203 -575 396 0
0
2 0 -10 140 -490 360 0
1 2 -60 546 -1640 1152
0
0
0
0
0
0
1 2 -60 546 -1640 1152
0
0
0
0
0
0
1 2 -60 546 -1640 1152
0
0
0
0
0
0
0
0
0
0
0
0
0
0
0
0
0
0
0
0
0
0

2 1 -10 35 -50 24 0
0
0
1 0 2 -28 98 -72
1 0 2 -28 98 -72
1 1 -6 -9 86 -72
1 -1 10 -47 110 -72
1 0 -6 84 -294 216
1 0 -14 196 -686 504
0
1 3 -6 -87 306 -216
1 0 6 -84 294 -216
1 -3 42 -201 378 -216
1 0 -8 58 -122 72
1 5 -50 235 -550 360
1 0 -10 140 -490 360
0
0
0
0
0
0
0
2 0 0 -12 60 -48 0
2 0 -3 12 3 -12 0
0
2 0 6 -60 174 -120 0
2 0 5 -40 95 -60 0
2 0 2 -16 38 -24 0
2 0 30 -180 270 -120 0
2 0 0 30 -150 120 0
2 0 -6 54 -144 96 0
2 0 6 -42 84 -48 0
0
0
0
0
0
1 0 -12 60 -48 0

2 2 -40 266 -660 432 0
1 2 -60 546 -1640 1152
0
0
0
0
0
0
1 2 -60 546 -1640 1152
0
0
0
0
0
0
1 2 -60 546 -1640 1152
0
0
0
0
0
0
0
0
0
0
0
0
0
0
0
0
0
0
0
0
0
0

2 1 -30 273 -820 576 0
0
0
0
0
0
0
0
0
0
0
0
0
0
0
0
0
0
0
0
0
0
0
0
0
0
0
0
0
0
0
0
0
0
0
0
0

2 1 -8 -35 258 -216 0
0
2 0 5 -70 245 -180 0
2 0 3 -42 147 -108 0
0
2 0 14 -196 686 -504 0
0
2 0 -3 42 -147 108 0
2 0 -3 42 -147 108 0
0
0
2 0 5 -70 245 -180 0
2 0 5 -70 245 -180 0
0
1 2 -30 126 -170 72
1 0 14 -196 686 -504
1 0 -6 84 -294 216
1 0 10 -140 490 -360
1 14 -196 686 -504 0
1 2 -30 126 -170 72
1 2 -30 126 -170 72
1 3 -42 147 -108 0
0
0
1 5 -70 245 -180 0
1 2 -30 126 -170 72
0
1 0 10 -140 490 -360
1 0 6 -84 294 -216
1 0 -6 84 -294 216
2 0 14 -196 686 -504 0
0
2 0 10 -140 490 -360 0
2 0 6 -84 294 -216 0
0
2 0 6 -84 294 -216 0

2 1 -20 133 -330 216 0
2 0 -1 14 -49 36 0
2 0 -3 42 -147 108 0
2 0 2 -28 98 -72 0
0
0
0
0
0
0
0
0
0
1 2 -30 126 -170 72
1 0 14 -196 686 -504
1 0 -6 84 -294 216
1 0 10 -140 490 -360
0
1 0 -2 28 -98 72
1 0 -2 28 -98 72
0
0
0
0
1 0 -2 28 -98 72
0
1 0 10 -140 490 -360
1 0 6 -84 294 -216
1 0 -6 84 -294 216
2 0 14 -196 686 -504 0
0
2 0 10 -140 490 -360 0
2 0 6 -84 294 -216 0
0
2 0 6 -84 294 -216 0

2 1 -9 6 74 -72 0
2 0 -3 15 -12 0 0
2 0 2 -28 98 -72 0
0
0
2 0 0 15 -75 60 0
2 0 0 15 -75 60 0
2 0 -6 72 -234 168 0
2 0 0 -12 60 -48 0
2 0 5 -55 170 -120 0
2 0 5 -55 170 -120 0
0
1 2 -30 126 -170 72
1 0 14 -196 686 -504
1 0 -6 84 -294 216
1 0 10 -140 490 -360
0
1 0 -2 28 -98 72
1 2 -36 156 -194 72
1 0 -15 75 -60 0
0
1 6 -72 234 -168 0
1 5 -55 170 -120 0
1 2 -24 96 -146 72
0
1 0 10 -140 490 -360
1 0 6 -84 294 -216
1 0 0 54 -270 216
2 0 14 -196 686 -504 0
0
2 0 10 -140 490 -360 0
2 0 6 -84 294 -216 0
0
2 0 0 -54 270 -216 0

2 1 -13 62 -122 72 0
2 0 2 -28 98 -72 0
0
0
2 0 -3 27 -72 48 0
2 0 -3 27 -72 48 0
2 0 0 12 -60 48 0
2 0 2 -16 38 -24 0
2 0 0 -15 75 -60 0
2 0 0 -15 75 -60 0
0
1 2 -30 126 -170 72
1 0 14 -196 686 -504
1 0 -6 84 -294 216
1 0 10 -140 490 -360
0
1 0 -2 28 -98 72
1 2 -24 96 -146 72
1 3 -27 72 -48 0
0
1 0 -12 60 -48 0
1 0 -15 75 -60 0
1 0 -8 58 -122 72
0
1 0 10 -140 490 -360
1 0 6 -84 294 -216
1 0 -12 114 -318 216
2 0 14 -196 686 -504 0
0
2 0 10 -140 490 -360 0
2 0 6 -84 294 -216 0
0
2 0 12 -114 318 -216 0

2 1 -20 133 -330 216 0
0
0
0
2 0 6 -84 294 -216 0
2 0 6 -84 294 -216 0
2 0 -2 28 -98 72 0
0
2 0 -10 140 -490 360 0
0
1 1 -8 -35 258 -216
1 7 -140 931 -2310 1512
1 0 18 -252 882 -648
1 0 -30 420 -1470 1080
0
1 -1 20 -133 330 -216
1 0 6 -84 294 -216
0
0
0
0
1 0 6 -84 294 -216
0
1 5 -100 665 -1650 1080
1 3 -60 399 -990 648
1 0 18 -252 882 -648
2 0 14 -196 686 -504 0
0
2 0 5 -70 245 -180 0
2 0 3 -42 147 -108 0
0
0

2 7 -140 931 -2310 1512 0
0
2 0 21 -294 1029 -756 0
0
0
0
2 0 -35 490 -1715 1260 0
0
0
1 0 14 -196 686 -504
1 14 -294 2058 -5306 3528
1 0 42 -588 2058 -1512
1 0 -70 980 -3430 2520
1 14 -196 686 -504 0
1 0 14 -196 686 -504
1 0 14 -196 686 -504
0
0
0
0
1 0 14 -196 686 -504
0
1 0 -70 980 -3430 2520
1 0 -42 588 -2058 1512
1 0 42 -588 2058 -1512
2 0 14 -196 686 -504 0
0
0
0
0
0

2 1 -25 203 -575 396 0
0
0
0
0
0
0
2 0 -10 140 -490 360 0
0
0
0
0
0
0
0
0
0
0
0
0
0
0
0
0
0
0
0
0
0
0

2 3 -21 108 -354 264 0
2 0 3 -27 72 -48 0
0
0
2 0 45 -375 930 -600 0
2 0 0 15 -75 60 0
0
1 0 -6 84 -294 216
1 0 42 -588 2058 -1512
1 6 -72 396 -978 648
1 0 60 -570 1590 -1080
0
1 0 -6 84 -294 216
1 0 -6 84 -294 216
1 -3 27 -72 48 0
0
0
1 0 15 -75 60 0
1 0 -6 84 -294 216
1 30 -180 270 -120 0
1 0 60 -570 1590 -1080
1 -6 72 -396 978 -648
1 6 -72 396 -978 648
0
2 0 30 -180 270 -120 0
2 0 0 30 -150 120 0
2 0 -6 54 -144 96 0
0
2 0 -6 54 -144 96 0

2 3 -45 234 -480 288 0
2 0 -3 72 -297 228 0
2 0 6 -54 144 -96 0
2 0 0 15 -75 60 0
2 0 15 -165 510 -360 0
0
1 0 -6 84 -294 216
1 0 42 -588 2058 -1512
1 6 -72 396 -978 648
1 0 60 -570 1590 -1080
0
1 0 -6 84 -294 216
1 0 -6 84 -294 216
1 -3 27 -72 48 0
0
0
1 0 15 -75 60 0
1 0 -6 84 -294 216
0
1 0 30 -420 1470 -1080
1 0 18 -252 882 -648
1 0 -18 252 -882 648
0
2 0 30 -180 270 -120 0
2 0 0 30 -150 120 0
2 0 -6 54 -144 96 0
0
2 0 -6 54 -144 96 0

2 3 -42 189 -318 168 0
2 0 6 -42 84 -48 0
0
2 0 15 -180 585 -420 0
0
1 0 -6 84 -294 216
1 0 42 -588 2058 -1512
1 6 -72 396 -978 648
1 0 60 -570 1590 -1080
0
1 0 -6 84 -294 216
1 0 0 54 -270 216
0
0
1 -6 72 -234 168 0
0
1 0 -12 114 -318 216
0
1 0 30 -420 1470 -1080
1 0 18 -252 882 -648
1 6 -108 576 -1122 648
0
2 0 30 -180 270 -120 0
2 0 0 30 -150 120 0
2 0 -6 54 -144 96 0
0
2 0 -6 108 -414 312 0

2 1 -10 35 -50 24 0
0
2 0 0 30 -150 120 0
0
1 0 2 -28 98 -72
1 0 -14 196 -686 504
1 3 -6 -87 306 -216
1 5 -50 235 -550 360
0
1 0 2 -28 98 -72
1 1 -6 -9 86 -72
0
0
1 0 -12 60 -48 0
0
1 -1 10 -47 110 -72
0
1 0 -10 140 -490 360
1 0 -6 84 -294 216
1 -3 42 -201 378 -216
0
2 0 30 -180 270 -120 0
2 0 5 -40 95 -60 0
2 0 -3 12 3 -12 0
0
2 0 6 -60 174 -120 0

2 5 -65 430 -1210 840 0
2 0 5 -55 170 -120 0
0
1 0 10 -140 490 -360
1 0 -70 980 -3430 2520
1 0 60 -570 1590 -1080
1 10 -160 1040 -2690 1800
0
1 0 10 -140 490 -360
1 0 10 -140 490 -360
1 0 -15 75 -60 0
0
0
1 5 -55 170 -120 0
1 0 10 -140 490 -360
1 30 -180 270 -120 0
1 10 -160 1040 -2690 1800
1 0 -60 570 -1590 1080
1 0 60 -570 1590 -1080
0
2 0 30 -180 270 -120 0
2 0 10 -110 340 -240 0
2 0 0 -30 150 -120 0
0
2 0 0 -30 150 -120 0

2 5 -85 500 -1140 720 0
0
1 0 10 -140 490 -360
1 0 -70 980 -3430 2520
1 0 60 -570 1590 -1080
1 10 -160 1040 -2690 1800
0
1 0 10 -140 490 -360
1 0 10 -140 490 -360
1 0 -15 75 -60 0
0
0
1 5 -55 170 -120 0
1 0 10 -140 490 -360
0
1 0 -50 700 -2450 1800
1 0 -30 420 -1470 1080
1 0 30 -420 1470 -1080
0
2 0 30 -180 270 -120 0
2 0 10 -110 340 -240 0
2 0 0 -30 150 -120 0
0
2 0 0 -30 150 -120 0

2 2 -40 266 -660 432 0
0
0
0
0
0
0
0
0
0
0
0
0
0
0
0
0
0
0
0
0
0
0

2 1 -8 -35 258 -216 0
2 0 14 -196 686 -504 0
2 0 -3 42 -147 108 0
2 0 5 -70 245 -180 0
2 0 14 -196 686 -504 0
0
2 0 5 -70 245 -180 0
2 0 6 -84 294 -216 0
0
2 0 6 -84 294 -216 0
2 0 10 -140 490 -360 0
2 0 3 -42 147 -108 0
0
2 0 5 -70 245 -180 0
2 0 3 -42 147 -108 0
0
1 14 -196 686 -504 0
0
1 5 -70 245 -180 0
1 3 -42 147 -108 0
0
0

2 7 -140 931 -2310 1512 0
2 0 21 -294 1029 -756 0
2 0 -35 490 -1715 1260 0
2 0 14 -196 686 -504 0
0
0
0
0
0
0
0
0
0
0
0
1 14 -196 686 -504 0
0
0
0
0
0

2 3 -21 108 -354 264 0
2 0 45 -375 930 -600 0
0
0
2 0 0 15 -75 60 0
2 0 -6 54 -144 96 0
0
2 0 -6 54 -144 96 0
2 0 0 30 -150 120 0
2 0 -3 27 -72 48 0
2 0 30 -180 270 -120 0
2 0 0 15 -75 60 0
2 0 -3 27 -72 48 0
0
0
1 30 -180 270 -120 0
1 0 15 -75 60 0
1 -3 27 -72 48 0
0
0

2 5 -65 430 -1210 840 0
0
0
2 0 5 -55 170 -120 0
2 0 0 -30 150 -120 0
0
2 0 0 -30 150 -120 0
2 0 10 -110 340 -240 0
2 0 0 -15 75 -60 0
2 0 30 -180 270 -120 0
2 0 5 -55 170 -120 0
2 0 0 -15 75 -60 0
0
0
1 30 -180 270 -120 0
1 5 -55 170 -120 0
1 0 -15 75 -60 0
0
0

2 14 -196 686 -504 0 0
2 0 14 -196 686 -504 0
2 0 14 -196 686 -504 0
0
0
0
0
2 0 14 -196 686 -504 0
0
0
0
0
1 14 -196 686 -504 0
0
0
0
0
0

2 1 -20 133 -330 216 0
2 0 -1 14 -49 36 0
2 0 6 -84 294 -216 0
0
2 0 6 -84 294 -216 0
2 0 10 -140 490 -360 0
2 0 -3 42 -147 108 0
0
0
0
0
0
0
0
0
0
0

2 1 -9 6 74 -72 0
2 0 6 -84 294 -216 0
0
2 0 0 -54 270 -216 0
2 0 10 -140 490 -360 0
2 0 -3 15 -12 0 0
0
2 0 5 -55 170 -120 0
2 0 0 -15 75 -60 0
2 0 -6 72 -234 168 0
0
0
1 5 -55 170 -120 0
1 0 -15 75 -60 0
0
1 6 -72 234 -168 0

2 3 -27 72 -48 0 0
0
0
2 0 -15 75 -60 0 0
2 0 6 -84 294 -216 0
0
2 0 0 -30 150 -120 0
2 0 6 -54 144 -96 0
2 0 -6 54 -144 96 0
0
0
1 0 -30 150 -120 0
1 6 -54 144 -96 0
0
1 6 -54 144 -96 0

2 3 -45 189 -255 108 0
0
0
0
0
0
0
0
0
0
0
0
0
0

2 6 -72 234 -168 0 0
0
2 0 12 -114 318 -216 0
0
2 0 0 -30 150 -120 0
2 0 6 -54 144 -96 0
2 0 -6 108 -414 312 0
0
0
1 0 -30 150 -120 0
1 6 -54 144 -96 0
0
1 6 -108 414 -312 0

2 5 -55 170 -120 0 0
2 0 10 -140 490 -360 0
0
2 0 10 -110 340 -240 0
2 0 0 -30 150 -120 0
2 0 0 30 -150 120 0
0
0
1 10 -110 340 -240 0
1 0 -30 150 -120 0
0
1 0 -30 150 -120 0

2 1 -13 62 -122 72 0
0
2 0 0 -15 75 -60 0
2 0 3 -27 72 -48 0
2 0 0 12 -60 48 0
0
0
1 0 -15 75 -60 0
1 3 -27 72 -48 0
0
1 0 -12 60 -48 0

2 30 -180 270 -120 0 0
2 0 30 -180 270 -120 0
2 0 -30 180 -270 120 0
2 0 30 -180 270 -120 0
0
1 30 -180 270 -120 0
0
0
0
0

2 5 -85 500 -1140 720 0
2 0 -15 165 -510 360 0
2 0 15 -180 585 -420 0
0
0
1 5 -55 170 -120 0
1 0 -15 75 -60 0
0
0

2 3 -45 234 -480 288 0
2 0 3 -72 297 -228 0
0
0
1 0 -15 75 -60 0
1 3 -27 72 -48 0
0
0

2 3 -42 189 -318 168 0
0
0
0
0
0
1 -6 72 -234 168 0

2 14 -196 686 -504 0 0
0
0
0
0
0

2 30 -180 270 -120 0 0
0
0
0
0

2 5 -55 170 -120 0 0
2 0 -15 75 -60 0 0
0
0

2 3 -27 72 -48 0 0
0
0

2 3 -45 189 -255 108 0
0

2 6 -72 234 -168 0 0

