13

2 1 -55 1023 -7645 21076 -14400
0
0
0
0
0
0
0
0
0
0
0
0

2 1 -31 303 -1093 1396 -576
2 0 9 -270 2457 -7380 5184
2 0 -3 90 -819 2460 -1728
2 0 7 -210 1911 -5740 4032
2 0 -5 150 -1365 4100 -2880
1 9 -270 2457 -7380 5184 0
0
1 7 -210 1911 -5740 4032 0
1 3 -90 819 -2460 1728 0
1 5 -150 1365 -4100 2880 0
0
0

2 9 -351 4887 -29493 71604 -46656
2 0 27 -810 7371 -22140 15552
2 0 -63 1890 -17199 51660 -36288
2 0 45 -1350 12285 -36900 25920
1 9 -270 2457 -7380 5184 0
0
0
0
0
0
0

2 3 -63 585 -3153 7812 -5184
2 0 42 -924 6762 -17976 12096
2 0 -30 660 -4830 12840 -8640
0
1 21 -315 1323 -1785 756 0
1 0 21 -294 1029 -756 0
1 -3 54 -315 696 -432 0
1 0 15 -210 735 -540 0
1 15 -225 945 -1275 540 0
0

2 7 -203 2597 -16373 42196 -28224
2 0 70 -1540 11270 -29960 20160
0
1 21 -315 1323 -1785 756 0
1 7 -154 1127 -2996 2016 0
1 0 -21 294 -1029 756 0
1 0 -35 490 -1715 1260 0
0
0

2 5 -125 1415 -8475 21580 -14400
0
0
1 0 35 -490 1715 -1260 0
1 0 15 -210 735 -540 0
1 -5 100 -665 1650 -1080 0
1 -15 225 -945 1275 -540 0
0

2 9 -270 2457 -7380 5184 0
0
0
0
0
0
0

2 21 -315 1323 -1785 756 0
0
0
0
0
0

2 7 -154 1127 -2996 2016 0
2 0 -21 294 -1029 756 0
2 0 -35 490 -1715 1260 0
0
0

2 3 -54 315 -696 432 0
2 0 -15 210 -735 540 0
0
0

2 5 -100 665 -1650 1080 0
0
0

2 15 -225 945 -1275 540 0
0

2 15 -225 945 -1275 540 0

