14

2 0 4 -5 1
0
0
1 8 -10 2
0
0
0
0
1 8 -10 2
0
0
0
0
0

2 0 2 -3 1
0
0
1 -2 1 1
1 -2 3 -1
1 2 -2
1 6 -9 3
0
0
0
2 0 -6 6
2 0 -2 2
0

2 0 8 -10 2
1 8 -10 2
0
0
0
0
1 8 -10 2
0
0
0
0
0

2 0 4 -5 1
0
0
0
0
0
0
0
0
0
0

2 0 -2 1 1
0
0
2 0 -6 6
0
1 2 -4 2
1 -6 6
1 0 -6 6
1 2 -4 2
2 0 -6 6

2 0 2 -3 1
2 0 -2 2
0
0
1 2 -4 2
1 -6 6
0
1 2 -2
2 0 -6 6

2 0 2 -3 1
0
0
1 -2 1 1
1 6 -9 3
0
1 -2 3 -1
2 0 -6 6

2 0 6 -9 3
0
1 -6 6
1 18 -24 6
1 0 -6 6
1 -6 6
2 0 -6 6

2 0 8 -10 2
0
0
0
0
0

2 0 -2 1 1
2 0 -6 6
2 0 -6 6
0
1 0 -6 6

2 0 6 -9 3
2 0 -6 6
0
1 0 -6 6

2 0 0 -6 6
2 0 -6 6
1 0 -6 6

2 0 2 -3 1
0

2 0 0 -6 6

