34

1 12 -11 -2 1
1 -4 5 -1
1 12 -15 3
1 -4 5 -1
1 -4 5 -1
2 0 12 -15 3
0
0
0
0
0
0
2 0 16 -20 4
0
0
0
2 0 8 -10 2
0
1 24 -30 6
0
0
0
0
1 24 -30 6
0
0
0
0
0
0
0
0
0
0

1 0 2 -3 1
1 -4 5 -1
1 -8 12 -4
1 -4 5 -1
2 0 4 -5 1
2 0 4 -6 2
0
2 0 -5 4 1
2 0 -5 6 -1
2 0 -1 1
2 0 3 -3
2 0 -8 10 -2
2 0 3 -4 1
2 0 -1 2 -1
2 0 3 -4 1
0
2 0 -3 6 -3
1 8 -10 2
1 -4 2 2
1 -4 6 -2
1 4 -4
1 12 -18 6
1 8 -10 2
1 -4 2 2
1 -4 3 1
1 0 -9 9
1 -4 3 1
1 12 -18 6
0
0
2 0 -12 12
2 0 -4 4
0

1 12 -11 -2 1
1 -4 5 -1
1 -4 5 -1
2 0 4 -5 1
0
2 0 16 -20 4
0
0
0
0
2 0 8 -10 2
0
0
0
2 0 12 -15 3
0
1 24 -30 6
0
0
0
0
1 24 -30 6
0
0
0
0
0
0
0
0
0
0

1 0 2 -3 1
1 -4 5 -1
2 0 4 -5 1
2 0 -4 6 -2
0
2 0 5 -4 -1
2 0 1 -1
2 0 5 -6 1
2 0 -3 3
2 0 -8 10 -2
2 0 -3 4 -1
2 0 1 -2 1
2 0 -3 4 -1
0
2 0 3 -6 3
1 8 -10 2
1 4 -2 -2
1 4 -6 2
1 -4 4
1 -12 18 -6
1 8 -10 2
1 4 -2 -2
1 4 -3 -1
1 0 9 -9
1 4 -3 -1
1 -12 18 -6
0
0
2 0 12 -12
2 0 4 -4
0

1 -4 9 -6 1
0
0
2 0 8 -10 2
0
2 0 4 -5 1
2 0 -4 5 -1
0
0
0
0
0
2 0 -4 5 -1
0
1 8 -10 2
0
0
0
0
1 8 -10 2
0
0
0
0
0
0
0
0
0
0

1 16 -16 -1 1
0
1 16 -20 4
0
0
0
0
1 16 -20 4
0
0
0
1 16 -20 4
0
2 0 16 -20 4
0
0
0
0
2 0 8 -10 2
0
0
0
0
0
0
0
0
0
0

1 0 2 -3 1
0
1 -6 3 3
1 -6 7 -1
1 -6 7 -1
1 -6 9 -3
0
1 2 -3 1
1 2 -1 -1
1 10 -13 3
0
1 -18 27 -9
0
2 0 -2 1 1
2 0 -2 3 -1
2 0 2 -2
2 0 6 -9 3
0
2 0 -6 6
2 0 -4 4
2 0 -18 18
2 0 -4 4
2 0 -6 6
0
0
1 0 -6 6
1 0 -2 2
0

1 16 -12 -6 2
0
0
0
0
1 16 -20 4
0
0
0
1 16 -20 4
0
2 0 16 -20 4
0
0
0
0
2 0 8 -10 2
0
0
0
0
0
0
0
0
0
0

1 3 -11 7 1
1 3 -6 3
1 3 -6 3
1 -3 6 -3
0
1 -5 4 1
1 1 1 -2
1 -1 -1 2
0
1 9 0 -9
0
2 0 -6 3 3
0
0
2 0 -18 18
0
2 0 -2 -2 4
2 0 -1 -1 2
2 0 -9 0 9
2 0 -1 -1 2
2 0 -18 18
1 6 -12 6
1 -18 18
1 0 -18 18
1 6 -12 6
2 0 -18 18

1 3 -1 -3 1
1 3 -5 2
1 -3 3
0
1 -5 5
1 1 -2 1
1 -1 0 1
0
1 9 -9
0
2 0 -2 1 1
2 0 4 -6 2
2 0 -4 4
2 0 -6 6
0
2 0 2 -4 2
2 0 3 -4 1
2 0 -9 9
2 0 3 -4 1
2 0 -6 6
1 6 -12 6
1 -18 18
1 0 -6 6
1 6 -8 2
2 0 -18 18

1 3 -1 -3 1
1 -3 3
0
1 -5 5
1 1 -2 1
1 -1 0 1
0
1 9 -9
0
2 0 -2 1 1
2 0 4 -6 2
2 0 -4 4
2 0 -6 6
0
2 0 2 -4 2
2 0 3 -4 1
2 0 -9 9
2 0 3 -4 1
2 0 -6 6
1 6 -12 6
1 -18 18
1 0 -6 6
1 6 -8 2
2 0 -18 18

1 -9 21 -15 3
0
1 -3 3
1 3 -6 3
1 9 -12 3
0
1 -9 9
0
0
2 0 6 -9 3
2 0 -6 6
0
0
0
2 0 3 -3
2 0 9 -9
2 0 -9 12 -3
0
1 6 -12 6
1 -18 18
0
1 6 -6
2 0 -18 18

1 16 -12 -6 2
0
0
0
1 16 -20 4
0
2 0 8 -10 2
0
0
0
0
0
0
0
0
0
0
0
0
0
0
0

1 3 -1 -3 1
1 1 -2 1
1 7 -10 3
0
1 -15 21 -6
0
2 0 -2 1 1
2 0 -4 4
2 0 4 -6 2
2 0 -6 6
0
2 0 -6 6
2 0 -5 6 -1
2 0 -9 9
2 0 -1 1
2 0 18 -24 6
1 -2 -2 4
1 6 -12 6
1 0 -6 6
1 -2 2
2 0 -18 18

1 -1 3 -3 1
1 -3 3
0
1 3 -6 3
0
0
2 0 -2 1 1
2 0 2 -4 2
0
0
0
2 0 -1 2 -1
2 0 9 -9
2 0 3 -3
0
1 -2 -2 4
1 6 -12 6
0
1 -2 4 -2
2 0 -18 18

1 -5 9 -5 1
0
1 -3 6 -3
0
2 0 -6 6
2 0 -4 4
2 0 4 -6 2
2 0 6 -9 3
0
2 0 2 -4 2
2 0 -1 1
2 0 -9 9
2 0 -5 6 -1
2 0 -6 6
1 -10 8 2
1 30 -42 12
1 0 -6 6
1 -10 12 -2
2 0 -18 18

1 16 -16 -1 1
0
0
0
0
0
0
2 0 16 -20 4
0
0
0
0
0
0
0
0
0
0

1 27 -33 3 3
0
2 0 18 -18
0
0
2 0 -18 27 -9
0
2 0 18 -18
2 0 9 -9
2 0 9 0 -9
2 0 9 -9
2 0 -30 42 -12
1 18 -18
1 -54 72 -18
1 0 18 -18
1 18 -18
2 0 18 -18

1 0 8 -10 2
0
0
0
0
0
0
0
0
0
0
0
0
0
0
0

1 4 -10 5 1
1 4 -8 4
1 -4 2 2
1 -12 6 6
0
1 4 -14 10
1 4 -8 4
1 0 -18 18
1 4 -8 4
1 -12 6 6
2 0 -2 -2 4
2 0 -18 18
2 0 -12 6 6
2 0 2 -4 2
1 0 -18 18

1 4 -6 1 1
1 -4 0 4
1 -12 12
0
1 4 -8 4
1 4 -4
0
1 4 -4
1 -12 12
2 0 -2 -2 4
2 0 -18 18
2 0 -12 12
2 0 2 -2
1 0 -18 18

1 4 -6 1 1
1 12 -18 6
0
1 -4 2 2
1 -4 6 -2
0
1 -4 6 -2
1 12 -18 6
2 0 -10 8 2
2 0 6 -12 6
2 0 -12 12
2 0 -2 3 -1
1 0 -18 18

1 36 -42 3 3
0
1 -12 6 6
1 -12 12
1 0 -18 18
1 -12 12
1 36 -54 18
2 0 -18 18
2 0 30 -42 12
2 0 -12 6 6
2 0 -6 6
1 0 -18 18

1 0 8 -10 2
0
0
0
0
0
0
0
0
0
0

1 4 -6 0 2
1 4 -8 4
1 0 -18 18
1 4 -8 4
1 -12 6 6
2 0 -10 8 2
2 0 -18 18
2 0 -12 6 6
2 0 -6 6
1 0 -18 18

1 4 -3 -2 1
1 0 -9 9
1 4 -7 3
1 -12 12
0
0
2 0 -12 12
2 0 4 -6 2
0

1 0 -9 0 9
1 0 -9 9
1 0 -18 18
2 0 -18 18
2 0 -18 18
2 0 0 -18 18
2 0 -18 18
1 0 -18 18

1 4 -3 -2 1
1 -12 12
0
0
2 0 -12 12
2 0 4 -6 2
0

1 36 -30 -12 6
2 0 -18 18
2 0 6 -12 6
2 0 -12 6 6
2 0 -6 6
1 0 -18 18

1 0 -10 8 2
1 0 -18 18
1 0 -18 18
0
2 0 0 -18 18

1 0 6 -12 6
1 0 -18 18
0
2 0 0 -18 18

1 0 -12 6 6
1 0 -6 6
2 0 0 -18 18

1 0 2 -3 1
0

1 0 0 -18 18

