56

2 0 -324 259 64 1
2 0 44 -40 -4
2 0 -8 10 -2
1 -240 54 180 6
1 48 -30 -18
1 -24 30 -6
0
1 -192 -20 202 10
1 24 0 -24
0
1 -216 18 186 12
1 48 -30 -18
0
1 -240 10 220 10
1 -192 -12 192 12
2 0 -360 330 30
2 0 60 -60
0
2 0 -348 300 48
2 0 60 -60
0
2 0 -324 270 54
0
2 0 -408 360 48
0
0
0
0
2 0 -312 240 72
0
2 0 -372 300 72
0
1 -360 240 120
1 120 -120
0
1 -240 60 180
0
1 -360 180 180
0
0
0
1 -240 0 240
0
0
0
2 0 -360 360
0
2 0 -480 480
0
0
0
0
1 -720 720
0
0
0

2 0 12 -36 23 1
2 0 -4 10 -6
1 0 -16 15 1
1 48 -80 27 5
1 -24 40 -16
0
1 48 -20 -28
1 24 -48 16 8
0
1 24 0 -24
1 48 -84 27 9
0
1 0 60 -55 -5
1 48 -40 -8
2 0 -80 70 10
2 0 20 -40 20
0
2 0 12 -20 8
2 0 20 -50 30
0
2 0 -24 15 9
0
2 0 -8 20 -12
0
0
0
0
2 0 80 -80
0
2 0 60 -30 -30
0
1 -120 60 60
1 120 -180 60
0
1 0 -60 60
0
1 -120 120
0
0
0
1 0 40 -40
0
0
0
2 0 -240 240
0
2 0 -120 120
0
0
0
0
1 -480 480
0
0
0

2 0 -4 -1 4 1
1 0 10 -10
1 0 -2 0 2
1 -24 26 -6 4
0
1 0 -12 10 2
1 -24 40 -16
0
1 -24 30 -6
1 0 6 0 -6
0
1 0 -10 10
1 0 4 0 -4
2 0 8 -10 2
2 0 4 -20 16
0
2 0 12 -20 8
2 0 4 0 -4
0
2 0 12 0 -12
0
2 0 8 0 -8
0
0
0
0
2 0 -8 0 8
0
2 0 -12 0 12
0
1 -24 0 24
1 72 -120 48
0
1 48 -60 12
0
1 -24 60 -36
0
0
0
1 48 -80 32
0
0
0
2 0 -120 120
0
0
0
0
0
0
1 -240 240
0
0
0

2 0 -340 284 55 1
2 0 -12 10 2
2 0 16 -15 -1
0
2 0 -352 310 42
2 0 -8 0 8
0
2 0 -336 285 51
2 0 -24 15 9
0
2 0 -340 300 40
2 0 -352 300 52
1 -240 40 190 10
0
0
1 -240 52 180 8
1 0 -20 20
0
1 -240 36 195 9
0
1 -240 52 180 8
0
0
0
0
1 -240 40 200
0
1 -240 60 180
0
2 0 -360 300 60
0
0
2 0 -360 300 60
0
2 0 -360 300 60
0
0
0
2 0 -360 320 40
0
0
0
1 -240 0 240
0
1 -240 0 240
0
0
0
0
2 0 -600 600
0
0
0

2 0 12 -36 23 1
2 0 0 -5 5
0
2 0 48 -50 2
2 0 24 -50 26
0
2 0 60 -60
2 0 12 -30 18
0
2 0 60 -40 -20
2 0 48 -40 -8
1 -48 8 38 2
1 48 -88 32 8
0
1 0 -20 20
1 48 -76 22 6
0
0
0
1 -48 84 -32 -4
0
0
0
0
1 48 -40 -8
0
1 0 60 -60
0
2 0 -144 120 24
2 0 24 -60 36
0
2 0 -72 60 12
0
2 0 -48 60 -12
0
0
0
2 0 -24 40 -16
0
0
0
1 -144 0 144
0
1 -144 120 24
0
0
0
0
2 0 -360 360
0
0
0

2 0 -4 -1 4 1
0
2 0 -8 0 8
2 0 -4 10 -6
0
2 0 -12 15 -3
2 0 0 15 -15
0
2 0 -20 20
2 0 -8 20 -12
0
1 24 -44 16 4
0
1 24 -32 6 2
1 24 -36 16 -4
0
1 24 -12 -9 -3
0
1 0 20 -20
0
0
0
0
1 48 -80 32
0
1 24 -60 36
0
2 0 -36 30 6
2 0 12 -30 18
0
0
0
2 0 12 0 -12
0
0
0
2 0 24 -40 16
0
0
0
1 -48 0 48
0
1 -48 60 -12
0
0
0
0
2 0 -120 120
0
0
0

2 0 -324 259 64 1
0
0
2 0 44 -40 -4
0
0
2 0 -8 10 -2
0
0
0
0
1 -240 54 180 6
0
0
1 48 -30 -18
0
1 -24 30 -6
0
1 -192 -20 202 10
1 -240 10 220 10
1 -216 18 186 12
1 -192 -12 192 12
0
1 24 0 -24
0
1 48 -30 -18
0
0
2 0 -360 330 30
0
2 0 60 -60
0
2 0 -348 300 48
2 0 -408 360 48
2 0 -324 270 54
0
2 0 60 -60
2 0 -312 240 72
2 0 -372 300 72
0
1 -360 240 120
0
1 120 -120
1 -240 60 180
1 -360 180 180
1 -240 0 240
0
2 0 -360 360
2 0 -480 480
1 -720 720

2 0 -304 228 74 2
2 0 64 -60 -4
0
2 0 -336 270 66
2 0 72 -60 -12
0
2 0 -400 330 70
2 0 -304 240 64
1 -288 128 158 2
1 48 -60 12
0
1 -240 52 180 8
1 48 -20 -28
0
1 -240 60 180
0
1 -288 80 208
0
0
0
0
1 -192 16 152 24
0
1 -240 -12 240 12
0
2 0 -384 360 24
0
0
2 0 -336 300 36
0
2 0 -432 420 12
0
0
0
2 0 -384 320 64
0
0
0
1 -384 240 144
0
1 -384 240 144
0
0
0
0
2 0 -480 480
0
0
0

2 0 -4 -12 14 2
0
2 0 36 -30 -6
2 0 24 -60 36
0
2 0 40 -10 -30
2 0 40 -40
1 -48 0 48
1 72 -112 38 2
0
1 24 -32 6 2
1 72 -116 38 6
0
1 24 -60 36
0
1 -48 80 -32
0
0
0
0
1 96 -80 -16
0
1 24 36 -54 -6
0
2 0 -156 150 6
2 0 12 -30 18
0
2 0 -72 60 12
0
2 0 -84 90 -6
0
0
0
2 0 48 -40 -8
0
0
0
1 -192 120 72
0
1 -192 180 12
0
0
0
0
2 0 -240 240
0
0
0

2 0 12 -36 23 1
0
0
2 0 -4 10 -6
0
0
0
0
1 0 -16 15 1
0
0
1 48 -80 27 5
0
1 -24 40 -16
0
1 48 -20 -28
1 0 60 -55 -5
1 24 0 -24
1 48 -40 -8
0
1 24 -48 16 8
0
1 48 -84 27 9
0
0
2 0 -80 70 10
0
2 0 20 -40 20
0
2 0 12 -20 8
2 0 -8 20 -12
2 0 -24 15 9
0
2 0 20 -50 30
2 0 80 -80
2 0 60 -30 -30
0
1 -120 60 60
0
1 120 -180 60
1 0 -60 60
1 -120 120
1 0 40 -40
0
2 0 -240 240
2 0 -120 120
1 -480 480

2 0 -324 267 54 3
2 0 48 -45 -3
0
2 0 -360 285 75
2 0 -312 240 72
1 -288 120 168
1 72 -60 -12
0
1 -216 24 186 6
1 72 -60 -12
0
1 -216 36 171 9
0
1 -288 60 228
0
0
0
0
1 -144 -120 264
0
1 -216 -12 216 12
0
2 0 -396 390 6
2 0 60 -60
0
2 0 -336 300 36
0
2 0 -468 450 18
0
0
0
2 0 -408 360 48
0
0
0
1 -432 360 72
0
1 -432 300 132
0
0
0
0
2 0 -360 360
0
0
0

2 0 12 -48 33 3
0
2 0 60 -30 -30
2 0 48 -60 12
1 -48 0 48
1 48 -60 12
0
0
1 48 -96 42 6
0
1 0 -48 45 3
0
1 -48 60 -12
0
0
0
0
1 48 0 -48
0
1 0 96 -90 -6
0
2 0 -120 120
2 0 24 -30 6
0
2 0 -72 60 12
0
2 0 -96 90 6
0
0
0
2 0 24 0 -24
0
0
0
1 -144 120 24
0
1 -144 120 24
0
0
0
0
2 0 -120 120
0
0
0

2 0 -4 -1 4 1
0
0
0
0
1 0 10 -10
0
0
1 0 -2 0 2
0
1 -24 26 -6 4
0
1 0 -12 10 2
1 0 -10 10
1 -24 30 -6
1 0 4 0 -4
0
1 -24 40 -16
0
1 0 6 0 -6
0
0
2 0 8 -10 2
0
2 0 4 -20 16
0
2 0 12 -20 8
2 0 8 0 -8
2 0 12 0 -12
0
2 0 4 0 -4
2 0 -8 0 8
2 0 -12 0 12
0
1 -24 0 24
0
1 72 -120 48
1 48 -60 12
1 -24 60 -36
1 48 -80 32
0
2 0 -120 120
0
1 -240 240

2 0 -340 240 95 5
2 0 -400 340 60
1 -240 120 120
1 0 60 -60
0
1 -240 40 200
1 0 80 -80
0
1 -240 60 180
0
1 -240 60 160 20
0
0
0
0
1 -240 -40 280
0
1 -240 0 210 30
0
2 0 -240 240
2 0 120 -120
0
2 0 -360 360
0
2 0 -240 180 60
0
0
0
2 0 -360 280 80
0
0
0
1 -240 240
0
1 -240 120 120
0
0
0
0
2 0 -120 120
0
0
0

2 0 -304 236 64 4
1 -288 120 168
1 48 0 -48
0
1 -240 40 200
1 48 -40 -8
0
1 -240 48 180 12
0
1 -288 72 208 8
0
0
0
0
1 -192 24 152 16
0
1 -240 0 240
0
2 0 -360 360
2 0 120 -120
0
2 0 -384 360 24
0
2 0 -408 360 48
0
0
0
2 0 -432 400 32
0
0
0
1 -384 360 24
0
1 -384 240 144
0
0
0
0
2 0 -240 240
0
0
0

2 0 -336 248 86 2
2 0 -72 60 12
0
2 0 -360 300 60
2 0 -72 60 12
0
2 0 -360 300 60
0
2 0 -288 240 48
0
0
0
0
2 0 -384 360 24
0
2 0 -312 300 12
0
1 -144 -144 264 24
1 -48 0 48
0
1 -192 -72 252 12
0
1 -144 -72 204 12
0
0
0
1 -192 0 192
0
0
0
2 0 -384 240 144
0
2 0 -336 240 96
0
0
0
0
1 0 -480 480
0
0
0

2 0 12 -52 38 2
0
2 0 -36 30 6
2 0 12 -30 18
0
2 0 12 0 -12
0
2 0 24 0 -24
0
0
0
0
0
0
2 0 36 -30 -6
0
1 -72 -36 102 6
1 -24 12 -6 18
0
1 -96 60 36
0
1 -72 96 -18 -6
0
0
0
1 -96 120 -24
0
0
0
2 0 -192 120 72
0
2 0 -168 180 -12
0
0
0
0
1 0 -240 240
0
0
0

2 0 -340 284 55 1
0
0
2 0 -12 10 2
0
2 0 16 -15 -1
0
2 0 -352 310 42
2 0 -340 300 40
2 0 -336 285 51
2 0 -352 300 52
0
2 0 -8 0 8
0
2 0 -24 15 9
0
0
1 -240 40 190 10
0
0
0
1 -240 52 180 8
1 -240 52 180 8
1 -240 36 195 9
0
1 0 -20 20
1 -240 40 200
1 -240 60 180
0
2 0 -360 300 60
0
0
2 0 -360 300 60
2 0 -360 300 60
2 0 -360 320 40
0
1 -240 0 240
1 -240 0 240
2 0 -600 600

2 0 -324 268 54 2
2 0 -36 40 -4
0
2 0 -348 300 48
0
2 0 -360 320 40
0
0
0
0
2 0 -336 280 56
0
2 0 -348 300 48
0
1 -216 -36 246 6
1 -72 60 12
0
1 -288 108 168 12
0
1 -216 0 216
0
0
0
1 -288 144 128 16
0
0
0
2 0 -432 360 72
0
2 0 -360 300 60
0
0
0
0
1 0 -360 360
0
0
0

2 0 12 -32 18 2
0
2 0 -12 0 12
0
2 0 -24 40 -16
0
0
0
0
2 0 48 -40 -8
0
2 0 84 -60 -24
0
1 -72 0 72
1 -24 24 -6 6
0
1 -96 76 16 4
0
1 -72 60 12
0
0
0
1 -96 128 -24 -8
0
0
0
2 0 -144 120 24
0
2 0 -120 120
0
0
0
0
1 0 -120 120
0
0
0

2 0 12 -36 23 1
0
2 0 0 -5 5
0
2 0 48 -50 2
2 0 60 -40 -20
2 0 60 -60
2 0 48 -40 -8
0
2 0 24 -50 26
0
2 0 12 -30 18
0
0
1 -48 8 38 2
0
1 48 -88 32 8
0
1 0 -20 20
1 -48 84 -32 -4
0
0
1 48 -76 22 6
1 48 -40 -8
1 0 60 -60
0
2 0 -144 120 24
0
2 0 24 -60 36
2 0 -72 60 12
2 0 -48 60 -12
2 0 -24 40 -16
0
1 -144 0 144
1 -144 120 24
2 0 -360 360

2 0 -372 312 57 3
0
2 0 -360 300 60
0
0
0
0
2 0 -384 360 24
0
2 0 -372 360 12
0
1 -216 0 216
1 -72 120 -48
0
1 -288 108 168 12
0
1 -216 -12 216 12
0
0
0
1 -288 120 168
0
0
0
2 0 -384 360 24
0
2 0 -312 240 72
0
0
0
0
1 0 -240 240
0
0
0

2 0 -4 -1 4 1
0
2 0 -8 0 8
2 0 -20 20
2 0 -12 15 -3
2 0 -8 20 -12
0
2 0 -4 10 -6
0
2 0 0 15 -15
0
0
0
0
1 24 -44 16 4
0
1 24 -32 6 2
1 0 20 -20
1 24 -12 -9 -3
0
1 24 -36 16 -4
1 48 -80 32
1 24 -60 36
0
2 0 -36 30 6
0
2 0 12 -30 18
0
2 0 12 0 -12
2 0 24 -40 16
0
1 -48 0 48
1 -48 60 -12
2 0 -120 120

2 0 -240 156 80 4
0
0
0
0
2 0 -432 400 32
0
2 0 -312 240 72
0
1 -144 0 144
1 -48 120 -72
0
1 -192 0 192
0
1 -144 -24 144 24
0
0
0
1 -192 24 152 16
0
0
0
2 0 -240 240
0
2 0 -192 120 72
0
0
0
0
1 0 -120 120
0
0
0

2 0 -304 228 74 2
2 0 -400 330 70
2 0 -336 270 66
2 0 -304 240 64
0
2 0 64 -60 -4
0
2 0 72 -60 -12
0
0
1 -288 128 158 2
0
1 48 -60 12
0
1 -240 52 180 8
1 -288 80 208
1 -240 60 180
0
1 48 -20 -28
1 -192 16 152 24
1 -240 -12 240 12
0
2 0 -384 360 24
0
0
2 0 -336 300 36
2 0 -432 420 12
2 0 -384 320 64
0
1 -384 240 144
1 -384 240 144
2 0 -480 480

2 0 -340 240 95 5
2 0 -360 285 75
2 0 -400 340 60
0
2 0 40 -10 -30
0
2 0 60 -30 -30
0
0
1 -240 120 120
0
1 0 60 -60
0
1 -240 40 200
1 -240 60 160 20
1 -240 60 180
0
1 0 80 -80
1 -240 -40 280
1 -240 0 210 30
0
2 0 -240 240
0
2 0 120 -120
2 0 -360 360
2 0 -240 180 60
2 0 -360 280 80
0
1 -240 240
1 -240 120 120
2 0 -120 120

2 0 -324 267 54 3
2 0 -312 240 72
0
2 0 36 -30 -6
0
2 0 48 -45 -3
0
0
1 -288 120 168
0
1 72 -60 -12
0
1 -216 24 186 6
1 -288 60 228
1 -216 36 171 9
0
1 72 -60 -12
1 -144 -120 264
1 -216 -12 216 12
0
2 0 -396 390 6
0
2 0 60 -60
2 0 -336 300 36
2 0 -468 450 18
2 0 -408 360 48
0
1 -432 360 72
1 -432 300 132
2 0 -360 360

2 0 -304 236 64 4
0
2 0 40 -40
0
2 0 48 -60 12
0
0
1 -288 120 168
0
1 48 0 -48
0
1 -240 40 200
1 -288 72 208 8
1 -240 48 180 12
0
1 48 -40 -8
1 -192 24 152 16
1 -240 0 240
0
2 0 -360 360
0
2 0 120 -120
2 0 -384 360 24
2 0 -408 360 48
2 0 -432 400 32
0
1 -384 360 24
1 -384 240 144
2 0 -240 240

2 0 -192 112 72 8
0
2 0 -432 360 72
0
1 -288 120 168
1 -96 120 -24
0
1 -384 272 104 8
0
1 -288 120 168
0
0
0
1 -384 224 144 16
0
0
0
2 0 -384 360 24
0
2 0 -288 240 48
0
0
0
0
1 0 -240 240
0
0
0

2 0 -4 -12 14 2
0
2 0 24 -60 36
0
0
1 -48 0 48
0
1 72 -112 38 2
0
1 24 -32 6 2
1 -48 80 -32
1 24 -60 36
0
1 72 -116 38 6
1 96 -80 -16
1 24 36 -54 -6
0
2 0 -156 150 6
0
2 0 12 -30 18
2 0 -72 60 12
2 0 -84 90 -6
2 0 48 -40 -8
0
1 -192 120 72
1 -192 180 12
2 0 -240 240

2 0 -372 264 102 6
0
1 -216 120 96
1 -72 120 -48
0
1 -288 180 108
0
1 -216 84 126 6
0
0
0
1 -288 96 168 24
0
0
0
2 0 -240 240
0
2 0 -168 120 48
0
0
0
0
1 0 -120 120
0
0
0

2 0 12 -48 33 3
0
0
1 -48 0 48
0
1 48 -60 12
0
0
1 -48 60 -12
1 0 -48 45 3
0
1 48 -96 42 6
1 48 0 -48
1 0 96 -90 -6
0
2 0 -120 120
0
2 0 24 -30 6
2 0 -72 60 12
2 0 -96 90 6
2 0 24 0 -24
0
1 -144 120 24
1 -144 120 24
2 0 -120 120

2 0 -324 144 174 6
2 0 -108 60 48
0
2 0 -360 240 120
0
2 0 -252 180 72
0
0
0
2 0 -288 240 48
0
0
0
1 0 -432 360 72
0
1 0 -324 300 24
0
0
0
0
2 0 0 -360 360
0
0
0

2 0 -36 24 6 6
0
2 0 -120 120
0
2 0 -84 120 -36
0
0
0
2 0 -96 120 -24
0
0
0
1 0 -144 120 24
0
1 0 -108 120 -12
0
0
0
0
2 0 0 -120 120
0
0
0

2 0 -336 248 86 2
0
2 0 -72 60 12
0
2 0 -360 300 60
2 0 -288 240 48
2 0 -360 300 60
0
2 0 -72 60 12
2 0 -384 360 24
2 0 -312 300 12
0
1 -144 -144 264 24
0
1 -48 0 48
1 -192 -72 252 12
1 -144 -72 204 12
1 -192 0 192
0
2 0 -384 240 144
2 0 -336 240 96
1 0 -480 480

2 0 -384 316 64 4
0
2 0 -264 180 84
0
0
0
2 0 -288 240 48
0
0
0
1 0 -384 360 24
0
1 0 -264 240 24
0
0
0
0
2 0 0 -240 240
0
0
0

2 0 12 -52 38 2
0
2 0 -36 30 6
2 0 24 0 -24
2 0 12 0 -12
0
2 0 12 -30 18
0
2 0 36 -30 -6
0
1 -72 -36 102 6
0
1 -24 12 -6 18
1 -96 60 36
1 -72 96 -18 -6
1 -96 120 -24
0
2 0 -192 120 72
2 0 -168 180 -12
1 0 -240 240

2 0 -180 84 90 6
0
0
0
2 0 -192 120 72
0
0
0
1 0 -240 240
0
1 0 -156 120 36
0
0
0
0
2 0 0 -120 120
0
0
0

2 0 -324 268 54 2
2 0 -360 320 40
2 0 -348 300 48
0
2 0 -36 40 -4
2 0 -336 280 56
2 0 -348 300 48
0
1 -216 -36 246 6
0
1 -72 60 12
1 -288 108 168 12
1 -216 0 216
1 -288 144 128 16
0
2 0 -432 360 72
2 0 -360 300 60
1 0 -360 360

2 0 -240 156 80 4
2 0 -360 300 60
0
2 0 -24 40 -16
2 0 -432 400 32
2 0 -312 240 72
0
1 -144 0 144
0
1 -48 120 -72
1 -192 0 192
1 -144 -24 144 24
1 -192 24 152 16
0
2 0 -240 240
2 0 -192 120 72
1 0 -120 120

2 0 -372 312 57 3
0
2 0 -12 0 12
2 0 -384 360 24
2 0 -372 360 12
0
1 -216 0 216
0
1 -72 120 -48
1 -288 108 168 12
1 -216 -12 216 12
1 -288 120 168
0
2 0 -384 360 24
2 0 -312 240 72
1 0 -240 240

2 0 -192 112 72 8
0
0
0
1 0 -240 240
0
1 0 -144 120 24
0
0
0
0
2 0 0 -120 120
0
0
0

2 0 12 -32 18 2
2 0 48 -40 -8
2 0 84 -60 -24
0
1 -72 0 72
0
1 -24 24 -6 6
1 -96 76 16 4
1 -72 60 12
1 -96 128 -24 -8
0
2 0 -144 120 24
2 0 -120 120
1 0 -120 120

2 0 -192 112 72 8
2 0 -432 360 72
0
1 -288 120 168
0
1 -96 120 -24
1 -384 272 104 8
1 -288 120 168
1 -384 224 144 16
0
2 0 -384 360 24
2 0 -288 240 48
1 0 -240 240

2 0 -372 264 102 6
0
1 -216 120 96
0
1 -72 120 -48
1 -288 180 108
1 -216 84 126 6
1 -288 96 168 24
0
2 0 -240 240
2 0 -168 120 48
1 0 -120 120

2 0 0 -384 360 24
0
2 0 0 -240 240
0
0
0
0
1 0 0 -240 240
0
0
0

2 0 -324 144 174 6
0
2 0 -108 60 48
2 0 -360 240 120
2 0 -252 180 72
2 0 -288 240 48
0
1 0 -432 360 72
1 0 -324 300 24
2 0 0 -360 360

2 0 0 -132 120 12
0
0
0
0
1 0 0 -120 120
0
0
0

2 0 -36 24 6 6
2 0 -120 120
2 0 -84 120 -36
2 0 -96 120 -24
0
1 0 -144 120 24
1 0 -108 120 -12
2 0 0 -120 120

2 0 -384 316 64 4
2 0 -264 180 84
2 0 -288 240 48
0
1 0 -384 360 24
1 0 -264 240 24
2 0 0 -240 240

2 0 -180 84 90 6
2 0 -192 120 72
0
1 0 -240 240
1 0 -156 120 36
2 0 0 -120 120

2 0 -192 112 72 8
0
1 0 -240 240
1 0 -144 120 24
2 0 0 -120 120

2 0 0 0 -120 120
0
0
0

2 0 0 -384 360 24
2 0 0 -240 240
1 0 0 -240 240

2 0 0 -132 120 12
1 0 0 -120 120

2 0 0 0 -120 120

