30

1 72576 234540 53865 1890 9
2 0 219168 134568 9072 72
2 0 203112 147294 12348 126
2 0 205848 144018 12852 162
2 0 205200 144900 12600 180
1 90720 236376 35280 504
1 77760 238896 45360 864
1 82080 234360 45360 1080
1 79488 237888 44352 1152
1 69120 236880 55440 1440
1 70848 235872 54432 1728
1 75168 231336 54432 1944
2 0 254016 105840 3024
2 0 231840 126000 5040
2 0 235872 120960 6048
2 0 213696 141120 8064
2 0 217728 136080 9072
2 0 199584 151200 12096
1 120960 226800 15120
1 96768 241920 24192
1 108864 226800 27216
1 84672 241920 36288
1 72576 241920 48384
2 0 302400 60480
2 0 272160 90720
2 0 241920 120960
1 181440 181440
1 120960 241920
2 0 362880
1 362880

1 80640 234464 46312 1456 8
1 80640 238336 43120 784
1 80640 235872 45360 1008
1 80640 236320 44800 1120
2 0 217728 134848 10192 112
2 0 219648 134064 9072 96
2 0 217440 135240 10080 120
2 0 218496 133952 10304 128
2 0 221760 134400 6720
2 0 220416 134400 8064
2 0 217728 136080 9072
1 80640 235872 45360 1008
1 80640 236320 44800 1120
1 80640 233856 47040 1344
1 80640 238784 42560 896
1 80640 235872 45360 1008
1 80640 241920 40320
2 0 221760 134400 6720
2 0 220416 134400 8064
2 0 217728 136080 9072
2 0 220416 134400 8064
2 0 223104 134400 5376
1 80640 248640 33600
1 80640 241920 40320
1 80640 241920 40320
2 0 241920 120960
2 0 228480 134400
1 80640 282240
2 0 362880

1 70560 233604 56546 2156 14
1 70560 236628 54180 1512
1 70560 236040 54600 1680
2 0 236544 121226 5096 14
2 0 219072 134736 8988 84
2 0 220920 134400 7560
2 0 220416 134400 8064
2 0 199920 147280 15400 280
2 0 201600 147672 13440 168
2 0 204120 147420 11340
1 100800 235368 26460 252
1 90720 236600 35000 560
1 90720 238392 33600 168
1 80640 233856 47040 1344
1 80640 237384 44100 756
1 70560 228816 60480 3024
2 0 263760 96600 2520
2 0 249984 109200 3696
2 0 250992 109620 2268
2 0 234192 122640 6048
2 0 215040 134400 13440
1 120960 225120 16800
1 110880 231840 20160
1 100800 231840 30240
2 0 287280 75600
2 0 275520 87360
1 141120 221760
2 0 362880

1 73440 233172 53982 2268 18
1 73440 233640 54000 1800
2 0 235368 122220 5292
2 0 216000 138024 8820 36
2 0 218880 134370 9540 90
2 0 218880 135360 8640
2 0 200880 151200 10800
2 0 203616 146736 12384 144
2 0 206064 142074 14256 486
1 103680 235224 23940 36
1 87840 238680 36000 360
1 90720 237240 34560 360
1 74880 241344 46080 576
1 77760 237816 45900 1404
1 64800 243360 54000 720
2 0 275760 86400 720
2 0 251712 108720 2448
2 0 256176 104220 2484
2 0 229680 127440 5760
2 0 207360 149760 5760
1 138240 217440 7200
1 116640 231120 15120
1 95040 240480 27360
2 0 317520 45360
2 0 290880 72000
1 181440 181440
2 0 362880

1 72000 235200 53660 2000 20
2 0 235200 121800 5880
2 0 216480 138000 8400
2 0 220080 133380 9360 60
2 0 218880 134560 9280 160
2 0 201120 149240 12440 80
2 0 203520 146760 12480 120
2 0 207360 142560 12960
1 103680 234000 25200
1 86400 240960 35400 120
1 92160 234000 36000 720
1 74880 241600 45760 640
1 80640 235440 46080 720
1 69120 235440 56880 1440
2 0 276960 85800 120
2 0 249600 111360 1920
2 0 254880 103680 4320
2 0 228960 129600 4320
2 0 209280 145920 7680
1 144000 216000 2880
1 115200 232560 15120
1 86400 253440 23040
2 0 332640 30240
2 0 293760 69120
1 201600 161280
2 0 362880

1 70560 233604 56546 2156 14
1 80640 236208 44940 1092
1 80640 234780 46200 1260
1 80640 233856 47040 1344
1 90720 239680 32200 280
1 90720 238392 33600 168
1 90720 238140 34020
2 0 186480 159768 16380 252
2 0 203280 147140 12320 140
2 0 201600 147672 13440 168
2 0 220416 134400 8064
2 0 219744 134820 8316
2 0 238896 120960 3024
1 50400 238560 71400 2520
1 60480 238224 62160 2016
1 60480 235872 64260 2268
1 70560 239232 52080 1008
1 80640 241920 40320
2 0 161280 184800 16800
2 0 176400 171360 15120
2 0 191520 161280 10080
1 30240 257040 75600
1 40320 255360 67200
2 0 151200 211680
1 0 362880

1 83520 233856 43968 1524 12
1 80640 236160 45000 1080
1 80640 237120 44160 960
1 83520 233760 44400 1200
1 80640 235872 45360 1008
1 77760 237168 46980 972
2 0 216000 138024 8820 36
2 0 221760 131160 9840 120
2 0 218880 135360 8640
2 0 225216 127488 9984 192
2 0 221184 131832 9756 108
2 0 224640 128160 10080
1 72000 243360 46800 720
1 80640 235872 45360 1008
1 77760 238896 45900 324
1 86400 230400 44640 1440
1 92160 226560 42240 1920
2 0 204480 151200 7200
2 0 213120 142560 7200
2 0 224640 128160 10080
1 51840 267840 43200
1 69120 250560 43200
2 0 201600 161280
1 0 362880

1 79200 235440 46695 1530 15
1 80640 234240 46560 1440
1 79200 243360 40200 120
1 79200 240360 42480 840
1 77760 238140 45360 1620
2 0 219600 135000 8280
2 0 220080 133380 9360 60
2 0 217440 135240 10080 120
2 0 220800 133920 8160
2 0 217440 135900 9360 180
2 0 221040 138240 3600
1 79200 243360 40200 120
1 83520 234480 44160 720
1 77760 239760 44280 1080
1 82080 235680 43920 1200
1 80640 241920 40320
2 0 224640 135840 2400
2 0 222480 133920 6480
2 0 226080 128160 8640
1 64800 274320 23760
1 86400 238080 38400
2 0 231840 131040
1 0 362880

1 82944 230784 47264 1856 32
1 80640 239680 41920 640
1 82944 234624 44736 576
1 82944 233280 46656
2 0 218880 135360 8640
2 0 218880 135360 8640
2 0 216576 135168 10944 192
2 0 221184 133952 7616 128
2 0 218880 135360 8640
2 0 223488 132480 6912
1 80640 242880 39360
1 82944 234624 44736 576
1 76032 240192 44928 1728
1 78336 241152 42624 768
1 73728 253824 33792 1536
2 0 230400 131520 960
2 0 223488 132480 6912
2 0 223488 132480 6912
1 69120 276480 17280
1 92160 232320 38400
2 0 241920 120960
1 0 362880

1 72000 224640 62320 3880 40
1 69120 234000 57360 2400
1 64800 246240 51840
2 0 247680 111600 3600
2 0 239040 117520 6280 40
2 0 237600 121440 3840
2 0 221760 128320 12640 160
2 0 221760 133920 7200
2 0 195840 145440 20880 720
1 100800 236160 25800 120
1 103680 228480 30240 480
1 95040 241920 25920
1 97920 227520 36480 960
1 92160 211200 55680 3840
2 0 250560 109920 2400
2 0 253440 105840 3600
2 0 253440 100800 8640
1 86400 254880 21600
1 115200 217920 29760
2 0 241920 120960
1 0 362880

1 71424 232848 56712 1872 24
1 69984 237816 53136 1944
2 0 251712 108720 2448
2 0 235680 121200 6000
2 0 236160 122376 4320 24
2 0 216960 135744 10080 96
2 0 218304 135936 8496 144
2 0 198432 148752 15408 288
1 109440 234480 18960
1 105984 227808 28896 192
1 93312 247968 21168 432
1 89856 235920 36144 960
1 73728 239616 47232 2304
2 0 270720 91680 480
2 0 265248 94320 3312
2 0 251712 103680 7488
1 103680 248400 10800
1 138240 196800 27840
2 0 262080 100800
1 0 362880

1 69984 234900 52974 4860 162
2 0 256608 105300 972
2 0 233280 123120 6480
2 0 235872 123120 3888
2 0 212544 142560 7776
2 0 213840 137376 11340 324
2 0 195696 162000 5184
1 116640 233280 12960
1 108864 226800 27216
1 93312 254016 15228 324
1 85536 238464 37584 1296
1 62208 259200 41472
2 0 285120 77760
2 0 276048 84240 2592
2 0 251424 103680 7776
1 116640 239760 6480
1 155520 181440 25920
2 0 272160 90720
1 0 362880

1 43200 231120 84024 4500 36
1 57600 238320 64800 2160
1 60480 236880 63360 2160
1 74880 241344 46080 576
1 77760 241056 43740 324
1 95040 240480 27360
2 0 129600 200160 32400 720
2 0 155520 184752 22320 288
2 0 159840 180576 22140 324
2 0 182880 167040 12960
2 0 207360 149760 5760
1 17280 216000 122400 7200
1 25920 233280 99360 4320
1 34560 246240 80640 1440
2 0 82080 237600 43200
2 0 103680 230400 28800
1 0 211680 151200
2 0 0 362880

1 72000 235200 53660 2000 20
1 72000 234720 54720 1440
1 86400 230400 44640 1440
1 86400 229680 45360 1440
1 100800 226080 35280 720
2 0 163200 180960 18600 120
2 0 185280 162480 14880 240
2 0 185760 162000 15120
2 0 207840 141840 12960 240
2 0 230400 120960 11520
1 28800 242880 88800 2400
1 43200 243360 74160 2160
1 57600 243360 59040 2880
2 0 116640 224640 21600
2 0 145920 197760 19200
1 0 252000 110880
2 0 0 362880

1 69120 235152 56136 2448 24
1 80640 237888 43680 672
1 77760 240912 43200 1008
1 86400 248112 28080 288
2 0 174240 173280 15360
2 0 190080 157776 14880 144
2 0 186624 159408 16416 432
2 0 205344 146064 11376 96
2 0 223488 132480 6912
1 34560 253440 74400 480
1 51840 240048 68400 2592
1 69120 230112 61920 1728
2 0 133920 218160 10800
2 0 167040 176640 19200
1 0 272160 90720
2 0 0 362880

1 92160 224832 43328 2528 32
1 86400 230400 44640 1440
1 92160 218880 48960 2880
2 0 200640 154080 8160
2 0 216960 135744 10080 96
2 0 212544 142560 7776
2 0 227712 122688 12288 192
2 0 239616 106752 15744 768
1 46080 260160 56160 480
1 69120 240768 51840 1152
1 92160 218880 48960 2880
2 0 155520 198720 8640
2 0 192000 156480 14400
1 0 282240 80640
2 0 0 362880

1 77760 239184 43704 2196 36
1 77760 245376 38880 864
2 0 210240 146880 5760
2 0 222336 130320 10224
2 0 215136 140832 6804 108
2 0 225504 124992 12096 288
2 0 230400 120960 11520
1 51840 264960 46080
1 77760 236448 47520 1152
1 103680 204768 51840 2592
2 0 168480 190080 4320
2 0 207360 141120 14400
1 0 292320 70560
2 0 0 362880

1 69120 220608 66816 6192 144
2 0 239040 121680 2160
2 0 251712 103680 7488
2 0 243648 116640 2592
2 0 246528 105696 10512 144
2 0 221184 119808 20736 1152
1 69120 262080 31680
1 103680 222048 36720 432
1 138240 178560 43200 2880
2 0 190080 170640 2160
2 0 230400 120960 11520
1 0 302400 60480
2 0 0 362880

1 14400 201600 135360 11400 120
1 23040 227520 107040 5280
1 25920 233280 99360 4320
1 34560 248160 78720 1440
1 46080 259200 57600
2 0 60480 230400 69600 2400
2 0 83520 233280 45360 720
2 0 103680 230400 28800
1 0 146880 194400 21600
1 0 175680 177600 9600
2 0 0 262080 100800
1 0 0 362880

1 36864 237888 84528 3552 48
1 41472 235872 81648 3888
1 55296 241440 63264 2880
1 73728 239616 47232 2304
2 0 86400 233280 42720 480
2 0 118080 212544 31680 576
2 0 145152 193824 23328 576
1 0 185760 168480 8640
1 0 218880 136320 7680
2 0 0 292320 70560
1 0 0 362880

1 46656 229824 81216 5076 108
1 62208 231552 67392 1728
1 82944 224640 55296
2 0 95040 233280 34560
2 0 129600 202176 30240 864
2 0 158976 177120 26784
1 0 198720 159840 4320
1 0 233280 120960 8640
2 0 0 302400 60480
1 0 0 362880

1 82944 220416 55968 3504 48
1 110592 198144 50688 3456
2 0 115200 225600 22080
2 0 155520 184752 22320 288
2 0 188928 150336 22752 864
1 0 220320 140400 2160
1 0 255360 100800 6720
2 0 0 312480 50400
1 0 0 362880

1 147456 153600 53760 7680 384
2 0 138240 213120 11520
2 0 184320 161280 17280
2 0 221184 119808 20736 1152
1 0 241920 120960
1 0 276480 80640 5760
2 0 0 322560 40320
1 0 0 362880

1 0 129600 201600 31200 480
1 0 164160 184320 14400
1 0 190080 167040 5760
2 0 0 216000 138240 8640
2 0 0 244800 116160 1920
1 0 0 302400 60480
2 0 0 0 362880

1 0 204480 147456 10800 144
1 0 233280 120960 8640
2 0 0 250560 110160 2160
2 0 0 279360 80640 2880
1 0 0 322560 40320
2 0 0 0 362880

1 0 262656 90432 9504 288
2 0 0 272160 90720
2 0 0 299520 60480 2880
1 0 0 332640 30240
2 0 0 0 362880

1 0 0 280800 79920 2160
1 0 0 302400 60480
2 0 0 0 332640 30240
1 0 0 0 362880

1 0 0 321600 40320 960
2 0 0 0 342720 20160
1 0 0 0 362880

1 0 0 0 352800 10080
2 0 0 0 0 362880

1 0 0 0 0 362880

