34

1 -40 9 30 1
1 8 -5 -3
1 -4 5 -1
2 0 -60 55 5
2 0 10 -10
0
2 0 -58 50 8
2 0 10 -10
0
2 0 -54 45 9
0
2 0 -68 60 8
1 -60 40 20
1 20 -20
0
1 -40 10 30
0
1 -60 30 30
0
0
0
1 -40 0 40
0
2 0 -60 60
0
2 0 -80 80
0
0
0
0
1 -120 120
0
0
0

1 8 -15 6 1
1 -4 7 -3
2 0 -4 3 1
2 0 2 -6 4
0
2 0 14 -14
2 0 2 -8 6
0
2 0 6 -6
0
2 0 12 -8 -4
1 -12 4 8
1 20 -32 12
0
1 8 -14 6
0
1 -12 18 -6
0
0
0
1 8 8 -16
0
2 0 -36 36
0
2 0 -8 8
0
0
0
0
1 -72 72
0
0
0

1 -4 3 0 1
2 0 4 -4
2 0 0 -2 2
0
2 0 -4 2 2
2 0 0 4 -4
0
2 0 0 3 -3
0
2 0 -4 4
1 0 -2 2
1 8 -14 6
0
1 8 -8
0
1 0 6 -6
0
0
0
1 8 -24 16
0
2 0 -12 12
0
2 0 4 -4
0
0
0
0
1 -24 24
0
0
0

1 -48 20 27 1
1 0 -2 2
0
1 -48 22 26
1 0 -6 6
0
1 -48 18 30
0
1 -48 24 24
2 0 -60 52 8
2 0 -4 4
0
2 0 -64 58 6
0
2 0 -60 54 6
0
0
0
2 0 -64 64
0
1 -48 12 36
0
1 -48 16 32
0
0
0
0
2 0 -96 96
0
0
0

1 12 -22 9 1
0
1 12 -14 2
1 12 -18 6
0
1 12 -6 -6
0
1 0 12 -12
2 0 -18 16 2
2 0 2 -8 6
0
2 0 -4 4
0
2 0 6 -3 -3
0
0
0
2 0 8 -8
0
1 -24 6 18
0
1 -24 28 -4
0
0
0
0
2 0 -48 48
0
0
0

1 -40 9 30 1
0
0
1 8 -5 -3
0
1 -4 5 -1
0
0
0
2 0 -60 55 5
0
2 0 10 -10
0
2 0 -58 50 8
2 0 -68 60 8
2 0 -54 45 9
0
2 0 10 -10
0
1 -60 40 20
0
1 20 -20
1 -40 10 30
1 -60 30 30
1 -40 0 40
0
2 0 -60 60
2 0 -80 80
1 -120 120

1 -36 2 32 2
1 12 -2 -10
0
1 -36 6 30
0
1 -48 8 40
2 0 -66 64 2
2 0 2 -2
0
2 0 -52 46 6
0
2 0 -78 78
0
0
0
2 0 -64 48 16
0
1 -72 54 18
0
1 -72 52 20
0
0
0
0
2 0 -72 72
0
0
0

1 12 -26 12 2
0
1 12 -18 6
0
1 0 16 -16
2 0 -18 18
2 0 2 -4 2
0
2 0 -4 2 2
0
2 0 -6 6
0
0
0
2 0 32 -24 -8
0
1 -24 18 6
0
1 -24 24
0
0
0
0
2 0 -24 24
0
0
0

1 8 -15 6 1
0
1 -4 7 -3
0
0
0
2 0 -4 3 1
0
2 0 2 -6 4
0
2 0 14 -14
2 0 12 -8 -4
2 0 6 -6
0
2 0 2 -8 6
0
1 -12 4 8
0
1 20 -32 12
1 8 -14 6
1 -12 18 -6
1 8 8 -16
0
2 0 -36 36
2 0 -8 8
1 -72 72

1 -36 6 27 3
0
1 -48 12 36
2 0 -66 66
2 0 18 -18
0
2 0 -60 54 6
0
2 0 -78 72 6
0
0
0
2 0 -72 72
0
1 -72 66 6
0
1 -72 48 24
0
0
0
0
2 0 -48 48
0
0
0

1 -4 3 0 1
0
0
0
2 0 4 -4
0
2 0 0 -2 2
0
2 0 -4 2 2
2 0 -4 4
2 0 0 3 -3
0
2 0 0 4 -4
0
1 0 -2 2
0
1 8 -14 6
1 8 -8
1 0 6 -6
1 8 -24 16
0
2 0 -12 12
2 0 4 -4
1 -24 24

1 -48 12 32 4
2 0 -48 48
2 0 24 -24
0
2 0 -72 72
0
2 0 -48 36 12
0
0
0
2 0 -72 56 16
0
1 -48 48
0
1 -48 24 24
0
0
0
0
2 0 -24 24
0
0
0

1 -36 -6 40 2
1 -12 2 10
0
1 -48 14 34
0
1 -36 12 24
0
0
0
1 -48 32 16
0
2 0 -72 54 18
0
2 0 -60 52 8
0
0
0
0
1 0 -72 72
0
0
0

1 -4 2 0 2
0
1 -16 18 -2
0
1 -12 24 -12
0
0
0
1 -16 24 -8
0
2 0 -24 18 6
0
2 0 -20 24 -4
0
0
0
0
1 0 -24 24
0
0
0

1 -48 20 27 1
0
1 0 -2 2
0
1 -48 22 26
1 -48 24 24
1 -48 18 30
0
1 0 -6 6
0
2 0 -60 52 8
0
2 0 -4 4
2 0 -64 58 6
2 0 -60 54 6
2 0 -64 64
0
1 -48 12 36
1 -48 16 32
2 0 -96 96

1 -64 44 18 2
0
1 -48 18 30
0
0
0
1 -64 48 16
0
2 0 -72 66 6
0
2 0 -56 48 8
0
0
0
0
1 0 -48 48
0
0
0

1 12 -22 9 1
0
1 12 -14 2
1 0 12 -12
1 12 -6 -6
0
1 12 -18 6
0
2 0 -18 16 2
0
2 0 2 -8 6
2 0 -4 4
2 0 6 -3 -3
2 0 8 -8
0
1 -24 6 18
1 -24 28 -4
2 0 -48 48

1 -36 6 27 3
0
0
0
1 -48 24 24
0
2 0 -48 48
0
2 0 -36 24 12
0
0
0
0
1 0 -24 24
0
0
0

1 -36 2 32 2
1 -48 8 40
1 -36 6 30
0
1 12 -2 -10
0
2 0 -66 64 2
0
2 0 2 -2
2 0 -52 46 6
2 0 -78 78
2 0 -64 48 16
0
1 -72 54 18
1 -72 52 20
2 0 -72 72

1 -48 12 32 4
1 -48 12 36
0
1 0 16 -16
0
2 0 -48 48
0
2 0 24 -24
2 0 -72 72
2 0 -48 36 12
2 0 -72 56 16
0
1 -48 48
1 -48 24 24
2 0 -24 24

1 -36 6 27 3
0
1 12 -18 6
0
2 0 -66 66
0
2 0 18 -18
2 0 -60 54 6
2 0 -78 72 6
2 0 -72 72
0
1 -72 66 6
1 -72 48 24
2 0 -48 48

1 -64 16 40 8
0
2 0 -48 48
0
2 0 -32 24 8
0
0
0
0
1 0 -24 24
0
0
0

1 12 -26 12 2
0
2 0 -18 18
0
2 0 2 -4 2
2 0 -4 2 2
2 0 -6 6
2 0 32 -24 -8
0
1 -24 18 6
1 -24 24
2 0 -24 24

1 0 -72 66 6
0
1 0 -48 48
0
0
0
0
2 0 0 -48 48
0
0
0

1 -36 -6 40 2
0
1 -12 2 10
1 -48 14 34
1 -36 12 24
1 -48 32 16
0
2 0 -72 54 18
2 0 -60 52 8
1 0 -72 72

1 0 -28 24 4
0
0
0
0
2 0 0 -24 24
0
0
0

1 -4 2 0 2
1 -16 18 -2
1 -12 24 -12
1 -16 24 -8
0
2 0 -24 18 6
2 0 -20 24 -4
1 0 -24 24

1 -64 44 18 2
1 -48 18 30
1 -64 48 16
0
2 0 -72 66 6
2 0 -56 48 8
1 0 -48 48

1 -36 6 27 3
1 -48 24 24
0
2 0 -48 48
2 0 -36 24 12
1 0 -24 24

1 -64 16 40 8
0
2 0 -48 48
2 0 -32 24 8
1 0 -24 24

1 0 0 -24 24
0
0
0

1 0 -72 66 6
1 0 -48 48
2 0 0 -48 48

1 0 -28 24 4
2 0 0 -24 24

1 0 0 -24 24

