18

2 0 -12 11 1
2 0 2 -2
1 -12 8 4
1 4 -4
0
1 -8 2 6
0
1 -12 6 6
2 0 -12 12
0
2 0 -16 16
0
0
0
1 -24 24
0
0
0

2 0 0 -1 1
1 0 -1 1
1 4 -7 3
0
1 4 -4
0
1 0 3 -3
2 0 -6 6
0
2 0 2 -2
0
0
0
1 -12 12
0
0
0

2 0 -12 11 1
2 0 -2 2
0
2 0 -14 14
0
2 0 -12 12
1 -12 6 6
0
1 -12 8 4
0
0
0
2 0 -18 18
0
0
0

2 0 0 -1 1
0
2 0 2 -2
0
2 0 6 -6
1 -4 2 2
0
1 -4 6 -2
0
0
0
2 0 -6 6
0
0
0

2 0 -12 11 1
0
2 0 2 -2
0
0
1 -12 8 4
0
1 4 -4
1 -8 2 6
1 -12 6 6
0
2 0 -12 12
2 0 -16 16
1 -24 24

2 0 -8 6 2
0
2 0 -18 18
1 -16 14 2
0
1 -16 12 4
0
0
0
2 0 -12 12
0
0
0

2 0 0 -1 1
0
0
1 0 -1 1
0
1 4 -7 3
1 4 -4
1 0 3 -3
0
2 0 -6 6
2 0 2 -2
1 -12 12

2 0 -12 9 3
1 -12 12
0
1 -12 6 6
0
0
0
2 0 -6 6
0
0
0

2 0 -16 14 2
0
2 0 -12 12
0
0
0
1 0 -12 12
0
0
0

2 0 -12 11 1
0
2 0 -2 2
2 0 -14 14
2 0 -12 12
0
1 -12 6 6
1 -12 8 4
2 0 -18 18

2 0 -8 6 2
0
0
0
1 0 -6 6
0
0
0

2 0 0 -1 1
2 0 2 -2
2 0 6 -6
0
1 -4 2 2
1 -4 6 -2
2 0 -6 6

2 0 -8 6 2
2 0 -18 18
0
1 -16 14 2
1 -16 12 4
2 0 -12 12

2 0 -12 9 3
0
1 -12 12
1 -12 6 6
2 0 -6 6

2 0 0 -6 6
0
0
0

2 0 -16 14 2
2 0 -12 12
1 0 -12 12

2 0 -8 6 2
1 0 -6 6

2 0 0 -6 6

