75

1 -108 111 7 -11 1
1 36 -49 14 -1
1 -108 147 -42 3
1 36 -49 14 -1
1 -108 147 -42 3
1 36 -49 14 -1
1 36 -49 14 -1
1 -36 49 -14 1
1 36 -49 14 -1
1 -108 147 -42 3
2 0 -108 147 -42 3
0
0
0
0
0
0
0
0
0
2 0 -144 196 -56 4
0
0
0
0
2 0 -72 98 -28 2
0
0
0
0
0
0
0
2 0 -72 98 -28 2
0
0
1 -216 294 -84 6
0
0
0
0
0
1 -216 294 -84 6
0
0
0
0
0
0
0
0
0
0
0
0
0
0
0
0
0
0
1 -216 294 -84 6
0
0
0
0
0
0
0
0
0
0
0
0
0

1 -28 19 17 -9 1
1 36 -49 14 -1
1 36 -53 19 -2
1 36 -49 14 -1
1 100 -149 55 -6
1 36 -49 14 -1
1 -68 97 -32 3
1 4 -5 1
1 36 -45 9
2 0 -36 49 -14 1
2 0 -32 48 -18 2
0
2 0 36 -41 4 1
2 0 28 -39 12 -1
2 0 16 -20 4
2 0 28 -35 7
2 0 4 -5 1
2 0 -12 15 -3
2 0 12 -15 3
2 0 72 -98 28 -2
2 0 -32 44 -13 1
2 0 12 -19 8 -1
2 0 -12 15 -3
2 0 -32 44 -13 1
2 0 -12 15 -3
2 0 -24 34 -11 1
0
2 0 48 -60 12
2 0 84 -117 36 -3
0
2 0 -36 45 -9
2 0 -60 95 -40 5
2 0 12 -15 3
0
2 0 12 -19 8 -1
1 -72 98 -28 2
1 32 -32 -2 2
1 32 -48 18 -2
1 32 -40 8
1 -64 80 -16
1 -160 240 -90 10
1 -72 98 -28 2
1 96 -120 24
1 96 -144 54 -6
1 32 -32 -2 2
1 32 -36 3 1
1 0 -4 5 -1
1 32 -40 8
1 0 60 -75 15
1 32 -36 3 1
1 32 -32 -2 2
1 32 -44 13 -1
1 0 12 -15 3
0
1 32 -32 -2 2
1 -160 240 -90 10
1 96 -120 24
1 -32 40 -8
1 -96 120 -24
1 -96 120 -24
1 -72 90 -18
0
0
0
2 0 80 -100 20
2 0 16 -20 4
2 0 16 -20 4
2 0 24 -30 6
2 0 -48 60 -12
2 0 24 -30 6
2 0 -12 15 -3
2 0 24 -30 6
0
0

1 -108 123 -8 -8 1
1 36 -49 14 -1
1 -108 135 -27
1 36 -49 14 -1
1 36 -49 14 -1
1 -36 53 -19 2
1 36 -45 9
1 -108 147 -42 3
2 0 -36 49 -14 1
0
2 0 -72 98 -28 2
0
0
0
0
0
0
0
2 0 -72 98 -28 2
2 0 -12 15 -3
2 0 -12 19 -8 1
2 0 0 -4 5 -1
2 0 12 -15 3
2 0 -72 98 -28 2
2 0 12 -15 3
2 0 -72 98 -28 2
0
0
0
2 0 36 -45 9
0
2 0 -72 98 -28 2
2 0 -12 19 -8 1
2 0 12 -19 8 -1
1 -216 294 -84 6
0
0
0
0
0
1 -216 294 -84 6
0
0
0
0
0
0
0
0
0
0
0
0
0
0
0
1 0 -8 10 -2
1 0 -12 15 -3
1 0 12 -15 3
1 -216 294 -84 6
0
0
0
0
0
0
0
0
0
0
0
0
0

1 36 -77 53 -13 1
1 36 -49 14 -1
1 36 -53 19 -2
1 36 -49 14 -1
1 -36 45 -9
1 36 -45 9
1 36 -57 24 -3
2 0 -36 49 -14 1
0
0
0
2 0 12 -15 3
2 0 -24 34 -11 1
2 0 24 -34 11 -1
2 0 -12 15 -3
0
0
2 0 72 -98 28 -2
0
0
0
0
2 0 -12 19 -8 1
0
0
0
2 0 24 -30 6
2 0 -24 30 -6
0
0
2 0 12 -19 8 -1
0
0
1 -72 98 -28 2
0
0
0
0
0
1 -72 98 -28 2
0
0
0
0
1 0 8 -10 2
0
0
0
0
0
0
0
0
0
0
0
0
0
1 -72 114 -48 6
0
0
0
0
0
0
0
0
0
2 0 24 -30 6
0
0
0

1 -108 123 -8 -8 1
1 36 -49 14 -1
1 36 -49 14 -1
1 -36 45 -9
1 36 -53 19 -2
1 -108 147 -42 3
2 0 -36 49 -14 1
0
2 0 -72 98 -28 2
0
0
0
0
0
0
0
2 0 -72 98 -28 2
2 0 12 -15 3
2 0 12 -19 8 -1
2 0 0 4 -5 1
2 0 -12 15 -3
2 0 -72 98 -28 2
2 0 -12 15 -3
2 0 -72 98 -28 2
0
0
0
2 0 -36 45 -9
0
2 0 -72 98 -28 2
2 0 12 -19 8 -1
2 0 -12 19 -8 1
1 -216 294 -84 6
0
0
0
0
0
1 -216 294 -84 6
0
0
0
0
0
0
0
0
0
0
0
0
0
0
0
1 0 8 -10 2
1 0 12 -15 3
1 0 -12 15 -3
1 -216 294 -84 6
0
0
0
0
0
0
0
0
0
0
0
0
0

1 -28 19 17 -9 1
1 36 -49 14 -1
1 -4 5 -1
1 68 -97 32 -3
1 36 -45 9
2 0 -36 49 -14 1
2 0 32 -48 18 -2
0
2 0 -36 41 -4 -1
2 0 -4 5 -1
2 0 -28 35 -7
2 0 -16 20 -4
2 0 -28 39 -12 1
2 0 12 -15 3
2 0 -12 15 -3
2 0 72 -98 28 -2
2 0 32 -44 13 -1
2 0 -12 19 -8 1
2 0 12 -15 3
2 0 32 -44 13 -1
2 0 -12 15 -3
2 0 24 -34 11 -1
0
2 0 -48 60 -12
0
2 0 -84 117 -36 3
2 0 36 -45 9
2 0 60 -95 40 -5
2 0 12 -15 3
0
2 0 -12 19 -8 1
1 -72 98 -28 2
1 -32 32 2 -2
1 -32 48 -18 2
1 -32 40 -8
1 64 -80 16
1 160 -240 90 -10
1 -72 98 -28 2
1 -96 120 -24
1 -96 144 -54 6
1 -32 32 2 -2
1 -32 36 -3 -1
1 0 -4 5 -1
1 -32 40 -8
1 0 -60 75 -15
1 -32 36 -3 -1
1 -32 32 2 -2
1 -32 44 -13 1
1 0 -12 15 -3
0
1 -32 32 2 -2
1 160 -240 90 -10
1 -96 120 -24
1 32 -40 8
1 96 -120 24
1 96 -120 24
1 -72 90 -18
0
0
0
2 0 -80 100 -20
2 0 -16 20 -4
2 0 -16 20 -4
2 0 -24 30 -6
2 0 48 -60 12
2 0 -24 30 -6
2 0 -12 15 -3
2 0 -24 30 -6
0
0

1 36 -81 58 -14 1
1 -36 53 -19 2
1 36 -53 19 -2
1 36 -45 9
0
0
2 0 -36 49 -14 1
0
2 0 -24 34 -11 1
2 0 12 -15 3
2 0 -12 15 -3
2 0 24 -34 11 -1
0
0
0
0
0
0
0
2 0 24 -34 11 -1
0
0
0
2 0 -12 15 -3
2 0 12 -15 3
0
0
2 0 12 -15 3
0
0
1 -72 98 -28 2
0
0
0
0
0
1 -72 98 -28 2
0
0
0
0
1 0 8 -10 2
0
0
0
0
0
0
0
0
0
0
0
0
0
1 -72 90 -18
0
0
0
0
0
0
0
0
0
2 0 24 -30 6
0
0
0

1 20 -49 39 -11 1
1 -52 73 -23 2
1 -36 57 -24 3
0
2 0 -16 24 -9 1
2 0 36 -49 14 -1
2 0 12 -15 3
2 0 8 -10 2
2 0 -4 9 -6 1
2 0 20 -25 5
2 0 -4 5 -1
0
2 0 24 -34 11 -1
0
2 0 -16 20 -4
0
2 0 -24 30 -6
2 0 -16 24 -9 1
2 0 -24 30 -6
2 0 -24 34 -11 1
0
2 0 -12 15 -3
2 0 60 -87 30 -3
0
0
0
2 0 -12 19 -8 1
2 0 0 4 -5 1
2 0 24 -34 11 -1
1 72 -98 28 -2
1 16 -16 -1 1
1 16 -24 9 -1
1 16 -20 4
1 -32 40 -8
1 -80 120 -45 5
1 72 -98 28 -2
1 48 -60 12
1 48 -72 27 -3
1 16 -12 -6 2
1 16 -20 4
1 0 4 -5 1
1 16 -12 -6 2
0
1 16 -24 9 -1
1 16 -12 -6 2
1 16 -20 4
1 0 12 -15 3
0
1 16 -20 4
1 -80 100 -20
1 48 -84 42 -6
1 -16 12 6 -2
1 -48 60 -12
1 -48 72 -27 3
1 72 -114 48 -6
0
0
0
2 0 40 -50 10
2 0 8 -10 2
2 0 8 -10 2
2 0 12 -15 3
2 0 -24 30 -6
2 0 48 -60 12
2 0 12 -15 3
2 0 24 -30 6
0
0

1 20 -49 39 -11 1
1 36 -57 24 -3
0
2 0 -16 24 -9 1
2 0 -36 49 -14 1
2 0 12 -15 3
2 0 -4 5 -1
2 0 20 -25 5
2 0 -4 9 -6 1
2 0 8 -10 2
0
2 0 24 -34 11 -1
0
2 0 -16 20 -4
0
2 0 -24 30 -6
2 0 -16 24 -9 1
2 0 24 -30 6
2 0 -24 34 -11 1
0
2 0 -12 15 -3
0
2 0 60 -87 30 -3
0
0
2 0 12 -19 8 -1
2 0 0 4 -5 1
2 0 24 -34 11 -1
1 -72 98 -28 2
1 16 -16 -1 1
1 16 -24 9 -1
1 16 -20 4
1 -32 40 -8
1 -80 120 -45 5
1 -72 98 -28 2
1 48 -60 12
1 48 -72 27 -3
1 16 -12 -6 2
1 16 -20 4
1 0 -4 5 -1
1 16 -12 -6 2
0
1 16 -24 9 -1
1 16 -12 -6 2
1 16 -20 4
1 0 12 -15 3
0
1 16 -20 4
1 -80 100 -20
1 48 -84 42 -6
1 -16 12 6 -2
1 -48 60 -12
1 -48 72 -27 3
1 -72 114 -48 6
0
0
0
2 0 40 -50 10
2 0 8 -10 2
2 0 8 -10 2
2 0 12 -15 3
2 0 -24 30 -6
2 0 48 -60 12
2 0 -12 15 -3
2 0 24 -30 6
0
0

1 -108 51 90 -36 3
0
0
2 0 -108 147 -42 3
0
0
0
0
0
0
0
0
0
0
0
0
2 0 -36 45 -9
0
2 0 -216 294 -84 6
0
2 0 -36 45 -9
2 0 36 -45 9
0
0
2 0 -72 102 -33 3
0
0
1 -216 294 -84 6
0
0
0
0
0
1 -216 294 -84 6
0
0
0
0
0
0
0
0
0
0
0
0
0
0
0
0
0
0
1 -216 270 -54
0
0
0
0
0
0
0
0
0
0
0
0
0

1 -144 160 -7 -10 1
0
1 -144 196 -56 4
0
0
0
0
0
0
0
1 -144 196 -56 4
0
0
0
0
1 -144 196 -56 4
0
1 -144 196 -56 4
0
0
0
0
0
1 -144 196 -56 4
0
0
2 0 -144 196 -56 4
0
0
0
0
0
2 0 -72 98 -28 2
0
0
0
0
0
0
0
0
0
0
0
0
0
0
0
0
0
0
0
0
0
0
0
0
0
0
0
0
0
0
0
0

1 0 -16 24 -9 1
0
1 48 -48 -3 3
1 48 -64 17 -1
1 48 -56 7 1
1 48 -56 7 1
1 48 -64 17 -1
1 48 -68 22 -2
1 48 -64 17 -1
0
1 -48 64 -17 1
1 -48 56 -7 -1
1 -48 60 -12
1 -144 200 -61 5
0
0
0
1 144 -180 36
1 144 -204 66 -6
1 144 -204 66 -6
1 144 -216 81 -9
1 -240 360 -135 15
0
1 48 -60 12
1 48 -72 27 -3
0
2 0 16 -16 -1 1
2 0 16 -24 9 -1
2 0 16 -20 4
2 0 -32 40 -8
2 0 -80 120 -45 5
0
2 0 48 -60 12
2 0 48 -72 27 -3
2 0 40 -50 10
2 0 16 -20 4
0
2 0 16 -20 4
2 0 120 -150 30
2 0 16 -20 4
2 0 16 -20 4
2 0 16 -20 4
2 0 36 -45 9
2 0 12 -15 3
2 0 28 -35 7
2 0 40 -50 10
0
2 0 -16 20 -4
2 0 -36 45 -9
2 0 -48 60 -12
0
0
0
0
1 0 40 -50 10
1 0 8 -10 2
1 0 8 -10 2
1 0 12 -15 3
1 0 -24 30 -6
0
0
0
0
0

1 -144 160 -7 -10 1
0
0
0
0
0
0
0
1 -144 196 -56 4
0
0
0
0
1 -144 196 -56 4
0
1 -144 196 -56 4
0
0
0
0
0
1 -144 196 -56 4
0
0
2 0 -144 196 -56 4
0
0
0
0
0
2 0 -72 98 -28 2
0
0
0
0
0
0
0
0
0
0
0
0
0
0
0
0
0
0
0
0
0
0
0
0
0
0
0
0
0
0
0
0

1 -12 63 -59 7 1
1 -12 27 -18 3
1 -12 39 -33 6
1 -12 39 -33 6
1 -12 27 -18 3
1 12 -27 18 -3
1 -12 27 -18 3
0
1 36 -41 4 1
1 -12 7 7 -2
1 12 -15 3
1 12 -7 -7 2
0
1 24 -22 -4 2
0
1 -36 33 6 -3
1 -36 33 6 -3
1 -36 33 6 -3
1 36 -45 9
1 60 -15 -60 15
0
1 12 -15 3
1 -12 7 7 -2
0
2 0 48 -48 -3 3
0
2 0 36 -45 9
0
2 0 120 -150 30
0
2 0 -36 45 -9
2 0 -36 45 -9
2 0 24 -14 -14 4
2 0 12 -7 -7 2
0
2 0 24 -30 6
2 0 60 -15 -60 15
2 0 12 -7 -7 2
2 0 36 -37 -1 2
2 0 12 -15 3
2 0 36 -33 -6 3
2 0 -12 15 -3
2 0 24 -22 -4 2
2 0 120 -150 30
2 0 -48 60 -12
0
2 0 36 -45 9
2 0 48 -60 12
0
1 -24 54 -36 6
1 120 -150 30
1 -72 90 -18
1 0 120 -150 30
1 -24 54 -36 6
1 -24 54 -36 6
1 0 36 -45 9
1 72 -90 18
1 0 48 -60 12
0
1 -24 54 -36 6
2 0 120 -150 30
2 0 72 -90 18

1 -12 -1 21 -9 1
1 -12 23 -13 2
1 -12 11 2 -1
1 -12 23 -13 2
1 12 -15 3
1 -12 15 -3
0
1 36 -45 9
1 -12 19 -8 1
1 12 -15 3
1 12 -11 -2 1
0
1 24 -34 11 -1
0
1 -36 45 -9
1 -36 45 -9
1 -36 45 -9
1 36 -45 9
1 60 -75 15
0
1 12 -15 3
1 -12 19 -8 1
0
2 0 16 -16 -1 1
2 0 -32 48 -18 2
2 0 4 -5 1
2 0 16 -20 4
2 0 40 -50 10
0
2 0 -12 15 -3
2 0 -12 15 -3
2 0 -8 18 -12 2
2 0 -20 29 -10 1
2 0 0 4 -5 1
2 0 -8 10 -2
2 0 60 -75 15
2 0 -20 29 -10 1
2 0 4 -5 1
2 0 -20 29 -10 1
2 0 36 -45 9
2 0 -12 15 -3
2 0 -8 10 -2
2 0 40 -50 10
2 0 -24 30 -6
2 0 8 -10 2
2 0 12 -15 3
2 0 24 -30 6
0
1 -24 54 -36 6
1 120 -150 30
1 -72 90 -18
1 0 40 -50 10
1 -24 38 -16 2
1 -24 38 -16 2
1 0 12 -15 3
1 72 -90 18
1 0 24 -30 6
1 0 12 -15 3
1 -24 30 -6
2 0 120 -150 30
2 0 72 -90 18

1 -12 19 -4 -4 1
1 -12 43 -38 7
1 -12 11 2 -1
1 12 -19 8 -1
1 -12 23 -13 2
0
1 36 -41 4 1
1 -12 15 -3
1 12 -15 3
1 12 -7 -7 2
0
1 24 -26 1 1
0
1 -36 33 6 -3
1 -36 33 6 -3
1 -36 33 6 -3
1 36 -45 9
1 60 -75 15
0
1 12 -15 3
1 -12 11 2 -1
0
2 0 40 -46 5 1
2 0 -8 10 -2
2 0 4 3 -9 2
2 0 16 -20 4
2 0 40 -50 10
0
2 0 -36 45 -9
2 0 -36 45 -9
2 0 16 -12 -6 2
2 0 4 -5 1
2 0 0 4 -5 1
2 0 -8 18 -12 2
2 0 60 -75 15
2 0 4 -5 1
2 0 16 -12 -6 2
2 0 -8 14 -7 1
2 0 36 -33 -6 3
2 0 -12 15 -3
2 0 4 3 -9 2
2 0 40 -50 10
2 0 -48 60 -12
2 0 8 -10 2
2 0 36 -45 9
2 0 48 -60 12
0
1 -24 54 -36 6
1 120 -150 30
1 -72 90 -18
1 0 40 -50 10
1 -24 38 -16 2
1 -24 54 -36 6
1 0 36 -45 9
1 72 -90 18
1 0 48 -60 12
1 0 12 -15 3
1 -24 46 -26 4
2 0 120 -150 30
2 0 72 -90 18

1 -12 19 -4 -4 1
1 -12 23 -13 2
1 12 -19 8 -1
1 -12 23 -13 2
0
1 36 -41 4 1
1 -12 15 -3
1 12 -15 3
1 12 -7 -7 2
0
1 24 -26 1 1
0
1 -36 33 6 -3
1 -36 33 6 -3
1 -36 33 6 -3
1 36 -45 9
1 60 -75 15
0
1 12 -15 3
1 -12 11 2 -1
0
2 0 40 -46 5 1
2 0 -8 10 -2
2 0 4 3 -9 2
2 0 16 -20 4
2 0 40 -50 10
0
2 0 -36 45 -9
2 0 -36 45 -9
2 0 16 -12 -6 2
2 0 4 -5 1
2 0 0 -4 5 -1
2 0 -8 18 -12 2
2 0 60 -75 15
2 0 4 -5 1
2 0 16 -12 -6 2
2 0 -8 14 -7 1
2 0 36 -33 -6 3
2 0 -12 15 -3
2 0 4 3 -9 2
2 0 40 -50 10
2 0 -48 60 -12
2 0 8 -10 2
2 0 36 -45 9
2 0 48 -60 12
0
1 -24 54 -36 6
1 120 -150 30
1 -72 90 -18
1 0 40 -50 10
1 -24 38 -16 2
1 -24 54 -36 6
1 0 36 -45 9
1 72 -90 18
1 0 48 -60 12
1 0 -12 15 -3
1 -24 46 -26 4
2 0 120 -150 30
2 0 72 -90 18

1 -12 -1 21 -9 1
1 12 -15 3
1 -12 15 -3
0
1 36 -45 9
1 -12 19 -8 1
1 12 -15 3
1 12 -11 -2 1
0
1 24 -34 11 -1
0
1 -36 45 -9
1 -36 45 -9
1 -36 45 -9
1 36 -45 9
1 60 -75 15
0
1 12 -15 3
1 -12 19 -8 1
0
2 0 16 -16 -1 1
2 0 -32 48 -18 2
2 0 4 -5 1
2 0 16 -20 4
2 0 40 -50 10
0
2 0 -12 15 -3
2 0 -12 15 -3
2 0 -8 18 -12 2
2 0 -20 29 -10 1
2 0 0 -4 5 -1
2 0 -8 10 -2
2 0 60 -75 15
2 0 -20 29 -10 1
2 0 4 -5 1
2 0 -20 29 -10 1
2 0 36 -45 9
2 0 -12 15 -3
2 0 -8 10 -2
2 0 40 -50 10
2 0 -24 30 -6
2 0 8 -10 2
2 0 12 -15 3
2 0 24 -30 6
0
1 -24 54 -36 6
1 120 -150 30
1 -72 90 -18
1 0 40 -50 10
1 -24 38 -16 2
1 -24 38 -16 2
1 0 12 -15 3
1 72 -90 18
1 0 24 -30 6
1 0 -12 15 -3
1 -24 30 -6
2 0 120 -150 30
2 0 72 -90 18

1 36 -69 43 -11 1
1 12 -19 8 -1
0
1 12 -15 3
1 -36 53 -19 2
1 -12 19 -8 1
1 -60 83 -25 2
0
1 24 -34 11 -1
0
1 36 -45 9
1 36 -45 9
1 36 -45 9
1 108 -171 72 -9
1 -60 75 -15
0
1 36 -49 14 -1
1 12 -15 3
0
2 0 12 -15 3
2 0 -36 53 -19 2
2 0 -12 19 -8 1
2 0 24 -30 6
0
0
2 0 -12 15 -3
2 0 -12 15 -3
2 0 -24 30 -6
0
0
0
2 0 -60 75 -15
2 0 36 -53 19 -2
2 0 24 -34 11 -1
0
2 0 -36 45 -9
2 0 -36 57 -24 3
2 0 -12 15 -3
0
2 0 24 -30 6
0
2 0 12 -15 3
2 0 -24 30 -6
0
1 -24 54 -36 6
1 120 -150 30
1 -72 90 -18
0
1 -24 30 -6
1 -24 38 -16 2
1 0 12 -15 3
1 72 -90 18
1 0 -24 30 -6
0
1 -24 38 -16 2
2 0 120 -150 30
2 0 72 -90 18

1 -12 -1 21 -9 1
0
1 36 -45 9
1 -12 19 -8 1
1 12 -7 -7 2
1 12 -19 8 -1
0
1 24 -34 11 -1
0
1 -36 45 -9
1 -36 45 -9
1 -36 45 -9
1 36 -45 9
1 60 -75 15
0
1 12 -23 13 -2
1 -12 11 2 -1
0
2 0 24 -30 6
2 0 -24 34 -11 1
2 0 -12 23 -13 2
2 0 24 -30 6
0
0
2 0 -24 30 -6
2 0 -24 30 -6
0
2 0 -12 15 -3
0
2 0 -24 30 -6
2 0 60 -75 15
2 0 -12 19 -8 1
0
2 0 -24 34 -11 1
2 0 36 -45 9
2 0 -12 15 -3
2 0 -12 23 -13 2
0
0
2 0 24 -30 6
2 0 24 -30 6
0
0
1 -24 54 -36 6
1 120 -150 30
1 -72 90 -18
0
1 -24 30 -6
1 -24 46 -26 4
1 0 24 -30 6
1 72 -90 18
0
0
1 -24 22 4 -2
2 0 120 -150 30
2 0 72 -90 18

1 -144 124 42 -24 2
0
0
0
0
1 -144 196 -56 4
0
1 -144 196 -56 4
0
0
0
0
0
1 -144 196 -56 4
0
0
2 0 -72 98 -28 2
0
0
0
0
0
0
0
0
0
0
0
0
0
0
0
0
0
0
0
0
0
0
0
0
0
0
0
0
0
0
0
0
0
0
0
0
0
0

1 -60 67 -1 -7 1
1 -12 19 -8 1
1 -36 57 -24 3
1 -84 117 -36 3
0
1 -24 30 -6
0
1 108 -135 27
1 108 -135 27
1 108 -135 27
1 36 -45 9
1 -180 265 -95 10
0
1 12 -35 28 -5
1 36 -45 9
0
2 0 16 -16 -1 1
2 0 16 -20 4
2 0 28 -35 7
2 0 -32 48 -18 2
2 0 40 -50 10
0
2 0 -12 15 -3
2 0 36 -45 9
2 0 40 -50 10
2 0 28 -39 12 -1
0
2 0 16 -20 4
2 0 60 -75 15
2 0 4 -5 1
2 0 4 -5 1
2 0 16 -20 4
2 0 12 -15 3
0
2 0 28 -35 7
2 0 -200 290 -100 10
2 0 120 -150 30
2 0 -16 28 -14 2
2 0 -84 117 -36 3
2 0 -12 15 -3
0
1 24 -14 -14 4
1 -120 190 -80 10
1 72 -90 18
1 0 40 -50 10
1 24 -30 6
1 24 -22 -4 2
1 0 12 -15 3
1 -72 114 -48 6
0
0
1 24 -38 16 -2
2 0 120 -150 30
2 0 48 -60 12

1 36 -69 43 -11 1
1 12 -19 8 -1
1 60 -75 15
0
1 -24 34 -11 1
0
1 -36 45 -9
1 -36 57 -24 3
1 -36 57 -24 3
1 -108 171 -72 9
1 60 -95 40 -5
0
1 -36 53 -19 2
1 -12 15 -3
0
0
2 0 0 4 -5 1
2 0 12 -15 3
2 0 -24 38 -16 2
0
0
0
2 0 48 -60 12
0
2 0 12 -19 8 -1
0
0
2 0 -60 75 -15
2 0 -12 15 -3
2 0 -12 15 -3
0
2 0 -24 30 -6
2 0 -12 15 -3
0
0
0
0
0
2 0 48 -60 12
0
1 24 -14 -14 4
1 -120 190 -80 10
1 72 -90 18
0
1 24 -38 16 -2
1 24 -30 6
0
1 -72 114 -48 6
0
0
1 24 -38 16 -2
2 0 120 -150 30
2 0 48 -60 12

1 -12 7 11 -7 1
1 -12 15 -3
0
1 -24 26 -1 -1
0
1 36 -57 24 -3
1 36 -45 9
1 36 -45 9
1 -36 45 -9
1 -60 75 -15
0
1 -12 7 7 -2
1 12 -3 -12 3
0
2 0 12 -15 3
2 0 12 -15 3
2 0 12 -11 -2 1
2 0 -24 38 -16 2
0
0
2 0 -12 15 -3
2 0 36 -45 9
0
0
0
2 0 24 -38 16 -2
0
0
0
2 0 24 -30 6
2 0 12 -15 3
2 0 12 -15 3
2 0 12 -15 3
0
0
2 0 -24 38 -16 2
2 0 -36 57 -24 3
2 0 -12 15 -3
0
1 24 -14 -14 4
1 -120 190 -80 10
1 72 -90 18
0
1 24 -38 16 -2
1 24 -22 -4 2
1 0 12 -15 3
1 -72 114 -48 6
0
0
1 24 -38 16 -2
2 0 120 -150 30
2 0 48 -60 12

1 36 -69 43 -11 1
0
1 -72 102 -33 3
0
1 36 -45 9
1 36 -45 9
1 36 -45 9
1 -180 261 -90 9
1 -60 95 -40 5
0
1 -60 95 -40 5
1 12 -15 3
0
2 0 40 -50 10
2 0 16 -20 4
2 0 16 -20 4
2 0 -32 48 -18 2
2 0 -80 120 -45 5
0
2 0 60 -75 15
2 0 48 -60 12
2 0 -8 18 -12 2
2 0 4 -5 1
0
2 0 16 -20 4
2 0 60 -75 15
2 0 28 -39 12 -1
2 0 40 -50 10
2 0 16 -20 4
2 0 24 -30 6
2 0 -12 15 -3
2 0 4 -5 1
2 0 40 -50 10
2 0 -24 30 -6
2 0 -16 20 -4
2 0 -12 15 -3
2 0 -72 102 -33 3
0
1 72 -82 8 2
1 -360 530 -190 20
1 216 -270 54
1 0 40 -50 10
1 72 -98 28 -2
1 72 -90 18
0
1 -216 294 -84 6
1 0 24 -30 6
0
1 72 -90 18
2 0 120 -150 30
2 0 24 -30 6

1 -144 172 -22 -7 1
0
1 -144 196 -56 4
0
1 0 12 -15 3
1 0 -12 15 -3
0
0
1 -144 184 -41 1
0
0
0
0
0
0
0
0
2 0 -72 98 -28 2
0
0
0
0
0
0
0
0
0
0
0
0
0
0
0
0
0
0
2 0 -144 204 -66 6
0
0
0
0
0
0
0
0
0
0
0
0
0

1 0 -28 39 -12 1
0
1 72 -102 33 -3
1 72 -102 33 -3
1 72 -102 33 -3
1 72 -90 18
1 -120 170 -55 5
0
1 24 -26 1 1
1 24 -38 16 -2
0
0
0
0
0
0
0
0
0
2 0 24 -30 6
2 0 12 -15 3
0
2 0 24 -30 6
2 0 60 -75 15
0
2 0 12 -11 -2 1
2 0 24 -34 11 -1
2 0 36 -45 9
2 0 -12 15 -3
2 0 12 -15 3
0
2 0 -24 30 -6
2 0 -24 30 -6
2 0 -12 15 -3
2 0 -72 102 -33 3
0
0
0
0
0
0
0
0
0
1 0 24 -30 6
0
1 0 16 -20 4
0
0

1 -144 124 42 -24 2
0
0
0
0
0
1 -144 196 -56 4
0
0
0
0
0
0
0
0
2 0 -72 98 -28 2
0
0
0
0
0
0
0
0
0
0
0
0
0
0
0
0
0
0
2 0 -216 294 -84 6
0
0
0
0
0
0
0
0
0
0
0
0
0

1 -108 135 -15 -15 3
1 -108 183 -87 12
1 -108 183 -87 12
1 108 -171 72 -9
1 180 -165 -30 15
0
1 36 -57 24 -3
1 -36 45 -9
0
2 0 -36 45 -9
0
2 0 -36 45 -9
0
2 0 180 -225 45
0
2 0 -108 171 -72 9
2 0 36 -45 9
2 0 -48 60 -12
2 0 -24 30 -6
0
2 0 -24 30 -6
0
2 0 -24 30 -6
2 0 -48 60 -12
2 0 -12 15 -3
2 0 -36 33 6 -3
2 0 12 -15 3
2 0 -36 45 -9
2 0 240 -300 60
2 0 -144 228 -96 12
0
2 0 60 -99 45 -6
2 0 48 -84 42 -6
0
1 -72 90 -18
1 360 -450 90
1 -216 342 -144 18
0
1 -72 90 -18
1 -72 90 -18
1 0 -36 45 -9
1 216 -342 144 -18
1 0 -48 60 -12
0
1 -72 90 -18
0
2 0 -72 90 -18

1 -108 87 45 -27 3
1 -108 171 -72 9
1 108 -135 27
1 180 -225 45
1 0 -12 15 -3
1 36 -57 24 -3
1 -36 57 -24 3
0
2 0 -36 45 -9
0
2 0 -36 45 -9
2 0 48 -60 12
2 0 60 -75 15
0
2 0 -12 27 -18 3
2 0 -84 129 -51 6
2 0 -48 60 -12
2 0 -24 30 -6
0
2 0 -24 30 -6
0
2 0 -24 30 -6
2 0 -48 60 -12
2 0 -12 15 -3
2 0 -36 33 6 -3
2 0 12 -15 3
2 0 -36 45 -9
2 0 120 -150 30
2 0 -48 84 -42 6
2 0 24 -30 6
2 0 72 -102 33 -3
2 0 60 -87 30 -3
2 0 72 -90 18
1 -72 90 -18
1 360 -450 90
1 -216 342 -144 18
0
1 -72 90 -18
1 -72 90 -18
1 0 -36 45 -9
1 216 -294 84 -6
1 0 -48 60 -12
0
1 -72 90 -18
0
2 0 -72 90 -18

1 -108 87 45 -27 3
1 108 -135 27
1 180 -225 45
1 0 12 -15 3
1 36 -57 24 -3
1 -36 57 -24 3
0
2 0 -36 45 -9
0
2 0 -36 45 -9
2 0 48 -60 12
2 0 60 -75 15
0
2 0 -12 27 -18 3
2 0 -84 129 -51 6
2 0 -48 60 -12
2 0 -24 30 -6
0
2 0 -24 30 -6
0
2 0 -24 30 -6
2 0 -48 60 -12
2 0 -12 15 -3
2 0 -36 33 6 -3
2 0 12 -15 3
2 0 -36 45 -9
2 0 120 -150 30
2 0 -48 84 -42 6
2 0 24 -30 6
2 0 72 -102 33 -3
2 0 60 -87 30 -3
2 0 -72 90 -18
1 -72 90 -18
1 360 -450 90
1 -216 342 -144 18
0
1 -72 90 -18
1 -72 90 -18
1 0 -36 45 -9
1 216 -294 84 -6
1 0 -48 60 -12
0
1 -72 90 -18
0
2 0 -72 90 -18

1 324 -657 432 -108 9
1 -180 225 -45
0
1 108 -135 27
1 36 -45 9
0
2 0 -36 45 -9
0
2 0 -36 45 -9
2 0 72 -90 18
0
0
2 0 36 -45 9
2 0 -144 216 -81 9
2 0 72 -90 18
2 0 -36 45 -9
0
0
0
2 0 36 -45 9
2 0 36 -45 9
0
2 0 36 -45 9
2 0 144 -216 81 -9
0
0
2 0 -72 90 -18
0
0
2 0 -144 216 -81 9
0
1 -72 90 -18
1 360 -450 90
1 -216 342 -144 18
0
1 -72 90 -18
1 -72 90 -18
1 0 -36 45 -9
1 216 -270 54
1 0 72 -90 18
0
1 -72 90 -18
0
2 0 -72 90 -18

1 -300 375 -55 -25 5
0
1 -60 75 -15
1 60 -95 40 -5
0
2 0 120 -150 30
0
0
0
2 0 -240 360 -135 15
0
2 0 180 -225 45
0
2 0 120 -150 30
2 0 60 -75 15
0
0
2 0 60 -15 -60 15
2 0 60 -75 15
2 0 60 -75 15
0
0
0
2 0 60 -75 15
2 0 -360 530 -190 20
2 0 240 -300 60
0
2 0 -120 150 -30
2 0 -120 150 -30
0
1 120 -150 30
1 -600 870 -300 30
1 360 -450 90
1 0 120 -150 30
1 120 -150 30
1 120 -150 30
0
1 -360 450 -90
0
0
1 120 -150 30
2 0 120 -150 30
0

1 -144 172 -22 -7 1
0
0
0
0
0
0
0
0
2 0 -72 98 -28 2
0
0
0
0
0
0
0
0
0
0
0
0
0
0
0
0
0
0
2 0 -72 90 -18
0
0
0
0
0
0
0
0
0
0
0
0
0

1 36 -53 23 -7 1
1 12 -19 8 -1
0
2 0 -12 15 -3
0
2 0 -12 15 -3
0
2 0 60 -75 15
0
2 0 -36 57 -24 3
2 0 12 -15 3
2 0 24 -30 6
2 0 12 -15 3
0
0
0
2 0 -12 15 -3
2 0 0 4 -5 1
0
2 0 12 -15 3
2 0 -12 15 -3
2 0 12 -19 8 -1
2 0 -120 150 -30
2 0 72 -114 48 -6
2 0 0 -8 10 -2
2 0 -36 45 -9
2 0 48 -60 12
0
1 -24 30 -6
1 120 -150 30
1 -72 114 -48 6
0
1 -24 30 -6
1 -24 30 -6
1 0 -12 15 -3
1 72 -114 48 -6
1 0 24 -30 6
0
1 -24 46 -26 4
0
2 0 -24 30 -6

1 -12 -5 26 -10 1
0
2 0 -12 15 -3
0
2 0 -12 15 -3
2 0 24 -30 6
0
0
2 0 12 -15 3
2 0 -48 72 -27 3
0
0
0
2 0 -24 30 -6
2 0 -60 75 -15
2 0 -12 15 -3
2 0 -12 15 -3
2 0 -24 34 -11 1
2 0 -24 30 -6
0
2 0 0 -4 5 -1
0
0
2 0 24 -30 6
2 0 36 -45 9
0
0
1 -24 30 -6
1 120 -150 30
1 -72 114 -48 6
0
1 -24 30 -6
1 -24 30 -6
1 0 -12 15 -3
1 72 -90 18
0
0
1 -24 30 -6
0
2 0 -24 30 -6

1 0 -72 98 -28 2
0
0
0
0
0
0
0
0
0
0
0
0
0
0
0
0
0
0
0
0
0
0
0
0
0
0
0
0
0
0
0
0
0
0
0
0
0
0

1 -16 52 -40 3 1
1 -16 36 -24 4
1 -16 48 -39 7
1 32 -32 -2 2
1 80 -60 -30 10
0
1 -48 48 3 -3
1 -48 48 3 -3
1 -16 76 -74 14
1 -16 36 -24 4
0
1 -16 36 -24 4
1 0 120 -150 30
1 -16 36 -24 4
1 -16 36 -24 4
1 -16 36 -24 4
1 0 36 -45 9
1 0 12 -15 3
1 -16 48 -39 7
1 80 -60 -30 10
1 -48 60 -12
1 16 -12 -6 2
1 48 -48 -3 3
1 48 -60 12
0
2 0 24 -14 -14 4
2 0 120 -150 30
2 0 -48 60 -12
2 0 80 -60 -30 10
2 0 -8 18 -12 2
2 0 16 -12 -6 2
2 0 48 -48 -3 3
2 0 48 -60 12
2 0 48 -60 12
0
0
1 0 120 -150 30
1 0 48 -60 12

1 -16 20 0 -5 1
1 -16 32 -19 3
1 32 -24 -12 4
1 80 -100 20
0
1 -48 60 -12
1 -48 60 -12
1 -16 36 -24 4
1 -16 20 -4
0
1 -16 20 -4
0
1 -16 20 -4
1 -16 20 -4
1 -16 20 -4
0
0
1 -16 20 -4
1 80 -100 20
1 -48 60 -12
1 16 -20 4
1 48 -60 12
1 48 -60 12
0
2 0 24 -14 -14 4
2 0 120 -150 30
2 0 -48 60 -12
2 0 80 -100 20
2 0 -8 10 -2
2 0 16 -20 4
2 0 48 -60 12
2 0 48 -60 12
2 0 48 -60 12
0
0
1 0 120 -150 30
1 0 48 -60 12

1 -16 32 -15 -2 1
1 32 -24 -12 4
1 80 -100 20
0
1 -48 48 3 -3
1 -48 48 3 -3
1 -16 36 -24 4
1 -16 20 -4
0
1 -16 20 -4
0
1 -16 20 -4
1 -16 36 -24 4
1 -16 36 -24 4
1 0 36 -45 9
1 0 12 -15 3
1 -16 48 -39 7
1 80 -100 20
1 -48 60 -12
1 16 -12 -6 2
1 48 -48 -3 3
1 48 -60 12
0
2 0 24 -14 -14 4
2 0 120 -150 30
2 0 -48 60 -12
2 0 80 -100 20
2 0 -8 10 -2
2 0 16 -12 -6 2
2 0 48 -48 -3 3
2 0 48 -60 12
2 0 48 -60 12
0
0
1 0 120 -150 30
1 0 48 -60 12

1 -64 88 -22 -3 1
1 -160 240 -90 10
0
1 96 -120 24
1 96 -96 -6 6
1 32 -32 -2 2
1 32 -48 18 -2
0
1 32 -48 18 -2
0
1 32 -48 18 -2
1 32 -40 8
1 32 -40 8
0
0
1 32 -40 8
1 -160 240 -90 10
1 96 -120 24
1 -32 52 -23 3
1 -96 144 -54 6
1 -96 144 -54 6
0
2 0 72 -82 8 2
2 0 -120 190 -80 10
2 0 96 -120 24
2 0 80 -100 20
2 0 16 -24 9 -1
2 0 28 -35 7
2 0 24 -30 6
2 0 -36 57 -24 3
2 0 24 -30 6
0
0
1 0 120 -150 30
1 0 24 -30 6

1 -400 500 -80 -25 5
0
1 240 -240 -15 15
1 240 -300 60
1 80 -60 -30 10
1 80 -100 20
0
1 80 -100 20
1 0 120 -150 30
1 80 -100 20
1 80 -100 20
1 80 -100 20
0
0
1 80 -100 20
1 -400 620 -250 30
1 240 -300 60
1 -80 100 -20
1 -240 300 -60
1 -240 300 -60
0
2 0 120 -150 30
2 0 -360 530 -190 20
2 0 240 -300 60
2 0 80 -60 -30 10
2 0 40 -50 10
2 0 40 -50 10
0
2 0 -120 150 -30
0
0
0
1 0 120 -150 30
0

1 0 -36 49 -14 1
0
0
0
0
0
0
0
0
0
0
0
0
0
0
0
0
0
0
0
0
0
0
0
0
0
0
0
0
0
0
0
0

1 -144 192 -39 -12 3
1 -144 240 -111 15
1 -48 60 -12
1 -48 60 -12
0
1 -48 60 -12
0
1 -48 60 -12
1 -48 60 -12
1 -48 60 -12
1 0 -36 45 -9
1 0 -12 15 -3
1 -48 48 3 -3
1 240 -300 60
1 -144 228 -96 12
1 48 -84 42 -6
1 144 -240 111 -15
1 144 -228 96 -12
0
2 0 -48 60 -12
2 0 240 -300 60
2 0 -144 228 -96 12
0
2 0 -24 30 -6
2 0 -48 60 -12
2 0 -48 48 3 -3
2 0 48 -84 42 -6
2 0 -48 60 -12
0
0
0
1 0 -48 60 -12

1 -144 180 -24 -15 3
1 -48 60 -12
1 -48 60 -12
0
1 -48 60 -12
0
1 -48 60 -12
1 -48 60 -12
1 -48 60 -12
1 0 -36 45 -9
1 0 -12 15 -3
1 -48 48 3 -3
1 240 -300 60
1 -144 228 -96 12
1 48 -60 12
1 144 -192 51 -3
1 144 -180 36
0
2 0 -48 60 -12
2 0 240 -300 60
2 0 -144 228 -96 12
0
2 0 -24 30 -6
2 0 -48 60 -12
2 0 -48 48 3 -3
2 0 48 -60 12
2 0 -48 60 -12
0
0
0
1 0 -48 60 -12

1 -16 28 -6 -8 2
1 -16 36 -24 4
0
1 -16 36 -24 4
1 0 120 -150 30
1 -16 36 -24 4
1 -16 60 -54 10
1 -16 36 -24 4
1 0 48 -60 12
1 0 -24 30 -6
1 -16 36 -24 4
1 80 -60 -30 10
1 -48 36 18 -6
1 16 -20 4
1 48 -60 12
1 48 -36 -18 6
0
2 0 72 -82 8 2
2 0 120 -150 30
2 0 -24 30 -6
2 0 80 -60 -30 10
2 0 40 -50 10
2 0 64 -80 16
2 0 48 -60 12
2 0 24 -30 6
2 0 48 -36 -18 6
0
2 0 48 -60 12
1 0 120 -150 30
1 0 24 -30 6

1 -16 8 15 -8 1
0
1 -16 20 -4
1 0 60 -75 15
1 -16 32 -19 3
1 -16 32 -19 3
1 -16 20 -4
1 0 24 -30 6
1 0 12 -15 3
1 -16 20 -4
1 80 -100 20
1 -48 60 -12
1 16 -28 14 -2
1 48 -60 12
1 48 -60 12
0
0
0
0
2 0 80 -100 20
2 0 -32 48 -18 2
2 0 -8 10 -2
2 0 48 -60 12
0
2 0 48 -60 12
0
2 0 -24 38 -16 2
0
0

1 0 -12 19 -8 1
0
0
0
0
0
0
0
0
0
0
0
0
0
0
0
0
0
0
0
0
0
0
0
2 0 -36 57 -24 3
0
0
0

1 -16 -4 34 -16 2
0
1 -16 20 -4
1 -16 36 -24 4
1 -16 12 6 -2
1 0 24 -30 6
0
1 -16 36 -24 4
1 80 -100 20
1 -48 60 -12
1 16 -28 14 -2
1 48 -60 12
1 48 -60 12
0
0
0
0
2 0 80 -100 20
2 0 -32 48 -18 2
2 0 -8 10 -2
2 0 48 -60 12
0
2 0 48 -60 12
0
2 0 -24 38 -16 2
0
0

1 0 60 -15 -60 15
1 0 60 -75 15
1 0 60 -75 15
0
0
0
1 0 60 -75 15
1 0 120 -150 30
0
0
0
0
0
2 0 120 -150 30
2 0 120 -150 30
0
2 0 0 120 -150 30
2 0 120 -150 30
2 0 120 -150 30
0
0
0
0
2 0 120 -150 30
1 0 120 -150 30
0

1 -16 8 15 -8 1
1 -16 20 -4
1 -16 20 -4
1 0 24 -30 6
1 0 -12 15 -3
1 -16 32 -19 3
1 80 -100 20
1 -48 60 -12
1 16 -20 4
1 48 -60 12
1 48 -60 12
0
0
0
0
2 0 80 -100 20
2 0 -32 48 -18 2
2 0 -8 10 -2
2 0 48 -60 12
0
2 0 48 -60 12
0
2 0 -24 30 -6
0
0

1 -16 40 -25 0 1
1 -16 28 -14 2
1 0 48 -60 12
1 0 -12 15 -3
1 -16 40 -29 5
1 80 -100 20
1 -48 36 18 -6
1 16 -28 14 -2
1 48 -60 12
1 48 -36 -18 6
0
2 0 24 -30 6
0
2 0 -24 30 -6
2 0 80 -100 20
2 0 -8 10 -2
2 0 -8 18 -12 2
2 0 48 -60 12
2 0 24 -30 6
2 0 48 -36 -18 6
0
2 0 -24 46 -26 4
0
1 0 24 -30 6

1 -16 4 20 -9 1
1 0 12 -15 3
0
1 -16 28 -14 2
1 80 -100 20
1 -48 60 -12
1 16 -12 -6 2
1 48 -60 12
1 48 -60 12
0
2 0 24 -30 6
0
2 0 -24 30 -6
2 0 80 -100 20
2 0 -8 10 -2
2 0 -8 18 -12 2
2 0 48 -60 12
2 0 24 -30 6
2 0 48 -60 12
0
2 0 -24 30 -6
0
1 0 24 -30 6

1 0 36 -33 -6 3
1 0 -12 15 -3
1 0 36 -45 9
0
1 0 -48 60 -12
0
1 0 36 -45 9
1 0 48 -60 12
0
2 0 72 -90 18
0
2 0 -72 90 -18
0
2 0 72 -90 18
2 0 72 -90 18
2 0 0 36 -45 9
2 0 72 -90 18
2 0 0 48 -60 12
0
2 0 72 -90 18
0
1 0 72 -90 18

1 0 -48 72 -27 3
0
0
1 0 24 -30 6
0
1 0 12 -15 3
1 0 -24 30 -6
0
2 0 24 -30 6
0
2 0 -24 30 -6
0
2 0 24 -30 6
2 0 24 -30 6
2 0 0 12 -15 3
2 0 24 -30 6
2 0 0 -24 30 -6
0
2 0 24 -30 6
0
1 0 24 -30 6

1 -16 28 -10 -3 1
1 80 -100 20
1 -48 60 -12
1 16 -12 -6 2
1 48 -48 -3 3
1 48 -60 12
0
2 0 48 -60 12
0
2 0 -48 60 -12
2 0 80 -100 20
2 0 16 -20 4
2 0 16 -12 -6 2
2 0 48 -48 -3 3
2 0 48 -60 12
2 0 48 -60 12
0
0
0
1 0 48 -60 12

1 -400 380 90 -80 10
1 240 -180 -90 30
1 -80 140 -70 10
1 -240 300 -60
1 -240 300 -60
0
2 0 120 -150 30
2 0 -120 190 -80 10
2 0 120 -150 30
2 0 80 -60 -30 10
2 0 40 -50 10
2 0 40 -50 10
0
0
0
0
0
1 0 120 -150 30
0

1 -144 156 18 -36 6
1 48 -36 -18 6
1 144 -228 96 -12
1 144 -252 126 -18
0
2 0 -24 30 -6
2 0 120 -150 30
2 0 -72 114 -48 6
0
0
2 0 -24 30 -6
2 0 -48 60 -12
2 0 -24 30 -6
2 0 -48 36 18 -6
0
2 0 -48 60 -12
0
1 0 -24 30 -6

1 -16 12 10 -7 1
1 -48 84 -42 6
1 -48 60 -12
0
2 0 24 -30 6
0
2 0 -24 30 -6
2 0 40 -50 10
2 0 -4 5 -1
2 0 8 -6 -3 1
2 0 48 -60 12
2 0 -36 57 -24 3
2 0 -24 30 -6
0
2 0 24 -38 16 -2
0
1 0 24 -30 6

1 -144 144 21 -24 3
1 -144 216 -81 9
0
2 0 48 -60 12
0
2 0 -48 60 -12
0
2 0 24 -30 6
2 0 48 -60 12
2 0 48 -48 -3 3
2 0 -72 114 -48 6
2 0 48 -60 12
0
0
0
1 0 48 -60 12

1 -144 156 6 -21 3
0
2 0 24 -30 6
0
2 0 -24 30 -6
0
0
2 0 24 -30 6
2 0 48 -60 12
2 0 -96 144 -54 6
2 0 48 -36 -18 6
0
2 0 48 -60 12
0
1 0 24 -30 6

1 0 -168 234 -72 6
0
0
0
0
0
0
0
0
0
0
0
0
0

1 0 72 -82 8 2
1 0 120 -150 30
1 0 -24 30 -6
1 0 120 -150 30
0
1 0 24 -30 6
1 0 48 -60 12
1 0 24 -30 6
1 0 24 -30 6
0
0
2 0 0 120 -150 30
2 0 0 24 -30 6

1 0 -120 190 -80 10
1 0 120 -150 30
1 0 120 -150 30
0
0
0
0
0
0
0
2 0 0 120 -150 30
0

1 0 -72 114 -48 6
0
0
1 0 -24 30 -6
1 0 -48 60 -12
1 0 -24 30 -6
1 0 -24 30 -6
0
0
0
2 0 0 -24 30 -6

1 0 80 -60 -30 10
1 0 40 -50 10
1 0 40 -50 10
0
0
0
0
0
2 0 0 120 -150 30
0

1 0 -16 24 -9 1
1 0 -4 5 -1
1 0 24 -30 6
0
0
0
0
0
0

1 0 8 -6 -3 1
1 0 48 -60 12
1 0 24 -30 6
1 0 24 -30 6
0
0
0
2 0 0 24 -30 6

1 0 48 -48 -3 3
1 0 48 -60 12
1 0 48 -60 12
0
0
0
2 0 0 48 -60 12

1 0 -36 57 -24 3
1 0 24 -30 6
0
0
0
2 0 0 24 -30 6

1 0 48 -36 -18 6
0
1 0 48 -60 12
0
2 0 0 24 -30 6

1 0 -84 117 -36 3
0
0
0

1 0 -24 38 -16 2
0
0

1 0 0 120 -150 30
0

1 0 0 24 -30 6

