56

2 11 5445 439593 7665955 25152996 6652800
1 110 36300 1804110 16819000 21257280 0
1 198 53460 2216214 17717040 19929888 0
1 264 59400 2234232 17496600 20126304 0
1 308 60060 2218524 17557540 20080368 0
1 330 59400 2224530 17539500 20093040 0
2 0 990 207900 5925150 25799400 7983360
2 0 1760 295680 6911520 25611520 7096320
2 0 2310 318780 6839910 25437720 7318080
2 0 2640 316800 6819120 25555200 7223040
2 0 2750 313500 6849150 25465000 7286400
2 0 3080 406560 7826280 25249840 6431040
2 0 3960 427680 7733880 25193520 6557760
2 0 4400 422400 7743120 25220800 6526080
2 0 4950 445500 7671510 25047000 6747840
2 0 5280 443520 7650720 25164480 6652800
1 0 7920 997920 14802480 24108480 0
1 0 13860 1358280 16202340 22342320 0
1 0 17820 1413720 15841980 22643280 0
1 0 19800 1386000 15939000 22572000 0
1 0 23760 1774080 17241840 20877120 0
1 0 29700 1801800 16978500 21106800 0
1 0 31680 1774080 17075520 21035520 0
1 0 35640 1829520 16715160 21336480 0
1 0 39600 2217600 18018000 19641600 0
1 0 47520 2217600 17851680 19800000 0
1 0 53460 2245320 17588340 20029680 0
2 0 0 55440 3880800 26001360 9979200
2 0 0 95040 4989600 26278560 8553600
2 0 0 118800 4989600 25779600 9028800
2 0 0 126720 4878720 26167680 8743680
2 0 0 158400 6098400 26056800 7603200
2 0 0 190080 5987520 25945920 7793280
2 0 0 213840 5987520 25446960 8268480
2 0 0 253440 7096320 25724160 6842880
2 0 0 285120 6985440 25613280 7032960
2 0 0 380160 7983360 25280640 6272640
1 0 0 332640 11642400 27941760 0
1 0 0 554400 13860000 25502400 0
1 0 0 665280 13305600 25945920 0
1 0 0 887040 15523200 23506560 0
1 0 0 997920 14968800 23950080 0
1 0 0 1330560 16632000 21954240 0
1 0 0 1774080 17740800 20401920 0
2 0 0 0 1663200 24948000 13305600
2 0 0 0 2661120 26611200 10644480
2 0 0 0 2993760 24948000 11975040
2 0 0 0 3991680 26611200 9313920
2 0 0 0 5322240 26611200 7983360
1 0 0 0 6652800 33264000 0
1 0 0 0 9979200 29937600 0
1 0 0 0 13305600 26611200 0
2 0 0 0 0 19958400 19958400
2 0 0 0 0 26611200 13305600
1 0 0 0 0 39916800 0
2 0 0 0 0 0 39916800

2 10 4200 353010 6915500 25386480 7257600
2 0 1620 279720 6732180 25645680 7257600
2 0 2160 312480 6859440 25485120 7257600
2 0 2520 317520 6826680 25512480 7257600
2 0 2700 315000 6835500 25506000 7257600
1 180 44280 1893780 16801920 21176640 0
1 160 38400 1797600 16803200 21277440 0
1 210 44100 1891890 16812600 21168000 0
1 240 46080 1890000 16777920 21202560 0
1 250 46500 1882650 16805000 21182400 0
1 0 20160 1622880 16863840 21409920 0
1 0 25920 1723680 16843680 21323520 0
1 0 28800 1713600 16833600 21340800 0
1 0 32400 1814400 16858800 21211200 0
1 0 34560 1814400 16813440 21254400 0
2 0 2160 312480 6859440 25485120 7257600
2 0 2520 317520 6826680 25512480 7257600
2 0 3240 347760 6962760 25345440 7257600
2 0 3600 352800 6930000 25372800 7257600
2 0 2160 282240 6708240 25666560 7257600
2 0 2700 315000 6835500 25506000 7257600
2 0 2880 322560 6793920 25539840 7257600
2 0 3240 347760 6962760 25345440 7257600
2 0 0 201600 6552000 25905600 7257600
2 0 0 241920 6652800 25764480 7257600
2 0 0 272160 6804000 25583040 7257600
1 0 20160 1622880 16863840 21409920 0
1 0 25920 1723680 16843680 21323520 0
1 0 32400 1814400 16858800 21211200 0
1 0 34560 1814400 16813440 21254400 0
1 0 28800 1713600 16833600 21340800 0
1 0 34560 1814400 16813440 21254400 0
1 0 38880 1905120 16873920 21098880 0
1 0 23040 1612800 16853760 21427200 0
1 0 25920 1723680 16843680 21323520 0
1 0 0 1451520 16934400 21530880 0
2 0 0 151200 6199200 26308800 7257600
2 0 0 201600 6552000 25905600 7257600
2 0 0 241920 6652800 25764480 7257600
2 0 0 241920 6652800 25764480 7257600
2 0 0 272160 6804000 25583040 7257600
2 0 0 241920 6652800 25764480 7257600
2 0 0 161280 6451200 26046720 7257600
1 0 0 907200 16632000 22377600 0
1 0 0 1209600 16934400 21772800 0
1 0 0 1360800 16783200 21772800 0
1 0 0 1451520 16934400 21530880 0
1 0 0 1451520 16934400 21530880 0
2 0 0 0 4233600 28425600 7257600
2 0 0 0 5443200 27216000 7257600
2 0 0 0 6048000 26611200 7257600
1 0 0 0 14515200 25401600 0
1 0 0 0 16934400 22982400 0
2 0 0 0 0 32659200 7257600
1 0 0 0 0 39916800 0

2 18 6372 470610 7853688 25054272 6531840
2 0 3456 411264 7729344 25240896 6531840
2 0 4032 423360 7747488 25210080 6531840
2 0 4320 423360 7741440 25215840 6531840
1 18 15444 1323378 15918696 22659264 0
1 144 36576 1801296 16824384 21254400 0
1 0 24192 1693440 16849728 21349440 0
1 0 27648 1717632 16837632 21333888 0
1 0 28800 1713600 16833600 21340800 0
1 504 77616 2437848 17648064 19752768 0
1 324 61992 2302020 17702928 19849536 0
1 360 65520 2325960 17687520 19837440 0
1 0 45360 2177280 17735760 19958400 0
1 0 48384 2201472 17732736 19934208 0
2 0 432 127008 5041008 26039232 8709120
2 0 1260 208152 5918220 25805808 7983360
2 0 324 170856 5821956 25940304 7983360
2 0 360 186480 5833800 25912800 7983360
2 0 3456 350784 6943104 25361856 7257600
2 0 2160 302400 6819120 25535520 7257600
2 0 2304 314496 6846336 25496064 7257600
2 0 0 254016 6713280 25691904 7257600
2 0 8640 574560 8074080 24727680 6531840
2 0 6912 508032 7959168 24910848 6531840
2 0 3888 435456 7810992 25134624 6531840
1 0 6048 804384 14055552 25050816 0
1 0 11232 1064448 15005088 23836032 0
1 0 6480 997920 15014160 23898240 0
1 0 6912 1040256 14974848 23894784 0
1 0 23040 1461600 15916320 22515840 0
1 0 15552 1366848 15942528 22591872 0
1 0 3888 1251936 15975792 22685184 0
1 0 48384 2007936 16765056 21095424 0
1 0 36288 1850688 16837632 21192192 0
1 0 96768 2661120 17563392 19595520 0
2 0 0 60480 3749760 25945920 10160640
2 0 0 90720 4384800 26006400 9434880
2 0 0 72576 4354560 26054784 9434880
2 0 0 145152 5201280 25861248 8709120
2 0 0 108864 5080320 26018496 8709120
2 0 0 241920 6108480 25583040 7983360
2 0 0 483840 7257600 24917760 7257600
1 0 0 453600 12247200 27216000 0
1 0 0 604800 13184640 26127360 0
1 0 0 544320 13245120 26127360 0
1 0 0 798336 14152320 24966144 0
1 0 0 1257984 14999040 23659776 0
2 0 0 0 2540160 25764480 11612160
2 0 0 0 3084480 25945920 10886400
2 0 0 0 3870720 25885440 10160640
1 0 0 0 10160640 29756160 0
1 0 0 0 11612160 28304640 0
2 0 0 0 0 26853120 13063680
1 0 0 0 0 39916800 0

2 24 7080 463176 7653720 25099680 6693120
2 0 4704 437472 7662816 25118688 6693120
2 0 5040 443520 7665840 25109280 6693120
1 0 15552 1366848 15942528 22591872 0
1 48 30240 1801968 17042880 21041664 0
1 168 40152 1826328 16803528 21246624 0
1 0 32256 1802304 16841664 21240576 0
1 0 33600 1814400 16833600 21235200 0
1 0 37632 2145024 17978688 19755456 0
1 288 57744 2217600 17693136 19948032 0
1 0 47040 2190720 17734080 19944960 0
1 720 76320 2273040 17432640 20134080 0
1 384 63552 2239104 17475648 20138112 0
2 0 48 102816 4887792 26055744 8870400
2 0 672 192864 6007008 25894176 7822080
2 0 1008 205632 5895792 25831008 7983360
2 0 0 188160 5913600 25831680 7983360
2 0 1152 278208 7011648 25690752 6935040
2 0 2400 315840 6928320 25573920 7096320
2 0 768 287616 6932352 25599744 7096320
2 0 4032 338688 6830208 25486272 7257600
2 0 0 322560 7862400 25522560 6209280
2 0 2688 388416 7779072 25376064 6370560
2 0 9072 471744 7702128 25202016 6531840
1 0 1344 602112 13472256 25841088 0
1 0 6624 979776 15001056 23929344 0
1 0 5760 957600 14787360 24166080 0
1 0 768 932736 14835072 24148224 0
1 0 13440 1384320 16343040 22176000 0
1 0 16128 1387008 16111872 22401792 0
1 0 27216 1397088 15848784 22643712 0
1 0 16128 1733760 17523072 20643840 0
1 0 36288 1818432 17200512 20861568 0
1 0 16128 2032128 18490752 19377792 0
2 0 0 20160 2882880 25885440 11128320
2 0 0 53760 3964800 26140800 9757440
2 0 0 36288 3830400 26131392 9918720
2 0 0 102144 5093760 26173056 8547840
2 0 0 120960 4959360 26127360 8709120
2 0 0 185472 6168960 26062848 7499520
2 0 0 161280 7257600 26046720 6451200
1 0 0 201600 10281600 29433600 0
1 0 0 362880 12136320 27417600 0
1 0 0 302400 11914560 27699840 0
1 0 0 661248 13829760 25425792 0
1 0 0 999936 15644160 23272704 0
2 0 0 0 1411200 24474240 14031360
2 0 0 0 2056320 25522560 12337920
2 0 0 0 3225600 26046720 10644480
1 0 0 0 6894720 33022080 0
1 0 0 0 9031680 30885120 0
2 0 0 0 0 22498560 17418240
1 0 0 0 0 39916800 0

2 28 6804 446292 7662956 25168080 6632640
2 0 5040 436800 7659120 25183200 6632640
1 0 18144 1397088 15918336 22583232 0
1 0 28224 1778112 17047296 21063168 0
1 84 37716 1823388 16745484 21310128 0
1 168 38976 1809528 16811424 21256704 0
1 0 33600 1797600 16816800 21268800 0
1 112 50232 2229696 17855768 19780992 0
1 0 48384 2224656 17667216 19976544 0
1 280 55440 2221800 17721200 19918080 0
1 0 52920 2232720 17451000 20180160 0
1 672 65184 2238432 17500896 20111616 0
2 0 0 112896 4939200 25994304 8870400
2 0 168 181104 6005832 25968096 7761600
2 0 1008 220752 5941152 25710048 8043840
2 0 840 204960 5932920 25794720 7983360
2 0 672 269808 6983088 25728192 6935040
2 0 840 288960 6914040 25556160 7156800
2 0 2688 298368 6918912 25600512 7096320
2 0 3528 334656 6840792 25359264 7378560
2 0 3360 421680 7890960 25270560 6330240
2 0 3360 413952 7838880 25169088 6491520
2 0 0 408240 7756560 25038720 6713280
1 0 168 604464 13414632 25897536 0
1 0 3024 954576 15142176 23817024 0
1 0 7560 1018080 14739480 24151680 0
1 0 6720 970368 14844480 24095232 0
1 0 6720 1312080 16502640 22095360 0
1 0 15120 1378944 16153200 22369536 0
1 0 27216 1478736 15712704 22698144 0
1 0 22848 1748544 17469312 20676096 0
1 0 18144 1779120 17153136 20966400 0
1 0 48384 2282112 18014976 19571328 0
2 0 0 5040 2716560 25824960 11370240
2 0 0 31920 3922800 26325600 9636480
2 0 0 52416 3850560 25974144 10039680
2 0 0 75264 5066880 26468736 8305920
2 0 0 117936 5034960 26054784 8709120
2 0 0 137088 6138720 26262432 7378560
2 0 0 268800 7123200 26073600 6451200
1 0 0 75600 9601200 30240000 0
1 0 0 262080 12075840 27578880 0
1 0 0 347760 11506320 28062720 0
1 0 0 576576 14051520 25288704 0
1 0 0 806400 16128000 22982400 0
2 0 0 0 725760 23950080 15240960
2 0 0 0 1723680 25492320 12700800
2 0 0 0 2862720 26893440 10160640
1 0 0 0 4717440 35199360 0
1 0 0 0 7983360 31933440 0
2 0 0 0 0 19595520 20321280
1 0 0 0 0 39916800 0

2 30 6000 441510 7671900 25130160 6667200
1 0 19440 1391040 15921360 22584960 0
1 0 30240 1787520 17038560 21060480 0
1 0 34020 1816920 16761780 21304080 0
1 120 37200 1795080 16844400 21240000 0
1 300 39000 1812300 16806000 21259200 0
1 0 45360 2210880 17880240 19780320 0
1 180 55440 2226420 17676360 19958400 0
1 240 54000 2210880 17728800 19922880 0
1 270 60300 2250990 17443800 20161440 0
1 0 57600 2217600 17539200 20102400 0
2 0 0 120960 4939200 25986240 8870400
2 0 0 181440 5997600 25976160 7761600
2 0 360 207360 5939640 25691040 8078400
2 0 1800 216000 5909400 25840800 7948800
2 0 480 276240 7003920 25666560 6969600
2 0 1800 302400 6917400 25538400 7156800
2 0 1920 297600 6881280 25708800 7027200
2 0 1080 316800 6831720 25423200 7344000
2 0 1200 380400 7929600 25240800 6364800
2 0 2880 411840 7801920 25277760 6422400
2 0 4860 443880 7722540 25135920 6609600
1 0 0 635040 13406400 25875360 0
1 0 720 932400 15180480 23803200 0
1 0 7200 1033200 14691600 24184800 0
1 0 14400 1008000 14817600 24076800 0
1 0 7200 1335600 16455600 22118400 0
1 0 13680 1370880 16143120 22389120 0
1 0 9720 1451520 15671880 22783680 0
1 0 16320 1767360 17431680 20701440 0
1 0 25920 1809360 17120880 20960640 0
1 0 28800 2217600 18144000 19526400 0
2 0 0 720 2746800 25764480 11404800
2 0 0 18000 3906000 26460000 9532800
2 0 0 72000 3931200 25804800 10108800
2 0 0 69120 5040000 26570880 8236800
2 0 0 92880 5065200 25945920 8812800
2 0 0 144000 6199200 26056800 7516800
2 0 0 192000 7392000 25536000 6796800
1 0 0 25200 9450000 30441600 0
1 0 0 221760 12196800 27498240 0
1 0 0 438480 11415600 28062720 0
1 0 0 504000 14212800 25200000 0
1 0 0 806400 16128000 22982400 0
2 0 0 0 403200 23788800 15724800
2 0 0 0 1663200 25552800 12700800
2 0 0 0 2620800 27619200 9676800
1 0 0 0 3628800 36288000 0
1 0 0 0 7660800 32256000 0
2 0 0 0 0 18144000 21772800
1 0 0 0 0 39916800 0

2 18 6372 470610 7853688 25054272 6531840
2 0 2448 316512 6833232 25507008 7257600
2 0 3024 338688 6921936 25395552 7257600
2 0 3456 350784 6943104 25361856 7257600
2 0 3600 352800 6930000 25372800 7257600
2 0 504 162288 5740056 26030592 7983360
2 0 324 170856 5821956 25940304 7983360
2 0 360 186480 5833800 25912800 7983360
2 0 0 181440 5896800 25855200 7983360
2 0 0 193536 5927040 25812864 7983360
1 432 78624 2670192 18588096 18579456 0
1 252 53928 2213820 17714592 19934208 0
1 324 61992 2302020 17702928 19849536 0
1 360 65520 2325960 17687520 19837440 0
1 0 27648 1717632 16837632 21333888 0
1 0 32400 1784160 16828560 21271680 0
1 0 34560 1814400 16813440 21254400 0
1 0 36288 1850688 16837632 21192192 0
1 0 8640 1179360 15936480 22792320 0
1 0 6912 1233792 15942528 22733568 0
1 0 3888 1251936 15975792 22685184 0
2 0 6048 592704 9398592 24839136 5080320
2 0 5184 495936 8539776 25069824 5806080
2 0 6480 544320 8663760 24896160 5806080
2 0 6912 556416 8684928 24862464 5806080
2 0 2880 372960 7630560 25378560 6531840
2 0 3456 411264 7729344 25240896 6531840
2 0 3888 435456 7810992 25134624 6531840
2 0 0 241920 6652800 25764480 7257600
2 0 0 254016 6713280 25691904 7257600
2 0 0 96768 5564160 26272512 7983360
1 0 60480 3024000 20502720 16329600 0
1 0 60480 2751840 19565280 17539200 0
1 0 72576 2903040 19522944 17418240 0
1 0 48384 2395008 18700416 18772992 0
1 0 54432 2503872 18633888 18724608 0
1 0 24192 1971648 17817408 20103552 0
1 0 0 1451520 16934400 21530880 0
2 0 0 453600 10432800 25401600 3628800
2 0 0 483840 9797760 25280640 4354560
2 0 0 544320 9979200 25038720 4354560
2 0 0 435456 9072000 25329024 5080320
2 0 0 290304 8225280 25595136 5806080
1 0 0 2540160 22861440 14515200 0
1 0 0 2721600 21591360 15603840 0
1 0 0 2419200 20805120 16692480 0
2 0 0 0 10160640 27578880 2177280
2 0 0 0 10160640 26853120 2903040
1 0 0 0 26127360 13789440 0
2 0 0 0 0 39916800 0

2 16 4736 343056 6731744 25418368 7418880
2 0 2688 315168 6834912 25506432 7257600
2 0 2688 313152 6804672 25538688 7257600
2 0 2800 319200 6812400 25524800 7257600
2 0 3136 329280 6754944 25410560 7418880
2 0 2592 318528 6860448 25477632 7257600
2 0 2240 309120 6834240 25513600 7257600
2 0 1440 302400 6965280 25551360 7096320
2 0 768 287616 6932352 25599744 7096320
1 48 30240 1801968 17042880 21041664 0
1 224 44352 1829856 16592128 21450240 0
1 0 32256 1802304 16841664 21240576 0
1 0 33600 1800960 16820160 21262080 0
1 384 53184 1837248 16356096 21669888 0
1 240 44160 1829520 16596480 21446400 0
1 256 42624 1803648 16595456 21474816 0
1 0 32256 1802304 16841664 21240576 0
1 0 40320 1827840 16383360 21665280 0
1 0 37632 1825152 16614528 21439488 0
1 0 36288 1850688 16837632 21192192 0
2 0 1344 272832 7074816 25794048 6773760
2 0 2592 318528 6860448 25477632 7257600
2 0 720 282240 6960240 25577280 7096320
2 0 768 287616 6932352 25599744 7096320
2 0 4480 362880 6679680 25289600 7580160
2 0 2688 325248 6784512 25385472 7418880
2 0 0 290304 6894720 25474176 7257600
2 0 5376 373632 6566784 25229568 7741440
2 0 4032 358848 6709248 25264512 7580160
2 0 0 354816 6612480 25208064 7741440
1 0 20160 1713600 18023040 20160000 0
1 0 26880 1774080 17256960 20858880 0
1 0 16128 1733760 17523072 20643840 0
1 0 37632 1825152 16614528 21439488 0
1 0 24192 1790208 16910208 21192192 0
1 0 48384 1870848 16160256 21837312 0
1 0 53760 1881600 15671040 22310400 0
2 0 0 201600 7257600 26812800 5644800
2 0 0 228480 7082880 26154240 6451200
2 0 0 181440 7197120 26248320 6289920
2 0 0 258048 6935040 25627392 7096320
2 0 0 354816 6612480 25208064 7741440
1 0 0 1411200 19474560 19031040 0
1 0 0 1451520 18627840 19837440 0
1 0 0 1612800 17498880 20805120 0
2 0 0 0 6773760 29272320 3870720
2 0 0 0 6773760 27982080 5160960
1 0 0 0 21047040 18869760 0
2 0 0 0 0 39916800 0

2 21 5145 362355 6948795 25403364 7197120
2 0 3528 351792 6936552 25367328 7257600
2 0 3150 342300 6941550 25372200 7257600
2 0 168 216384 6605592 25897536 7197120
2 0 1512 273168 6726888 25718112 7197120
2 0 840 268800 6712440 25677120 7257600
2 0 3780 335160 6853140 25527600 7197120
2 0 4032 338688 6830208 25486272 7257600
1 0 28560 1759296 16852080 21276864 0
1 84 37716 1823388 16745484 21310128 0
1 252 46116 1883700 16858044 21128688 0
1 0 37800 1864800 16815960 21198240 0
1 0 28224 1715616 16835616 21337344 0
1 210 39480 1805370 16868460 21203280 0
1 0 36288 1810368 16797312 21272832 0
1 504 55944 1916712 16878456 21065184 0
1 0 5040 1436400 17065440 21409920 0
1 0 18144 1568448 16996896 21333312 0
1 0 34020 1701000 16998660 21183120 0
2 0 168 216384 6605592 25897536 7197120
2 0 1512 293328 6747048 25496352 7378560
2 0 1890 296100 6815970 25605720 7197120
2 0 0 278208 6793920 25587072 7257600
2 0 1680 300720 6746880 25488960 7378560
2 0 3024 332640 6831216 25492320 7257600
2 0 6804 376488 6955956 25501392 7076160
2 0 0 245952 6632640 25780608 7257600
2 0 3024 292320 6740496 25744320 7136640
2 0 0 112896 6410880 26377344 7015680
1 0 5040 1310400 17130960 21470400 0
1 0 16800 1594320 16754640 21551040 0
1 0 12096 1552320 17002944 21349440 0
1 0 24192 1737792 16567488 21587328 0
1 0 36288 1759968 16807392 21313152 0
1 0 28224 1711584 16694496 21482496 0
1 0 0 1451520 16934400 21530880 0
2 0 0 75600 5871600 27316800 6652800
2 0 0 141120 6310080 26208000 7257600
2 0 0 120960 6289920 26611200 6894720
2 0 0 233856 6552000 25631424 7499520
2 0 0 241920 6612480 25320960 7741440
1 0 0 705600 17559360 21651840 0
1 0 0 997920 17267040 21651840 0
1 0 0 1411200 16490880 22014720 0
2 0 0 0 4354560 30481920 5080320
2 0 0 0 5362560 27780480 6773760
1 0 0 0 17418240 22498560 0
2 0 0 0 0 39916800 0

2 24 4848 359304 6918192 25342272 7292160
2 0 4200 354000 6911400 25389600 7257600
2 0 672 249648 6640368 25768512 7257600
2 0 432 270288 6772608 25581312 7292160
2 0 2160 283200 6752400 25586880 7292160
2 0 1080 295200 6896520 25431840 7292160
2 0 2880 316800 6880320 25390080 7326720
1 0 32256 1802304 16841664 21240576 0
1 0 33264 1801296 16825536 21256704 0
1 144 44496 1902816 16835904 21133440 0
1 240 46080 1904400 16786560 21179520 0
1 96 29904 1687344 16852896 21346560 0
1 0 34560 1794240 16833600 21254400 0
1 384 41088 1807104 16760832 21307392 0
1 216 44352 1908936 16802208 21161088 0
1 0 19200 1552800 16871520 21473280 0
1 0 18432 1657728 16806528 21434112 0
1 0 11664 1737936 16829856 21337344 0
2 0 0 226800 6607440 25824960 7257600
2 0 432 270288 6772608 25581312 7292160
2 0 2160 318240 6853680 25554240 7188480
2 0 2880 316800 6880320 25390080 7326720
2 0 960 275040 6720480 25697280 7223040
2 0 2592 318528 6860448 25477632 7257600
2 0 3888 358992 6988032 25411968 7153920
2 0 3264 252096 6556416 25916544 7188480
2 0 864 272016 6737616 25683264 7223040
2 0 0 207360 6405120 26115840 7188480
1 0 720 1256400 16886880 21772800 0
1 0 8640 1539360 16837920 21530880 0
1 0 23040 1624320 16876800 21392640 0
1 0 18432 1657728 16806528 21434112 0
1 0 29808 1745712 16893792 21247488 0
1 0 23040 1615680 16920000 21358080 0
1 0 38400 1340160 17088000 21450240 0
2 0 0 21600 5392800 27417600 7084800
2 0 0 106560 6212160 26133120 7464960
2 0 0 179280 6102000 26688960 6946560
2 0 0 195840 6497280 25896960 7326720
2 0 0 207360 6405120 26115840 7188480
1 0 0 322560 16611840 22982400 0
1 0 0 907200 16752960 22256640 0
1 0 0 1238400 16629120 22049280 0
2 0 0 0 2903040 31207680 5806080
2 0 0 0 4919040 27256320 7741440
1 0 0 0 15240960 24675840 0
2 0 0 0 0 39916800 0

2 50 6000 367050 6890500 25453200 7200000
2 0 0 235200 6636000 25788000 7257600
2 0 1800 284400 6755400 25617600 7257600
2 0 1600 285600 6688800 25740800 7200000
2 0 1800 320400 6863400 25531200 7200000
2 0 0 307200 6816000 25593600 7200000
1 0 33600 1814400 16833600 21235200 0
1 0 33600 1797600 16816800 21268800 0
1 0 39600 1893600 16815600 21168000 0
1 400 50400 1911600 16767200 21187200 0
1 0 28800 1718400 16809600 21360000 0
1 300 39000 1812300 16806000 21259200 0
1 0 38400 1804800 16780800 21292800 0
1 0 36000 1886400 16826400 21168000 0
1 0 4800 1514400 16922400 21475200 0
1 0 19200 1622400 16886400 21388800 0
1 0 32400 1749600 16880400 21254400 0
2 0 0 235200 6636000 25788000 7257600
2 0 0 259200 6768000 25632000 7257600
2 0 1800 320400 6863400 25531200 7200000
2 0 4800 336000 6916800 25286400 7372800
2 0 1600 285600 6688800 25740800 7200000
2 0 2400 312000 6871200 25416000 7315200
2 0 0 324000 6998400 25336800 7257600
2 0 0 249600 6614400 25795200 7257600
2 0 3600 280800 6814800 25444800 7372800
2 0 0 115200 6624000 25747200 7430400
1 0 0 1267200 16848000 21801600 0
1 0 4800 1514400 16922400 21475200 0
1 0 28800 1670400 16848000 21369600 0
1 0 19200 1622400 16886400 21388800 0
1 0 21600 1728000 16912800 21254400 0
1 0 28800 1627200 16862400 21398400 0
1 0 0 1459200 16896000 21561600 0
2 0 0 7200 5292000 27417600 7200000
2 0 0 96000 6230400 26102400 7488000
2 0 0 216000 6091200 26697600 6912000
2 0 0 172800 6480000 26064000 7200000
2 0 0 230400 6220800 26553600 6912000
1 0 0 201600 16329600 23385600 0
1 0 0 907200 16632000 22377600 0
1 0 0 1152000 16819200 21945600 0
2 0 0 0 2419200 31449600 6048000
2 0 0 0 4838400 27014400 8064000
1 0 0 0 14515200 25401600 0
2 0 0 0 0 39916800 0

2 56 13440 640920 8120560 24509184 6632640
2 0 6048 482832 7931952 25024608 6471360
2 0 7840 529200 7964880 24883040 6531840
2 0 0 332640 7761600 25512480 6310080
2 0 2688 393792 7792512 25357248 6370560
1 0 9408 1044288 15184512 23678592 0
1 56 25200 1417080 15635200 22839264 0
1 0 8064 1206576 16004016 22698144 0
1 0 10080 1258320 15914640 22733760 0
1 336 60816 2016672 16351104 21487872 0
1 0 31920 1748880 16702560 21433440 0
1 0 43008 1843968 16568832 21460992 0
1 0 10080 1525104 17020080 21361536 0
1 1680 146160 2916480 17203200 19649280 0
1 672 103488 2610720 17516352 19685568 0
1 0 45360 2222640 17962560 19686240 0
2 0 168 110544 4806312 26109216 8890560
2 0 1008 180432 5225472 25679808 8830080
2 0 0 105840 5115600 26208000 8487360
2 0 0 123648 5147520 26097792 8547840
2 0 2800 294000 5950560 25242560 8426880
2 0 672 212352 5808768 25750368 8144640
2 0 0 99792 5670000 26345088 7801920
2 0 8064 526848 7034496 24605952 7741440
2 0 3024 357840 6816096 25280640 7459200
2 0 24192 854784 8443008 23821056 6773760
1 0 5040 882000 14636160 24393600 0
1 0 11760 1053360 14404320 24447360 0
1 0 2016 887040 14815584 24212160 0
1 0 22848 1342656 14539392 24011904 0
1 0 9072 1091664 15035328 23780736 0
1 0 42336 1707552 15168384 22998528 0
1 0 134400 2688000 15590400 21504000 0
2 0 0 75600 4662000 26510400 8668800
2 0 0 107520 4744320 25710720 9354240
2 0 0 45360 4611600 26429760 8830080
2 0 0 153216 4939200 25308864 9515520
2 0 0 322560 5564160 24353280 9676800
1 0 0 705600 15462720 23748480 0
1 0 0 756000 14726880 24433920 0
1 0 0 1128960 13628160 25159680 0
2 0 0 0 4233600 28909440 6773760
2 0 0 0 4556160 26328960 9031680
1 0 0 0 16692480 23224320 0
2 0 0 0 0 39916800 0

2 36 7128 466740 7823952 25113024 6505920
2 0 5040 450720 7860240 25034400 6566400
2 0 7020 439560 7703100 25261200 6505920
2 0 2880 411840 7755840 25145280 6600960
1 0 6624 979776 15001056 23929344 0
1 0 19656 1409184 15856344 22631616 0
1 36 11664 1256004 16020936 22628160 0
1 0 11520 1306080 15927840 22671360 0
1 144 44496 1902816 16835904 21133440 0
1 180 41040 1798020 16875000 21202560 0
1 0 29952 1819008 16806528 21261312 0
1 0 25488 1667952 16949952 21273408 0
1 0 72000 2412000 17837280 19595520 0
1 576 67968 2370240 17739072 19738944 0
1 972 79056 2292300 17731224 19813248 0
2 0 0 75600 4329360 26137440 9374400
2 0 288 144432 5106672 25800768 8864640
2 0 540 104760 4921020 26310960 8579520
2 0 0 109440 5034240 25994880 8778240
2 0 1440 257760 6030720 25557120 8069760
2 0 1008 205632 5895792 25831008 7983360
2 0 972 143208 5678748 26395632 7698240
2 0 3456 376704 7058304 25289856 7188480
2 0 5616 361584 6895584 25551936 7102080
2 0 5760 535680 8029440 25125120 6220800
1 0 720 608400 13474080 25833600 0
1 0 5760 879840 13906080 25125120 0
1 0 4320 734400 14199840 24978240 0
1 0 13248 1225152 14683392 23995008 0
1 0 13392 1006128 15009408 23887872 0
1 0 36000 1589760 15809760 22481280 0
1 0 57600 2073600 17049600 20736000 0
2 0 0 21600 3477600 26308800 10108800
2 0 0 63360 4049280 25436160 10368000
2 0 0 49680 3665520 26714880 9486720
2 0 0 129600 4510080 25531200 9745920
2 0 0 253440 5448960 25090560 9123840
1 0 0 302400 13124160 26490240 0
1 0 0 544320 12882240 26490240 0
1 0 0 979200 12602880 26334720 0
2 0 0 0 2540160 28667520 8709120
2 0 0 0 3749760 24554880 11612160
1 0 0 0 13789440 26127360 0
2 0 0 0 0 39916800 0

2 40 6560 477720 7846880 25076800 6508800
2 0 1080 393120 7692840 25320960 6508800
2 0 3840 414720 7747200 25207680 6543360
1 0 6720 1021440 14992320 23896320 0
1 0 16800 1382640 15938160 22579200 0
1 0 13680 1306080 15942960 22654080 0
1 40 16320 1340760 15892160 22667520 0
1 0 42240 1885920 16818720 21169920 0
1 120 30480 1771560 16841040 21273600 0
1 320 36480 1819200 16802560 21258240 0
1 0 21600 1687680 16832160 21375360 0
1 480 95760 2586000 17556480 19678080 0
1 480 74880 2431200 17640000 19770240 0
1 0 45360 2255040 17709840 19906560 0
2 0 0 72240 4326000 26083680 9434880
2 0 0 128160 5133600 25911360 8743680
2 0 360 123840 4976280 26233920 8582400
2 0 960 120960 5146560 25754880 8893440
2 0 640 230160 5969520 25825280 7891200
2 0 1680 191040 5958960 25724160 8040960
2 0 0 168480 5754240 26114400 7879680
2 0 3840 401280 7008000 25315200 7188480
2 0 2880 311040 6952320 25312320 7338240
2 0 11520 639360 8219520 24410880 6635520
1 0 0 545760 13197600 26173440 0
1 0 1680 828720 14005440 25080960 0
1 0 8640 757440 14135040 25015680 0
1 0 11520 1130880 14989440 23784960 0
1 0 12960 1010880 15115680 23777280 0
1 0 28800 1484640 16002720 22400640 0
1 0 76800 2227200 16684800 20928000 0
2 0 0 3600 3049200 26208000 10656000
2 0 0 44160 3920640 25353600 10598400
2 0 0 86400 3395520 26930880 9504000
2 0 0 112320 4420800 25937280 9446400
2 0 0 230400 5114880 26277120 8294400
1 0 0 120960 12055680 27740160 0
1 0 0 514080 12186720 27216000 0
1 0 0 875520 12637440 26403840 0
2 0 0 0 1693440 28546560 9676800
2 0 0 0 3548160 23466240 12902400
1 0 0 0 12337920 27578880 0
2 0 0 0 0 39916800 0

2 90 13140 525690 7605720 25162560 6609600
2 0 5760 457920 7632000 25116480 6704640
1 0 1440 907200 14827680 24180480 0
1 0 15120 1401120 16072560 22428000 0
1 0 19440 1337040 15979680 22580640 0
1 0 9360 1344240 15943680 22619520 0
1 0 25920 1787760 17289360 20813760 0
1 180 42840 1848420 17028720 20996640 0
1 0 20160 1797120 17040960 21058560 0
1 360 48960 1835640 16837920 21193920 0
1 0 2880 1944720 18480240 19488960 0
1 0 41760 2093760 18067680 19713600 0
1 1620 100440 2276100 17670960 19867680 0
2 0 0 30240 3830400 26197920 9858240
2 0 0 114480 5000400 25937280 8864640
2 0 180 103320 4739940 26390160 8683200
2 0 0 63360 4930560 25868160 9054720
2 0 720 215280 6082560 25928640 7689600
2 0 1440 204480 6007680 25823520 7879680
2 0 3240 233280 5725080 26256960 7698240
2 0 0 236160 7067520 25908480 6704640
2 0 5760 344880 7025040 25646400 6894720
2 0 0 172800 7931520 25902720 5909760
1 0 0 330480 12258000 27328320 0
1 0 1440 714960 13450320 25750080 0
1 0 2880 527040 13613760 25773120 0
1 0 8640 1085760 14912640 23909760 0
1 0 17280 978480 14945040 23976000 0
1 0 30240 1447200 16441920 21997440 0
1 0 0 1497600 18316800 20102400 0
2 0 0 3600 2343600 25905600 11664000
2 0 0 28800 3352320 25130880 11404800
2 0 0 45360 2572560 27190080 10108800
2 0 0 115200 4104000 25848000 9849600
2 0 0 207360 5149440 26265600 8294400
1 0 0 100800 10664640 29151360 0
1 0 0 393120 10856160 28667520 0
1 0 0 864000 11646720 27406080 0
2 0 0 0 1451520 27578880 10886400
2 0 0 0 3185280 22216320 14515200
1 0 0 0 11612160 28304640 0
2 0 0 0 0 39916800 0

2 96 10272 465312 7690848 24976512 6773760
1 0 768 932736 14835072 24148224 0
1 0 12096 1378944 16156224 22369536 0
1 0 25920 1399680 15923520 22567680 0
1 0 9600 1368960 15936000 22602240 0
1 0 23040 1745280 17320320 20828160 0
1 0 28800 1794240 17035200 21058560 0
1 192 29568 1808832 17010432 21067776 0
1 576 55872 1862208 16723008 21275136 0
1 0 46080 2142720 18155520 19572480 0
1 384 43968 2205696 17852352 19814400 0
1 0 46656 2239488 17578944 20051712 0
2 0 0 20160 3790080 26187840 9918720
2 0 0 109440 5034240 25994880 8778240
2 0 0 120960 4789440 26331840 8674560
2 0 192 52608 4997568 25742592 9123840
2 0 0 176640 6040320 26165760 7534080
2 0 1728 200448 6052032 25782912 7879680
2 0 5184 295488 5800896 26039232 7776000
2 0 2304 261504 6996096 26021376 6635520
2 0 2304 275328 7013376 25644672 6981120
2 0 4608 382464 7857792 25589376 6082560
1 0 0 259200 12009600 27648000 0
1 0 0 691200 13478400 25747200 0
1 0 2880 501120 13561920 25850880 0
1 0 7680 1020288 15139200 23749632 0
1 0 20736 1026432 14995584 23874048 0
1 0 20736 1316736 16689024 21890304 0
1 0 46080 1566720 18213120 20090880 0
2 0 0 0 2016000 25804800 12096000
2 0 0 17280 3219840 25067520 11612160
2 0 0 51840 2280960 27423360 10160640
2 0 0 115200 4060800 26064000 9676800
2 0 0 175104 4930560 27069696 7741440
1 0 0 40320 9878400 29998080 0
1 0 0 362880 10281600 29272320 0
1 0 0 829440 11577600 27509760 0
2 0 0 0 1088640 27216000 11612160
2 0 0 0 3064320 21369600 15482880
1 0 0 0 10886400 29030400 0
2 0 0 0 0 39916800 0

2 48 14112 823536 10419648 24143616 4515840
2 0 5376 517440 8730624 25018560 5644800
2 0 6048 528192 8622432 24954048 5806080
2 0 6720 551040 8675520 24877440 5806080
2 0 1152 278208 7011648 25690752 6935040
2 0 720 275520 6893040 25651200 7096320
2 0 768 287616 6932352 25599744 7096320
2 0 0 262080 6753600 25643520 7257600
2 0 0 120960 5241600 26167680 8386560
2 0 0 102144 5093760 26173056 8547840
2 0 0 72576 4898880 26236224 8709120
1 1344 178752 4440576 21466368 13829760 0
1 576 108864 3455424 20385216 15966720 0
1 720 120960 3492720 20134080 16168320 0
1 768 126336 3545472 20116224 16128000 0
1 0 53760 2553600 19084800 18224640 0
1 0 56448 2556288 18853632 18450432 0
1 0 54432 2503872 18633888 18724608 0
1 0 16128 1733760 17523072 20643840 0
1 0 12096 1681344 17305344 20918016 0
1 0 0 999936 15644160 23272704 0
2 0 20160 1310400 13789440 22377600 2419200
2 0 13440 981120 12109440 23587200 3225600
2 0 16128 1048320 12039552 23425920 3386880
2 0 5376 674688 10464384 24579072 4193280
2 0 6048 689472 10336032 24530688 4354560
2 0 0 387072 8789760 25417728 5322240
2 0 0 161280 7257600 26046720 6451200
1 0 201600 6048000 23990400 9676800 0
1 0 161280 5040000 23103360 11612160 0
1 0 181440 5140800 22740480 11854080 0
1 0 96768 4032000 22159872 13628160 0
1 0 32256 3064320 21337344 15482880 0
2 0 0 1411200 17216640 20321280 967680
2 0 0 1209600 15240960 22014720 1451520
2 0 0 806400 13708800 23466240 1935360
1 0 0 6773760 27095040 6048000 0
1 0 0 5644800 26530560 7741440 0
2 0 0 0 20321280 19595520 0
1 0 0 0 39916800 0 0

2 28 6804 446292 7662956 25168080 6632640
2 0 4032 424368 7742448 25153632 6592320
2 0 3360 408240 7746480 25226880 6531840
2 0 4368 361872 6687072 25283328 7580160
2 0 3360 341040 6762000 25331040 7479360
2 0 2688 325248 6784512 25385472 7418880
2 0 2016 323568 6847344 25365312 7378560
2 0 1680 246960 5755680 25485600 8426880
2 0 672 228480 5859168 25562880 8265600
2 0 0 226800 5942160 25583040 8164800
1 168 75264 3042312 20076336 16722720 0
1 504 77616 2610216 18721584 18506880 0
1 0 60480 2615760 18784080 18456480 0
1 0 56448 2580480 18893952 18385920 0
1 560 68880 2224320 17402560 20220480 0
1 336 56784 2221968 17526096 20111616 0
1 0 49896 2249856 17549784 20067264 0
1 0 48384 1870848 16160256 21837312 0
1 0 45360 1877904 16248960 21744576 0
1 0 24192 1499904 14974848 23417856 0
2 0 5040 680400 11007360 24595200 3628800
2 0 6720 613200 9685200 24974880 4636800
2 0 2016 564480 9815904 24816960 4717440
2 0 8064 530880 8546496 25105920 5725440
2 0 4536 514080 8644104 24948000 5806080
2 0 6048 463680 7503552 25048800 6894720
2 0 0 403200 6451200 24998400 8064000
1 0 75600 3906000 22932000 13003200 0
1 0 73920 3360000 21483840 14999040 0
1 0 45360 3402000 21409920 15059520 0
1 0 72576 2923200 19946304 16974720 0
1 0 80640 2499840 18466560 18869760 0
2 0 0 705600 13688640 23829120 1693440
2 0 0 604800 12065760 24706080 2540160
2 0 0 604800 10402560 25522560 3386880
1 0 0 4233600 26732160 8951040 0
1 0 0 3669120 24877440 11370240 0
2 0 0 0 15966720 23950080 0
1 0 0 0 39916800 0 0

2 36 7128 466740 7823952 25113024 6505920
2 0 5040 459360 7830000 25125120 6497280
2 0 432 270288 6772608 25581312 7292160
2 0 1980 304920 6820380 25592400 7197120
2 0 2304 320256 6840576 25565184 7188480
2 0 5616 361584 6895584 25551936 7102080
2 0 0 122400 5616000 26281440 7896960
2 0 576 140544 5658624 26323776 7793280
2 0 972 143208 5678748 26395632 7698240
1 0 65520 2837520 19625760 17388000 0
1 216 66384 2550024 18516816 18783360 0
1 540 74520 2618460 18591120 18632160 0
1 0 69120 2609280 18645120 18593280 0
1 0 40320 2162880 17591040 20122560 0
1 288 57744 2217600 17693136 19948032 0
1 972 79056 2292300 17731224 19813248 0
1 0 16128 1665792 16814592 21420288 0
1 0 25488 1667952 16949952 21273408 0
1 0 5760 1019520 16151040 22740480 0
2 0 720 522000 10104480 25142400 4147200
2 0 4320 542880 9214560 25057440 5097600
2 0 4320 552960 9378720 24952320 5028480
2 0 3456 483264 8420544 25030656 5978880
2 0 8424 517536 8510616 24970464 5909760
2 0 1440 349920 7619040 25155360 6791040
2 0 0 172800 6681600 25459200 7603200
1 0 21600 3024000 22226400 14644800 0
1 0 48960 2937600 20652480 16277760 0
1 0 49680 2991600 20831040 16044480 0
1 0 69120 2730240 19370880 17746560 0
1 0 34560 2430720 18167040 19284480 0
2 0 0 302400 11672640 25764480 2177280
2 0 0 453600 10704960 25492320 3265920
2 0 0 547200 9561600 25453440 4354560
1 0 0 2540160 26490240 10886400 0
1 0 0 3024000 23103360 13789440 0
2 0 0 0 13063680 26853120 0
1 0 0 0 39916800 0 0

2 40 8160 487320 7880480 24974400 6566400
2 0 960 275040 6720480 25697280 7223040
2 0 2040 305760 6814920 25536480 7257600
2 0 2880 316800 6880320 25390080 7326720
2 0 1440 316800 6922080 25384320 7292160
2 0 480 144720 5628240 26194560 7948800
2 0 480 149760 5770080 25944000 8052480
2 0 0 142560 5844960 25842240 8087040
1 0 70560 2877840 19530000 17438400 0
1 0 54720 2515680 18649440 18696960 0
1 360 79920 2662200 18606960 18567360 0
1 960 90240 2719680 18535680 18570240 0
1 160 40080 2085840 17786240 20004480 0
1 240 51360 2199120 17742240 19923840 0
1 0 51840 2255040 17755200 19854720 0
1 0 23040 1624320 16876800 21392640 0
1 0 25920 1667520 16882560 21340800 0
1 0 11520 1077120 15984000 22844160 0
2 0 0 511200 9914400 25171200 4320000
2 0 1440 503760 9250320 24977280 5184000
2 0 8640 616320 9360000 24920640 5011200
2 0 3840 432000 8461440 25144320 5875200
2 0 4320 492480 8488800 25228800 5702400
2 0 2880 335520 7440480 25744320 6393600
2 0 0 230400 6220800 26553600 6912000
1 0 3600 2746800 21873600 15292800 0
1 0 38400 2895360 20359680 16623360 0
1 0 86400 2980800 20658240 16191360 0
1 0 51840 2652480 19517760 17694720 0
1 0 46080 2165760 18766080 18938880 0
2 0 0 120960 10765440 26611200 2419200
2 0 0 453600 10251360 25583040 3628800
2 0 0 460800 9630720 24986880 4838400
1 0 0 1693440 26369280 11854080 0
1 0 0 2903040 22014720 14999040 0
2 0 0 0 11612160 28304640 0
1 0 0 0 39916800 0 0

2 48 9168 436416 6601152 24932736 7937280
2 0 4320 362880 6683040 25286400 7580160
2 0 5376 355584 6599424 25445376 7511040
2 0 864 272016 6737616 25683264 7223040
2 0 7200 487200 6836160 24648960 7937280
2 0 5184 421056 6880896 25098624 7511040
2 0 3888 358992 6988032 25411968 7153920
1 0 25200 1890000 18083520 19918080 0
1 144 44496 1902816 16835904 21133440 0
1 0 17280 1782720 17254080 20862720 0
1 0 23040 1745280 17320320 20828160 0
1 480 67680 1990080 15884160 21974400 0
1 0 43776 1842624 16398144 21632256 0
1 0 11664 1737936 16829856 21337344 0
1 1152 91392 2062464 15410688 22351104 0
1 432 66672 1988064 15919488 21942144 0
1 0 92160 2246400 15459840 22118400 0
2 0 720 306000 8160480 26092800 5356800
2 0 2880 349920 7417440 25637760 6508800
2 0 0 256320 7525440 25776000 6359040
2 0 5184 421056 6880896 25098624 7511040
2 0 1296 318384 7055424 25180416 7361280
2 0 8640 492480 6664320 24387840 8363520
2 0 19200 614400 6489600 23577600 9216000
1 0 21600 2268000 20664000 16963200 0
1 0 34560 2102400 18921600 18858240 0
1 0 6480 1998000 19267200 18645120 0
1 0 46080 2067840 17320320 20482560 0
1 0 92160 2246400 15459840 22118400 0
2 0 0 302400 10059840 26651520 2903040
2 0 0 302400 8890560 26369280 4354560
2 0 0 460800 7695360 25954560 5806080
1 0 0 2419200 24917760 12579840 0
1 0 0 2459520 21651840 15805440 0
2 0 0 0 12337920 27578880 0
1 0 0 0 39916800 0 0

2 30 5760 351750 6766380 25434480 7358400
2 0 2880 329280 6760320 25405440 7418880
2 0 3600 322560 6839280 25614720 7136640
2 0 720 287280 6622560 25547040 7459200
2 0 3360 309120 6730080 25576320 7297920
2 0 6480 362880 6849360 25621920 7076160
1 0 16800 1705200 17561040 20633760 0
1 0 33840 1834560 16707600 21340800 0
1 90 25380 1748250 17117640 21025440 0
1 0 25920 1753920 17055360 21081600 0
1 240 53520 1901760 16220160 21741120 0
1 240 44400 1832880 16594800 21444480 0
1 0 35640 1769040 16987320 21124800 0
1 0 48960 1874880 16128000 21864960 0
1 720 63360 1859760 16464960 21528000 0
1 0 28800 1693440 16490880 21703680 0
2 0 0 201600 7257600 26409600 6048000
2 0 960 290640 7024080 25545120 7056000
2 0 1440 241920 7045920 25974720 6652800
2 0 2880 369600 6800640 25082880 7660800
2 0 3240 317520 6872040 25466400 7257600
2 0 7200 423360 6632640 24991200 7862400
2 0 0 403200 6451200 24998400 8064000
1 0 3600 1587600 19504800 18820800 0
1 0 19200 1807680 17814720 20275200 0
1 0 21600 1602720 18567360 19725120 0
1 0 40320 1915200 16793280 21168000 0
1 0 69120 2096640 15563520 22187520 0
2 0 0 100800 8084160 28103040 3628800
2 0 0 241920 7590240 26641440 5443200
2 0 0 403200 7217280 25038720 7257600
1 0 0 1330560 23829120 14757120 0
1 0 0 2136960 19313280 18466560 0
2 0 0 0 10160640 29756160 0
1 0 0 0 39916800 0 0

2 64 6912 327744 6793088 25231872 7557120
2 0 2880 316800 6880320 25390080 7326720
2 0 3840 389760 6622080 25390080 7511040
2 0 3072 335232 6841728 25179648 7557120
2 0 0 279936 6998400 25173504 7464960
1 0 16128 1709568 17482752 20708352 0
1 0 29952 1819008 16806528 21261312 0
1 0 31680 1776960 17141760 20966400 0
1 192 29568 1808832 17010432 21067776 0
1 0 46080 1825920 16433280 21611520 0
1 384 41088 1827840 16657152 21390336 0
1 0 41472 1804032 16962048 21109248 0
1 768 68736 1796736 16199424 21851136 0
1 0 46080 1825920 16433280 21611520 0
1 0 64512 1926144 16028928 21897216 0
2 0 0 184320 7084800 26426880 6220800
2 0 0 274560 7025280 25474560 7142400
2 0 2304 261504 6996096 26021376 6635520
2 0 3072 335232 6841728 25179648 7557120
2 0 3456 324864 6839424 25698816 7050240
2 0 4608 393984 6492672 25560576 7464960
2 0 15360 491520 5917440 26119680 7372800
1 0 0 1411200 19152000 19353600 0
1 0 13440 1776000 17529600 20597760 0
1 0 34560 1537920 18437760 19906560 0
1 0 36864 1880064 16839936 21159936 0
1 0 64512 1926144 16028928 21897216 0
2 0 0 40320 7459200 28546560 3870720
2 0 0 241920 7257600 26611200 5806080
2 0 0 368640 7269120 24537600 7741440
1 0 0 967680 23466240 15482880 0
1 0 0 2096640 18466560 19353600 0
2 0 0 0 9434880 30481920 0
1 0 0 0 39916800 0 0

2 72 9792 412056 6949728 25494912 7050240
2 0 0 149760 6419520 26366400 6981120
2 0 1728 210240 6590592 26029440 7084800
2 0 3888 278640 6715872 25920000 6998400
1 0 4032 1480752 17046288 21385728 0
1 0 29808 1788912 16556832 21541248 0
1 0 35280 1702080 16976880 21202560 0
1 0 11520 1696896 16836480 21371904 0
1 0 31680 1808640 16580160 21496320 0
1 288 48672 1848672 16764768 21254400 0
1 1296 81648 1928448 17019072 20886336 0
1 0 23040 1624320 16876800 21392640 0
1 288 43056 1692720 17057664 21123072 0
1 0 13824 1181952 17508096 21212928 0
2 0 0 92880 6361200 26723520 6739200
2 0 0 253440 6621120 25439040 7603200
2 0 576 184896 6505344 26279424 6946560
2 0 1728 323136 6751872 25029504 7810560
2 0 6480 362448 6674400 25719552 7153920
2 0 3456 333504 6632064 25586496 7361280
2 0 0 230400 6220800 26553600 6912000
1 0 0 1008000 18345600 20563200 0
1 0 5760 1537920 16704000 21669120 0
1 0 19440 1121040 17936640 20839680 0
1 0 43776 1817856 16199424 21855744 0
1 0 41472 1956096 15717888 22201344 0
2 0 0 20160 6390720 29151360 4354560
2 0 0 181440 6410880 26792640 6531840
2 0 0 380160 6808320 24019200 8709120
1 0 0 725760 22498560 16692480 0
1 0 0 1895040 17216640 20805120 0
2 0 0 0 8709120 31207680 0
1 0 0 0 39916800 0 0

2 240 33840 947040 8593920 23372160 6969600
2 0 17280 722880 8182080 24451200 6543360
2 0 0 362880 7866720 25621920 6065280
1 0 5040 1033200 15452640 23425920 0
1 0 21600 1303200 14762880 23829120 0
1 0 2160 1027440 15461280 23425920 0
1 0 11520 1054080 15373440 23477760 0
1 240 48240 1700640 14776320 23391360 0
1 0 25920 1401120 15432480 23057280 0
1 0 0 1036800 16225920 22654080 0
1 960 125760 2478720 15365760 21945600 0
1 0 51840 1912320 16243200 21709440 0
1 5760 259200 3502080 16796160 19353600 0
2 0 0 108000 5536800 26496000 7776000
2 0 720 186480 5376960 25424640 8928000
2 0 0 103680 5224320 26294400 8294400
2 0 2880 319680 5420160 24727680 9446400
2 0 0 181440 5348160 25574400 8812800
2 0 7200 439200 5993280 24145920 9331200
2 0 38400 940800 7680000 22041600 9216000
1 0 3600 1134000 17438400 21340800 0
1 0 14400 1293120 15488640 23120640 0
1 0 0 1036800 16225920 22654080 0
1 0 25920 1477440 14244480 24168960 0
1 0 92160 1969920 12971520 24883200 0
2 0 0 100800 6793920 28183680 4838400
2 0 0 151200 6259680 26248320 7257600
2 0 0 351360 5823360 24065280 9676800
1 0 0 1209600 22256640 16450560 0
1 0 0 1733760 17861760 20321280 0
2 0 0 0 9434880 30481920 0
1 0 0 0 39916800 0 0

2 96 11904 591840 8086656 24636864 6589440
2 0 7776 430272 7897824 25204608 6376320
1 0 2016 858816 14835744 24220224 0
1 0 13248 1225152 14683392 23995008 0
1 0 10080 924480 15386400 23595840 0
1 0 7680 1020288 15139200 23749632 0
1 0 40320 1621440 15278400 22976640 0
1 96 25536 1390368 15687744 22813056 0
1 0 18144 1026432 16441056 22431168 0
1 576 89280 2192256 16225920 21408768 0
1 576 59904 1887552 16632576 21336192 0
1 2304 164736 2952576 17305344 19491840 0
2 0 0 54720 4708800 26513280 8640000
2 0 0 150720 4983360 25221120 9561600
2 0 288 99648 4642272 26603712 8570880
2 0 1344 271296 5383296 24768384 9492480
2 0 1728 186624 5026752 26199936 8501760
2 0 6336 400896 5937984 25138944 8432640
2 0 23040 702720 7119360 24698880 7372800
1 0 0 705600 16027200 23184000 0
1 0 4800 1133760 14148480 24629760 0
1 0 8640 760320 15249600 23898240 0
1 0 24768 1369728 13597632 24924672 0
1 0 73728 1831680 13404672 24606720 0
2 0 0 20160 5261760 28828800 5806080
2 0 0 120960 5322240 25764480 8709120
2 0 0 316800 5592960 22394880 11612160
1 0 0 604800 20926080 18385920 0
1 0 0 1572480 15765120 22579200 0
2 0 0 0 7983360 31933440 0
1 0 0 0 39916800 0 0

2 324 21384 590004 7718976 25287552 6298560
1 0 0 680400 14288400 24948000 0
1 0 7776 1165104 14513904 24230016 0
1 0 12960 790560 15279840 23833440 0
1 0 0 933120 14929920 24053760 0
1 0 38880 1620000 15577920 22680000 0
1 0 27216 1397088 15848784 22643712 0
1 324 27216 998244 16636104 22254912 0
1 0 46656 1912896 17034624 20922624 0
1 1296 81648 1928448 17019072 20886336 0
1 0 41472 2042496 18672768 19160064 0
2 0 0 19440 4050000 26516160 9331200
2 0 0 129600 4600800 25077600 10108800
2 0 0 77760 4095360 26879040 8864640
2 0 0 248832 5339520 24686208 9642240
2 0 2592 187920 4734288 26593920 8398080
2 0 7776 391392 6031584 25554528 7931520
2 0 0 414720 6739200 26542080 6220800
1 0 0 453600 14968800 24494400 0
1 0 0 1010880 13089600 25816320 0
1 0 6480 537840 14411520 24960960 0
1 0 25920 1296000 12934080 25660800 0
1 0 62208 1824768 13519872 24509952 0
2 0 0 0 4354560 29030400 6531840
2 0 0 90720 4717440 25310880 9797760
2 0 0 311040 5339520 21202560 13063680
1 0 0 362880 19958400 19595520 0
1 0 0 1451520 14515200 23950080 0
2 0 0 0 7257600 32659200 0
1 0 0 0 39916800 0 0

2 168 39984 1701672 14749056 21309120 2116800
2 0 15120 1063440 12529440 23284800 3024000
2 0 15120 1023120 12065760 23486400 3326400
2 0 16128 1048320 12039552 23425920 3386880
2 0 3360 593040 10209360 24877440 4233600
2 0 2016 540288 9745344 25032672 4596480
2 0 0 462672 9298800 25256448 4898880
2 0 0 266112 7862400 25982208 5806080
2 0 0 214704 7434000 26099136 6168960
2 0 0 72576 5644800 26457984 7741440
1 5040 478800 7983360 23587200 7862400 0
1 1680 273840 6175680 23385600 10080000 0
1 2016 282240 5965344 22962240 10704960 0
1 0 129024 4536000 22631616 12620160 0
1 0 117936 4309200 22305024 13184640 0
1 0 36288 3074400 21444192 15361920 0
1 0 0 2016000 20160000 17740800 0
2 0 75600 3150000 19756800 16329600 604800
2 0 40320 2217600 17700480 18990720 967680
2 0 45360 2192400 17115840 19474560 1088640
2 0 12096 1411200 15531264 21510720 1451520
2 0 0 806400 13708800 23466240 1935360
1 0 705600 11995200 23708160 3507840 0
1 0 453600 9525600 24978240 4959360 0
1 0 201600 7660800 25764480 6289920 0
2 0 0 4233600 24554880 11128320 0
2 0 0 2822400 23425920 13668480 0
1 0 0 15240960 24675840 0 0
2 0 0 0 39916800 0 0

2 72 13968 789048 10541232 24425280 4147200
2 0 8640 747360 10398240 24356160 4406400
2 0 5760 714240 10477440 24295680 4423680
2 0 8640 560160 8722080 25096320 5529600
2 0 6048 528192 8622432 24954048 5806080
2 0 5832 528768 8457048 24859872 6065280
2 0 3456 376704 7058304 25289856 7188480
2 0 1296 361584 6925824 25163136 7464960
2 0 0 253440 5448960 25090560 9123840
1 720 219600 5784480 23457600 10454400 0
1 1440 171360 4518720 22351680 12873600 0
1 0 138240 4484160 21971520 13322880 0
1 1152 122688 3515328 20794752 15482880 0
1 648 114912 3481272 20405088 15914880 0
1 0 86400 2698560 18884160 18247680 0
1 0 57600 2073600 17049600 20736000 0
2 0 21600 1836000 17236800 19785600 1036800
2 0 20160 1353600 14955840 21928320 1658880
2 0 6480 1350000 14627520 22066560 1866240
2 0 17280 1036800 12614400 23760000 2488320
2 0 11520 817920 10609920 25159680 3317760
1 0 302400 8769600 25522560 5322240 0
1 0 216000 6955200 25280640 7464960 0
1 0 201600 5414400 24900480 9400320 0
2 0 0 2419200 22740480 14757120 0
2 0 0 1814400 20200320 17902080 0
1 0 0 11612160 28304640 0 0
2 0 0 0 39916800 0 0

2 90 13860 794970 10322280 24249600 4536000
2 0 14400 815040 10373760 24220800 4492800
2 0 1440 484560 8799120 25015680 5616000
2 0 5760 506880 8699040 25002720 5702400
2 0 9720 511920 8537400 25025760 5832000
2 0 0 250560 7168320 25585920 6912000
2 0 2160 236160 7004880 25675200 6998400
2 0 0 86400 5391360 26144640 8294400
1 0 172800 5184000 23068800 11491200 0
1 720 143280 4268160 21795840 13708800 0
1 1440 172800 4347360 21545280 13849920 0
1 0 97920 3424320 20456640 15937920 0
1 1080 114480 3405240 20273760 16122240 0
1 0 43200 2596320 19012320 18264960 0
1 0 0 1900800 17510400 20505600 0
2 0 3600 1350000 15926400 21340800 1296000
2 0 14400 1195200 13875840 22757760 2073600
2 0 21600 1274400 13806720 22481280 2332800
2 0 14400 967680 12067200 23757120 3110400
2 0 0 725760 10471680 24572160 4147200
1 0 100800 7035840 26369280 6410880 0
1 0 194400 6017760 24736320 8968320 0
1 0 172800 5097600 23379840 11266560 0
2 0 0 1330560 21651840 16934400 0
2 0 0 1612800 17861760 20442240 0
1 0 0 9434880 30481920 0 0
2 0 0 0 39916800 0 0

2 192 20352 878016 10384128 24210432 4423680
2 0 3840 447360 8822400 25113600 5529600
2 0 4608 494208 8652672 25235712 5529600
2 0 0 476928 8449920 25391232 5598720
2 0 2304 261504 6996096 26021376 6635520
2 0 0 274176 6739200 26267904 6635520
2 0 0 175104 4930560 27069696 7741440
1 0 172800 5097600 22896000 11750400 0
1 0 126720 4279680 21663360 13847040 0
1 2304 200448 4387968 21474432 13851648 0
1 768 80256 3391104 20565504 15879168 0
1 0 103680 3348864 20511360 15952896 0
1 0 55296 2405376 19471104 17985024 0
1 0 46080 1566720 18213120 20090880 0
2 0 0 1238400 15523200 21772800 1382400
2 0 11520 1192320 13622400 22878720 2211840
2 0 34560 1313280 13651200 22429440 2488320
2 0 9216 926208 12132864 23530752 3317760
2 0 9216 589824 10785024 24109056 4423680
1 0 40320 6491520 26611200 6773760 0
1 0 207360 5806080 24433920 9469440 0
1 0 138240 5184000 22705920 11888640 0
2 0 0 967680 21288960 17660160 0
2 0 0 1612800 17015040 21288960 0
1 0 0 8709120 31207680 0 0
2 0 0 0 39916800 0 0

2 80 11760 542400 7511680 24938880 6912000
2 0 6720 463200 7637280 24897600 6912000
2 0 0 414720 7750080 24753600 6998400
2 0 8640 498240 6618240 24497280 8294400
2 0 8640 463680 6750720 24399360 8294400
2 0 5760 420480 5921280 23892480 9676800
1 0 79200 3852000 22420800 13564800 0
1 480 96720 3204240 20573760 16041600 0
1 0 57600 3156480 20545920 16156800 0
1 960 112320 2730240 18664320 18408960 0
1 0 77760 2764800 18532800 18541440 0
1 1440 116640 2502720 16525440 20770560 0
1 0 115200 2361600 14400000 23040000 0
2 0 3600 918000 14112000 23155200 1728000
2 0 9600 801600 11924160 24416640 2764800
2 0 0 734400 11983680 24088320 3110400
2 0 11520 774720 10025280 24958080 4147200
2 0 23040 817920 8340480 25205760 5529600
1 0 100800 5826240 26248320 7741440 0
1 0 108000 4808160 24252480 10748160 0
1 0 172800 3980160 22354560 13409280 0
2 0 0 1209600 20079360 18627840 0
2 0 0 1249920 16410240 22256640 0
1 0 0 8709120 31207680 0 0
2 0 0 0 39916800 0 0

2 48 7440 458448 7653360 25161984 6635520
2 0 9072 471744 7702128 25202016 6531840
2 0 4032 383040 6628608 25159680 7741440
2 0 5184 389376 6604416 25452864 7464960
2 0 2304 293760 5475456 25850880 8294400
1 0 48960 3326400 21853440 14688000 0
1 0 79680 3027360 19881120 16928640 0
1 288 70272 2961504 20181888 16702848 0
1 576 88896 2690688 18338304 18798336 0
1 864 91584 2667168 18536256 18620928 0
1 576 87264 2342592 16968096 20518272 0
1 0 69120 2016000 15482880 22348800 0
2 0 0 597600 12751200 24494400 2073600
2 0 3840 720960 10852800 25021440 3317760
2 0 8640 622080 11249280 24304320 3732480
2 0 11520 732672 9636480 24559488 4976640
2 0 13824 702720 8580096 23984640 6635520
1 0 20160 4455360 26490240 8951040 0
1 0 99360 4112640 23315040 12389760 0
1 0 149760 3911040 20442240 15413760 0
2 0 0 604800 18748800 20563200 0
2 0 0 1169280 14313600 24433920 0
1 0 0 7257600 32659200 0 0
2 0 0 0 39916800 0 0

2 324 21384 590004 7718976 25287552 6298560
2 0 0 243648 6816960 25391232 7464960
2 0 3888 278640 6715872 25920000 6998400
2 0 0 103680 5339520 27008640 7464960
1 0 19440 2883600 21461760 15552000 0
1 0 77760 2851200 19310400 17677440 0
1 0 57024 2711232 19901376 17247168 0
1 0 77760 2695680 17910720 19232640 0
1 1944 119232 2623752 18322848 18849024 0
1 0 49248 2337984 17032032 20497536 0
1 0 0 1866240 16070400 21980160 0
2 0 0 388800 11793600 25401600 2332800
2 0 0 648000 10031040 25505280 3732480
2 0 6480 460080 10679040 24572160 4199040
2 0 15552 730944 9211968 24359616 5598720
2 0 0 684288 8605440 23162112 7464960
1 0 0 3628800 26490240 9797760 0
1 0 77760 3628800 22680000 13530240 0
1 0 155520 3784320 19180800 16796160 0
2 0 0 362880 17781120 21772800 0
2 0 0 1088640 13063680 25764480 0
1 0 0 6531840 33384960 0 0
2 0 0 0 39916800 0 0

2 192 24000 632832 6430080 23982336 8847360
2 0 8640 498240 6618240 24497280 8294400
2 0 27648 762624 7091712 23187456 8847360
1 0 17280 2275200 20517120 17107200 0
1 0 48960 2203200 18115200 19549440 0
1 0 22464 1996992 18654336 19243008 0
1 576 89280 2192256 16225920 21408768 0
1 0 46656 2078784 16689024 21102336 0
1 1152 122112 2348928 14704128 22740480 0
1 7680 234240 2641920 13071360 23961600 0
2 0 0 360000 10785600 26006400 2764800
2 0 2880 492480 8904960 26092800 4423680
2 0 0 336960 9357120 25246080 4976640
2 0 6912 584064 7867008 24823296 6635520
2 0 27648 762624 7091712 23187456 8847360
1 0 20160 3487680 25764480 10644480 0
1 0 51840 3265920 22014720 14584320 0
1 0 144000 3127680 18673920 17971200 0
2 0 0 483840 17176320 22256640 0
2 0 0 927360 12862080 26127360 0
1 0 0 6531840 33384960 0 0
2 0 0 0 39916800 0 0

2 144 14544 496800 6523776 25416576 7464960
2 0 6912 463104 6421248 25560576 7464960
1 0 6480 1911600 19941120 18057600 0
1 0 40320 2073600 17452800 20350080 0
1 0 24768 1793664 18292032 19806336 0
1 0 77184 2206080 15814656 21818880 0
1 432 54864 1978560 16618176 21264768 0
1 1728 114048 2293056 15023232 22484736 0
1 0 115200 2361600 14400000 23040000 0
2 0 0 216000 9777600 26812800 3110400
2 0 0 457920 8107200 26375040 4976640
2 0 2160 257040 8778240 25280640 5598720
2 0 8064 557568 7577856 24308352 7464960
2 0 20736 732672 7340544 21869568 9953280
1 0 0 2741760 25562880 11612160 0
1 0 43200 2903040 21107520 15863040 0
1 0 138240 3093120 17193600 19491840 0
2 0 0 241920 16208640 23466240 0
2 0 0 887040 11612160 27417600 0
1 0 0 5806080 34110720 0 0
2 0 0 0 39916800 0 0

2 1152 70272 1253376 8898048 23058432 6635520
1 0 0 1152000 18028800 20736000 0
1 0 17280 1526400 15148800 23224320 0
1 0 6912 1143936 16149888 22616064 0
1 0 73728 1831680 13404672 24606720 0
1 0 20736 1513728 14494464 23887872 0
1 1152 118656 2158848 13307904 24330240 0
1 11520 322560 3271680 14192640 22118400 0
2 0 0 86400 7862400 27820800 4147200
2 0 0 322560 6416640 26542080 6635520
2 0 0 103680 7153920 25194240 7464960
2 0 3456 438912 6269184 23251968 9953280
2 0 29952 746496 6294528 19574784 13271040
1 0 0 1935360 24433920 13547520 0
1 0 17280 2298240 19353600 18247680 0
1 0 126720 2557440 15114240 22118400 0
2 0 0 120960 14636160 25159680 0
2 0 0 725760 10160640 29030400 0
1 0 0 5080320 34836480 0 0
2 0 0 0 39916800 0 0

2 720 133200 3840480 20304000 15120000 518400
2 0 50400 2484000 18288000 18230400 864000
2 0 43200 2203200 17366400 19267200 1036800
2 0 11520 1425600 15756480 21340800 1382400
2 0 6480 1220400 15016320 22118400 1555200
2 0 0 676800 13060800 24105600 2073600
2 0 0 288000 10944000 25920000 2764800
1 21600 1404000 14212800 21600000 2678400 0
1 5760 777600 11399040 23760000 3974400 0
1 6480 702000 10609920 24192000 4406400 0
1 0 345600 8726400 25315200 5529600 0
1 0 115200 6796800 26092800 6912000 0
2 0 302400 7560000 24192000 7862400 0
2 0 129600 5140800 24192000 10454400 0
2 0 28800 3513600 23760000 12614400 0
1 0 2419200 20563200 16934400 0 0
1 0 1209600 18748800 19958400 0 0
2 0 0 10886400 29030400 0 0
1 0 0 39916800 0 0 0

2 240 35760 1665120 15838080 20937600 1440000
2 0 23040 1589760 15102720 21473280 1728000
2 0 21120 1118400 13128000 23345280 2304000
2 0 17280 1080000 12484800 23742720 2592000
2 0 8640 770400 10418400 25263360 3456000
2 0 0 576000 8352000 26380800 4608000
1 3600 702000 11188800 23961600 4060800 0
1 4800 436800 8745600 24750720 5978880 0
1 0 432000 8294400 24572160 6618240 0
1 2880 302400 6537600 24825600 8248320 0
1 0 230400 4953600 24503040 10229760 0
2 0 100800 4939200 24111360 10765440 0
2 0 64800 3477600 22256640 14117760 0
2 0 57600 2448000 20580480 16830720 0
1 0 1209600 17902080 20805120 0 0
1 0 806400 14958720 24151680 0 0
2 0 0 7983360 31933440 0 0
1 0 0 39916800 0 0 0

2 288 46656 1652256 14618304 21525696 2073600
2 0 10368 1059264 12877632 23204736 2764800
2 0 15552 1022976 12512448 23255424 3110400
2 0 3456 615168 10710144 24440832 4147200
2 0 0 345600 8928000 25113600 5529600
1 0 489600 9878400 24796800 4752000 0
1 2880 411840 7931520 24589440 6981120 0
1 8640 483840 7767360 23932800 7724160 0
1 1152 271296 6363648 23673024 9607680 0
1 0 138240 5184000 22705920 11888640 0
2 0 20160 3729600 23950080 12216960 0
2 0 77760 3024000 20865600 15949440 0
2 0 34560 2505600 18437760 18938880 0
1 0 604800 16571520 22740480 0 0
1 0 806400 12862080 26248320 0 0
2 0 0 6531840 33384960 0 0
1 0 0 39916800 0 0 0

2 192 22464 912384 10790016 24505344 3686400
2 0 15552 912384 10542528 24299136 4147200
2 0 20736 804096 8699904 24862464 5529600
2 0 23040 702720 7119360 24698880 7372800
1 0 273600 8164800 25603200 5875200 0
1 1920 258240 6335040 24750720 8570880 0
1 0 224640 6324480 23898240 9469440 0
1 2304 258048 5014656 22937472 11704320 0
1 4608 255744 4073472 21206016 14376960 0
2 0 20160 2842560 23022720 14031360 0
2 0 34560 2298240 19474560 18109440 0
2 0 57600 1929600 16640640 21288960 0
1 0 483840 14999040 24433920 0 0
1 0 604800 11410560 27901440 0 0
2 0 0 5806080 34110720 0 0
1 0 0 39916800 0 0 0

2 216 25056 881064 10550304 23794560 4665600
2 0 10368 715392 9009792 23960448 6220800
2 0 0 552960 7776000 23293440 8294400
1 0 172800 7257600 26006400 6480000 0
1 0 250560 5762880 24468480 9434880 0
1 2160 205200 5978880 23310720 10419840 0
1 3456 248832 4921344 21886848 12856320 0
1 0 214272 4320000 19623168 15759360 0
2 0 0 2177280 22619520 15120000 0
2 0 34560 2056320 18385920 19440000 0
2 0 51840 1987200 15102720 22775040 0
1 0 241920 14031360 25643520 0 0
1 0 604800 10160640 29151360 0 0
2 0 0 5080320 34836480 0 0
1 0 0 39916800 0 0 0

2 288 30528 829152 7745472 23016960 8294400
2 0 34560 852480 7050240 20920320 11059200
1 0 64800 5594400 26308800 7948800 0
1 0 167040 4412160 23863680 11473920 0
1 0 77760 4769280 22420800 12648960 0
1 1728 210816 3989952 20231424 15482880 0
1 6912 285696 3691008 17132544 18800640 0
2 0 0 1451520 21288960 17176320 0
2 0 12960 1572480 16541280 21790080 0
2 0 57600 1624320 13006080 25228800 0
1 0 120960 12458880 27336960 0 0
1 0 483840 8709120 30723840 0 0
2 0 0 4354560 35562240 0 0
1 0 0 39916800 0 0 0

2 3840 115200 1305600 6912000 16834560 14745600
1 0 0 4032000 26208000 9676800 0
1 0 115200 3283200 22694400 13824000 0
1 0 0 3801600 20908800 15206400 0
1 0 172800 3340800 17971200 18432000 0
1 11520 322560 3271680 14192640 22118400 0
2 0 0 806400 19756800 19353600 0
2 0 0 1209600 14515200 24192000 0
2 0 57600 1382400 10828800 27648000 0
1 0 0 10886400 29030400 0 0
1 0 403200 7257600 32256000 0 0
2 0 0 3628800 36288000 0 0
1 0 0 39916800 0 0 0

2 3600 486000 8668800 23760000 6998400 0
2 0 187200 5947200 24192000 9590400 0
2 0 129600 5140800 24192000 10454400 0
2 0 43200 3729600 23788800 12355200 0
2 0 0 2419200 22982400 14515200 0
1 100800 4132800 21772800 13910400 0 0
1 21600 2268000 20260800 17366400 0 0
1 0 1209600 18748800 19958400 0 0
2 0 1209600 15724800 22982400 0 0
2 0 403200 13507200 26006400 0 0
1 0 7257600 32659200 0 0 0
2 0 0 39916800 0 0 0

2 960 104640 4128000 22723200 12960000 0
2 0 112320 3775680 21945600 14083200 0
2 0 69120 2759040 20638080 16450560 0
2 0 46080 1958400 18835200 19077120 0
1 20160 2278080 20079360 17539200 0 0
1 17280 1451520 16934400 21513600 0 0
1 11520 973440 14567040 24364800 0 0
2 0 483840 12821760 26611200 0 0
2 0 322560 9959040 29635200 0 0
1 0 5080320 34836480 0 0 0
2 0 0 39916800 0 0 0

2 2160 153360 3646080 20822400 15292800 0
2 0 51840 2833920 19215360 17815680 0
2 0 0 2246400 17072640 20597760 0
1 0 1693440 19474560 18748800 0 0
1 25920 1330560 15664320 22896000 0 0
1 0 1105920 12977280 25833600 0 0
2 0 241920 11854080 27820800 0 0
2 0 362880 8709120 30844800 0 0
1 0 4354560 35562240 0 0 0
2 0 0 39916800 0 0 0

2 576 73152 2240064 17051328 20551680 0
2 0 69120 1900800 14446080 23500800 0
1 0 1048320 17942400 20926080 0 0
1 8640 967680 13728960 25211520 0 0
1 17280 898560 10869120 28131840 0 0
2 0 120960 10281600 29514240 0 0
2 0 282240 7257600 32376960 0 0
1 0 3628800 36288000 0 0 0
2 0 0 39916800 0 0 0

2 2304 110592 1760256 11501568 26542080 0
1 0 483840 16208640 23224320 0 0
1 0 725760 11612160 27578880 0 0
1 23040 794880 8686080 30412800 0 0
2 0 0 8709120 31207680 0 0
2 0 241920 5806080 33868800 0 0
1 0 2903040 37013760 0 0 0
2 0 0 39916800 0 0 0

2 20160 1794240 16934400 21168000 0 0
2 0 725760 14394240 24796800 0 0
2 0 241920 12458880 27216000 0 0
1 483840 10644480 28788480 0 0 0
1 80640 8507520 31328640 0 0 0
2 0 4354560 35562240 0 0 0
1 0 39916800 0 0 0 0

2 4320 483840 10916640 28512000 0 0
2 0 362880 8709120 30844800 0 0
1 120960 8104320 31691520 0 0 0
1 120960 5806080 33989760 0 0 0
2 0 2903040 37013760 0 0 0
1 0 39916800 0 0 0 0

2 5760 380160 6526080 33004800 0 0
1 0 6531840 33384960 0 0 0
1 120960 4354560 35441280 0 0 0
2 0 2177280 37739520 0 0 0
1 0 39916800 0 0 0 0

2 120960 5927040 33868800 0 0 0
2 0 4354560 35562240 0 0 0
1 2177280 37739520 0 0 0 0
2 0 39916800 0 0 0 0

2 40320 2903040 36973440 0 0 0
1 1451520 38465280 0 0 0 0
2 0 39916800 0 0 0 0

2 725760 39191040 0 0 0 0
1 39916800 0 0 0 0 0

2 39916800 0 0 0 0 0

