11

2 6 210 504 0
1 30 450 240
1 48 480 192
1 54 450 216
2 0 120 600 0
2 0 180 540 0
2 0 240 480 0
1 0 360 360
1 0 480 240
2 0 0 720 0
1 0 0 720

2 5 175 540 0
2 0 160 560 0
2 0 180 540 0
1 40 440 240
1 30 450 240
1 0 480 240
2 0 180 540 0
2 0 160 560 0
1 0 480 240
2 0 0 720 0

2 8 232 480 0
2 0 216 504 0
1 8 424 288
1 24 456 240
1 96 432 192
2 0 72 648 0
2 0 128 592 0
1 0 336 384
2 0 0 720 0

2 18 198 504 0
1 0 432 288
1 36 468 216
1 0 576 144
2 0 36 684 0
2 0 144 576 0
1 0 288 432
2 0 0 720 0

2 8 232 480 0
2 0 168 552 0
2 0 96 624 0
1 72 504 144
1 32 496 192
2 0 288 432 0
1 0 720 0

2 6 162 552 0
2 0 144 576 0
1 18 486 216
1 48 384 288
2 0 192 528 0
1 0 720 0

2 48 288 384 0
1 0 432 288
1 48 288 384
2 0 144 576 0
1 0 720 0

2 18 342 360 0
2 0 288 432 0
1 144 576 0
2 0 720 0 0

2 16 192 512 0
1 96 624 0
2 0 720 0 0

2 48 672 0 0
1 720 0 0

2 720 0 0 0

