22

2 0 -36 49 -14 1
0
0
1 -72 98 -28 2
0
0
0
0
0
1 -72 98 -28 2
0
0
0
0
0
0
0
0
0
0
0
0

2 0 -16 24 -9 1
0
0
1 16 -16 -1 1
1 16 -24 9 -1
1 16 -20 4
1 -32 40 -8
1 -80 120 -45 5
0
1 48 -60 12
1 48 -72 27 -3
0
0
0
2 0 40 -50 10
2 0 8 -10 2
2 0 8 -10 2
2 0 12 -15 3
2 0 -24 30 -6
0
0

2 0 -36 49 -14 1
1 -72 98 -28 2
0
0
0
0
0
1 -72 98 -28 2
0
0
0
0
0
0
0
0
0
0
0
0

2 0 -36 49 -14 1
0
0
0
0
0
0
0
0
0
0
0
0
0
0
0
0
0
0

2 0 16 -16 -1 1
0
2 0 12 -15 3
0
2 0 40 -50 10
0
2 0 -12 15 -3
2 0 -12 15 -3
1 -8 18 -12 2
1 40 -50 10
1 -24 30 -6
1 0 40 -50 10
1 -8 18 -12 2
1 -8 18 -12 2
1 0 12 -15 3
1 24 -30 6
2 0 40 -50 10
2 0 24 -30 6

2 0 -16 24 -9 1
2 0 -4 5 -1
2 0 8 -10 2
0
0
0
0
1 -8 18 -12 2
1 40 -50 10
1 -24 30 -6
0
1 -8 10 -2
1 -8 10 -2
0
1 24 -30 6
2 0 40 -50 10
2 0 24 -30 6

2 0 -4 9 -6 1
2 0 8 -10 2
0
0
2 0 -12 15 -3
2 0 -12 15 -3
1 -8 18 -12 2
1 40 -50 10
1 -24 30 -6
0
1 -8 10 -2
1 -8 18 -12 2
1 0 12 -15 3
1 24 -30 6
2 0 40 -50 10
2 0 24 -30 6

2 0 -16 24 -9 1
0
0
0
2 0 24 -30 6
1 16 -16 -1 1
1 -80 120 -45 5
1 48 -60 12
0
1 16 -24 9 -1
1 16 -20 4
0
1 -48 72 -27 3
2 0 40 -50 10
2 0 12 -15 3

2 0 -80 120 -45 5
0
2 0 60 -75 15
0
1 40 -50 10
1 -200 290 -100 10
1 120 -150 30
1 0 40 -50 10
1 40 -50 10
1 40 -50 10
0
1 -120 150 -30
2 0 40 -50 10
0

2 0 -36 49 -14 1
0
0
0
0
0
0
0
0
0
0
0
0

2 0 -36 57 -24 3
2 0 12 -15 3
1 -24 30 -6
1 120 -150 30
1 -72 114 -48 6
0
1 -24 30 -6
1 -24 30 -6
1 0 -12 15 -3
1 72 -114 48 -6
0
2 0 -24 30 -6

2 0 -48 72 -27 3
1 -24 30 -6
1 120 -150 30
1 -72 114 -48 6
0
1 -24 30 -6
1 -24 30 -6
1 0 -12 15 -3
1 72 -90 18
0
2 0 -24 30 -6

2 0 16 -16 -1 1
2 0 40 -50 10
2 0 -12 15 -3
2 0 40 -50 10
0
2 0 12 -15 3
2 0 24 -30 6
2 0 12 -15 3
1 0 40 -50 10
1 0 12 -15 3

2 0 -80 120 -45 5
2 0 60 -75 15
2 0 40 -50 10
0
0
0
0
1 0 40 -50 10
0

2 0 -36 57 -24 3
0
0
2 0 -12 15 -3
2 0 -24 30 -6
2 0 -12 15 -3
0
1 0 -12 15 -3

2 0 0 40 -50 10
2 0 40 -50 10
2 0 40 -50 10
0
0
1 0 40 -50 10
0

2 0 -16 24 -9 1
2 0 -4 5 -1
2 0 24 -30 6
0
0
0

2 0 -4 9 -6 1
2 0 24 -30 6
2 0 12 -15 3
0
1 0 12 -15 3

2 0 0 12 -15 3
2 0 24 -30 6
0
1 0 24 -30 6

2 0 -48 72 -27 3
0
1 0 12 -15 3

2 0 0 40 -50 10
0

2 0 0 12 -15 3

