3 0
1 2 3 
3 2
0 2 2 
4 0
1 3 4 5 
4 2
0 2 4 4 
5 0
1 3 5 6 7 
5 2
0 4 8 10 10 
5 4
0 1 4 4 4 
6 0
1 4 7 9 10 11 
6 2
0 4 12 16 18 18 
6 4
0 2 11 14 14 14 
7 0
1 4 8 11 13 14 15 
7 2
0 6 18 28 32 34 34 
7 4
0 2 20 31 34 34 34 
7 6
0 0 3 6 6 6 6 
8 0
1 5 10 15 18 20 21 22 
8 2
0 6 24 40 50 54 56 56 
8 4
0 3 33 64 75 78 78 78 
8 6
0 0 7 19 22 22 22 22 
9 0
1 5 12 18 23 26 28 29 30 
9 2
0 8 32 60 78 88 92 94 94 
9 4
0 3 48 110 143 154 157 157 157 
9 6
0 0 15 58 72 75 75 75 75 
9 8
0 0 2 6 9 9 9 9 9 
10 0
1 6 14 23 30 35 38 40 41 42 
10 2
0 8 40 80 112 130 140 144 146 146 
10 4
0 4 67 184 259 292 303 306 306 306 
10 6
0 0 22 122 179 193 196 196 196 196 
10 8
0 0 4 26 39 42 42 42 42 42 
11 0
1 6 16 27 37 44 49 52 54 55 56 
11 2
0 10 50 110 160 194 212 222 226 228 228 
11 4
0 4 88 273 427 504 537 548 551 551 551 
11 6
0 0 33 240 402 461 475 478 478 478 478 
11 8
0 0 6 68 129 144 147 147 147 147 147 
11 10
0 0 13 6 10 13 13 13 13 13 13 
