index	fermion	trace
1	0	1
2	0	2
3	0	2
4	0	2
5	0	2
6	0	2
7	0	3
8	0	3
9	0	3
10	0	3
11	0	3
12	0	3
13	0	3
14	0	3
15	0	3
16	0	3
17	0	4
18	0	4
19	0	4
20	0	4
21	0	4
22	0	4
23	0	4
24	0	4
25	0	4
26	0	4
27	0	4
28	0	5
29	0	5
30	0	5
31	0	5
32	0	5
33	0	5
34	0	5
35	0	5
36	0	5
37	0	5
38	0	6
39	0	6
40	0	6
41	0	6
42	0	6
43	0	6
44	0	6
45	0	7
46	0	7
47	0	7
48	0	7
49	0	7
50	0	8
51	0	8
52	0	8
53	0	9
54	0	9
55	0	10
56	0	11
57	2	1
58	2	1
59	2	1
60	2	1
61	2	1
62	2	2
63	2	2
64	2	2
65	2	2
66	2	2
67	2	2
68	2	2
69	2	2
70	2	2
71	2	2
72	2	2
73	2	2
74	2	2
75	2	2
76	2	2
77	2	2
78	2	2
79	2	2
80	2	2
81	2	2
82	2	2
83	2	2
84	2	2
85	2	2
86	2	2
87	2	3
88	2	3
89	2	3
90	2	3
91	2	3
92	2	3
93	2	3
94	2	3
95	2	3
96	2	3
97	2	3
98	2	3
99	2	3
100	2	3
101	2	3
102	2	3
103	2	3
104	2	3
105	2	3
106	2	3
107	2	3
108	2	3
109	2	3
110	2	3
111	2	3
112	2	3
113	2	3
114	2	3
115	2	3
116	2	3
117	2	3
118	2	3
119	2	3
120	2	3
121	2	3
122	2	3
123	2	3
124	2	3
125	2	3
126	2	3
127	2	3
128	2	3
129	2	3
130	2	3
131	2	3
132	2	3
133	2	3
134	2	3
135	2	3
136	2	3
137	2	4
138	2	4
139	2	4
140	2	4
141	2	4
142	2	4
143	2	4
144	2	4
145	2	4
146	2	4
147	2	4
148	2	4
149	2	4
150	2	4
151	2	4
152	2	4
153	2	4
154	2	4
155	2	4
156	2	4
157	2	4
158	2	4
159	2	4
160	2	4
161	2	4
162	2	4
163	2	4
164	2	4
165	2	4
166	2	4
167	2	4
168	2	4
169	2	4
170	2	4
171	2	4
172	2	4
173	2	4
174	2	4
175	2	4
176	2	4
177	2	4
178	2	4
179	2	4
180	2	4
181	2	4
182	2	4
183	2	4
184	2	4
185	2	4
186	2	4
187	2	4
188	2	4
189	2	4
190	2	4
191	2	4
192	2	5
193	2	5
194	2	5
195	2	5
196	2	5
197	2	5
198	2	5
199	2	5
200	2	5
201	2	5
202	2	5
203	2	5
204	2	5
205	2	5
206	2	5
207	2	5
208	2	5
209	2	5
210	2	5
211	2	5
212	2	5
213	2	5
214	2	5
215	2	5
216	2	5
217	2	5
218	2	5
219	2	5
220	2	5
221	2	5
222	2	5
223	2	5
224	2	5
225	2	5
226	2	5
227	2	5
228	2	5
229	2	5
230	2	5
231	2	5
232	2	5
233	2	5
234	2	6
235	2	6
236	2	6
237	2	6
238	2	6
239	2	6
240	2	6
241	2	6
242	2	6
243	2	6
244	2	6
245	2	6
246	2	6
247	2	6
248	2	6
249	2	6
250	2	6
251	2	6
252	2	6
253	2	6
254	2	6
255	2	6
256	2	6
257	2	6
258	2	6
259	2	6
260	2	7
261	2	7
262	2	7
263	2	7
264	2	7
265	2	7
266	2	7
267	2	7
268	2	7
269	2	7
270	2	7
271	2	7
272	2	7
273	2	7
274	2	8
275	2	8
276	2	8
277	2	8
278	2	8
279	2	8
280	2	8
281	2	9
282	2	9
283	2	9
284	2	10
285	4	1
286	4	1
287	4	1
288	4	1
289	4	1
290	4	1
291	4	1
292	4	1
293	4	1
294	4	1
295	4	1
296	4	1
297	4	1
298	4	1
299	4	1
300	4	1
301	4	1
302	4	1
303	4	1
304	4	1
305	4	1
306	4	1
307	4	1
308	4	1
309	4	1
310	4	1
311	4	1
312	4	1
313	4	1
314	4	1
315	4	2
316	4	2
317	4	2
318	4	2
319	4	2
320	4	2
321	4	2
322	4	2
323	4	2
324	4	2
325	4	2
326	4	2
327	4	2
328	4	2
329	4	2
330	4	2
331	4	2
332	4	2
333	4	2
334	4	2
335	4	2
336	4	2
337	4	2
338	4	2
339	4	2
340	4	2
341	4	2
342	4	2
343	4	2
344	4	2
345	4	2
346	4	2
347	4	2
348	4	2
349	4	2
350	4	2
351	4	2
352	4	2
353	4	2
354	4	2
355	4	2
356	4	2
357	4	2
358	4	2
359	4	2
360	4	2
361	4	2
362	4	2
363	4	2
364	4	2
365	4	2
366	4	2
367	4	2
368	4	2
369	4	2
370	4	2
371	4	2
372	4	2
373	4	2
374	4	2
375	4	2
376	4	2
377	4	2
378	4	2
379	4	2
380	4	2
381	4	2
382	4	2
383	4	2
384	4	2
385	4	2
386	4	2
387	4	2
388	4	2
389	4	2
390	4	2
391	4	2
392	4	2
393	4	2
394	4	2
395	4	2
396	4	2
397	4	2
398	4	2
399	4	2
400	4	2
401	4	2
402	4	2
403	4	2
404	4	2
405	4	2
406	4	2
407	4	2
408	4	2
409	4	2
410	4	2
411	4	2
412	4	2
413	4	2
414	4	2
415	4	2
416	4	2
417	4	2
418	4	2
419	4	2
420	4	2
421	4	3
422	4	3
423	4	3
424	4	3
425	4	3
426	4	3
427	4	3
428	4	3
429	4	3
430	4	3
431	4	3
432	4	3
433	4	3
434	4	3
435	4	3
436	4	3
437	4	3
438	4	3
439	4	3
440	4	3
441	4	3
442	4	3
443	4	3
444	4	3
445	4	3
446	4	3
447	4	3
448	4	3
449	4	3
450	4	3
451	4	3
452	4	3
453	4	3
454	4	3
455	4	3
456	4	3
457	4	3
458	4	3
459	4	3
460	4	3
461	4	3
462	4	3
463	4	3
464	4	3
465	4	3
466	4	3
467	4	3
468	4	3
469	4	3
470	4	3
471	4	3
472	4	3
473	4	3
474	4	3
475	4	3
476	4	3
477	4	3
478	4	3
479	4	3
480	4	3
481	4	3
482	4	3
483	4	3
484	4	3
485	4	3
486	4	3
487	4	3
488	4	3
489	4	3
490	4	3
491	4	3
492	4	3
493	4	3
494	4	3
495	4	3
496	4	3
497	4	3
498	4	3
499	4	3
500	4	3
501	4	3
502	4	3
503	4	3
504	4	3
505	4	3
506	4	3
507	4	3
508	4	3
509	4	3
510	4	3
511	4	3
512	4	3
513	4	3
514	4	3
515	4	3
516	4	3
517	4	3
518	4	3
519	4	3
520	4	3
521	4	3
522	4	3
523	4	3
524	4	3
525	4	3
526	4	3
527	4	3
528	4	3
529	4	3
530	4	3
531	4	3
532	4	3
533	4	3
534	4	3
535	4	3
536	4	3
537	4	3
538	4	3
539	4	3
540	4	3
541	4	3
542	4	3
543	4	3
544	4	3
545	4	3
546	4	3
547	4	3
548	4	3
549	4	3
550	4	3
551	4	3
552	4	3
553	4	3
554	4	3
555	4	3
556	4	3
557	4	3
558	4	3
559	4	3
560	4	3
561	4	3
562	4	3
563	4	3
564	4	3
565	4	3
566	4	3
567	4	3
568	4	3
569	4	3
570	4	3
571	4	3
572	4	3
573	4	3
574	4	3
575	4	3
576	4	3
577	4	3
578	4	4
579	4	4
580	4	4
581	4	4
582	4	4
583	4	4
584	4	4
585	4	4
586	4	4
587	4	4
588	4	4
589	4	4
590	4	4
591	4	4
592	4	4
593	4	4
594	4	4
595	4	4
596	4	4
597	4	4
598	4	4
599	4	4
600	4	4
601	4	4
602	4	4
603	4	4
604	4	4
605	4	4
606	4	4
607	4	4
608	4	4
609	4	4
610	4	4
611	4	4
612	4	4
613	4	4
614	4	4
615	4	4
616	4	4
617	4	4
618	4	4
619	4	4
620	4	4
621	4	4
622	4	4
623	4	4
624	4	4
625	4	4
626	4	4
627	4	4
628	4	4
629	4	4
630	4	4
631	4	4
632	4	4
633	4	4
634	4	4
635	4	4
636	4	4
637	4	4
638	4	4
639	4	4
640	4	4
641	4	4
642	4	4
643	4	4
644	4	4
645	4	4
646	4	4
647	4	4
648	4	4
649	4	4
650	4	4
651	4	4
652	4	4
653	4	4
654	4	4
655	4	4
656	4	4
657	4	4
658	4	4
659	4	4
660	4	4
661	4	4
662	4	4
663	4	4
664	4	4
665	4	4
666	4	4
667	4	4
668	4	4
669	4	4
670	4	4
671	4	4
672	4	4
673	4	4
674	4	4
675	4	4
676	4	4
677	4	4
678	4	4
679	4	4
680	4	4
681	4	4
682	4	4
683	4	4
684	4	4
685	4	4
686	4	4
687	4	4
688	4	4
689	4	4
690	4	4
691	4	4
692	4	4
693	4	4
694	4	4
695	4	4
696	4	4
697	4	4
698	4	4
699	4	4
700	4	4
701	4	4
702	4	4
703	4	4
704	4	4
705	4	4
706	4	4
707	4	4
708	4	4
709	4	5
710	4	5
711	4	5
712	4	5
713	4	5
714	4	5
715	4	5
716	4	5
717	4	5
718	4	5
719	4	5
720	4	5
721	4	5
722	4	5
723	4	5
724	4	5
725	4	5
726	4	5
727	4	5
728	4	5
729	4	5
730	4	5
731	4	5
732	4	5
733	4	5
734	4	5
735	4	5
736	4	5
737	4	5
738	4	5
739	4	5
740	4	5
741	4	5
742	4	5
743	4	5
744	4	5
745	4	5
746	4	5
747	4	5
748	4	5
749	4	5
750	4	5
751	4	5
752	4	5
753	4	5
754	4	5
755	4	5
756	4	5
757	4	5
758	4	5
759	4	5
760	4	5
761	4	5
762	4	5
763	4	5
764	4	5
765	4	5
766	4	5
767	4	5
768	4	5
769	4	5
770	4	5
771	4	5
772	4	5
773	4	5
774	4	5
775	4	5
776	4	5
777	4	5
778	4	5
779	4	5
780	4	5
781	4	5
782	4	5
783	4	5
784	4	6
785	4	6
786	4	6
787	4	6
788	4	6
789	4	6
790	4	6
791	4	6
792	4	6
793	4	6
794	4	6
795	4	6
796	4	6
797	4	6
798	4	6
799	4	6
800	4	6
801	4	6
802	4	6
803	4	6
804	4	6
805	4	6
806	4	6
807	4	6
808	4	6
809	4	6
810	4	6
811	4	6
812	4	6
813	4	6
814	4	6
815	4	6
816	4	6
817	4	6
818	4	7
819	4	7
820	4	7
821	4	7
822	4	7
823	4	7
824	4	7
825	4	7
826	4	7
827	4	7
828	4	7
829	4	7
830	4	7
831	4	8
832	4	8
833	4	8
834	4	8
835	4	9
836	6	1
837	6	1
838	6	1
839	6	1
840	6	1
841	6	1
842	6	1
843	6	1
844	6	1
845	6	1
846	6	1
847	6	1
848	6	1
849	6	1
850	6	1
851	6	1
852	6	1
853	6	1
854	6	1
855	6	1
856	6	1
857	6	1
858	6	1
859	6	1
860	6	1
861	6	1
862	6	1
863	6	1
864	6	1
865	6	1
866	6	1
867	6	1
868	6	1
869	6	1
870	6	1
871	6	1
872	6	1
873	6	1
874	6	1
875	6	1
876	6	1
877	6	1
878	6	2
879	6	2
880	6	2
881	6	2
882	6	2
883	6	2
884	6	2
885	6	2
886	6	2
887	6	2
888	6	2
889	6	2
890	6	2
891	6	2
892	6	2
893	6	2
894	6	2
895	6	2
896	6	2
897	6	2
898	6	2
899	6	2
900	6	2
901	6	2
902	6	2
903	6	2
904	6	2
905	6	2
906	6	2
907	6	2
908	6	2
909	6	2
910	6	2
911	6	2
912	6	2
913	6	2
914	6	2
915	6	2
916	6	2
917	6	2
918	6	2
919	6	2
920	6	2
921	6	2
922	6	2
923	6	2
924	6	2
925	6	2
926	6	2
927	6	2
928	6	2
929	6	2
930	6	2
931	6	2
932	6	2
933	6	2
934	6	2
935	6	2
936	6	2
937	6	2
938	6	2
939	6	2
940	6	2
941	6	2
942	6	2
943	6	2
944	6	2
945	6	2
946	6	2
947	6	2
948	6	2
949	6	2
950	6	2
951	6	2
952	6	2
953	6	2
954	6	2
955	6	2
956	6	2
957	6	2
958	6	2
959	6	2
960	6	2
961	6	2
962	6	2
963	6	2
964	6	2
965	6	2
966	6	2
967	6	2
968	6	2
969	6	2
970	6	2
971	6	2
972	6	2
973	6	2
974	6	2
975	6	2
976	6	2
977	6	2
978	6	2
979	6	2
980	6	2
981	6	2
982	6	2
983	6	2
984	6	2
985	6	2
986	6	2
987	6	2
988	6	2
989	6	2
990	6	2
991	6	2
992	6	2
993	6	2
994	6	2
995	6	2
996	6	2
997	6	2
998	6	2
999	6	2
1000	6	2
1001	6	2
1002	6	2
1003	6	2
1004	6	2
1005	6	2
1006	6	3
1007	6	3
1008	6	3
1009	6	3
1010	6	3
1011	6	3
1012	6	3
1013	6	3
1014	6	3
1015	6	3
1016	6	3
1017	6	3
1018	6	3
1019	6	3
1020	6	3
1021	6	3
1022	6	3
1023	6	3
1024	6	3
1025	6	3
1026	6	3
1027	6	3
1028	6	3
1029	6	3
1030	6	3
1031	6	3
1032	6	3
1033	6	3
1034	6	3
1035	6	3
1036	6	3
1037	6	3
1038	6	3
1039	6	3
1040	6	3
1041	6	3
1042	6	3
1043	6	3
1044	6	3
1045	6	3
1046	6	3
1047	6	3
1048	6	3
1049	6	3
1050	6	3
1051	6	3
1052	6	3
1053	6	3
1054	6	3
1055	6	3
1056	6	3
1057	6	3
1058	6	3
1059	6	3
1060	6	3
1061	6	3
1062	6	3
1063	6	3
1064	6	3
1065	6	3
1066	6	3
1067	6	3
1068	6	3
1069	6	3
1070	6	3
1071	6	3
1072	6	3
1073	6	3
1074	6	3
1075	6	3
1076	6	3
1077	6	3
1078	6	3
1079	6	3
1080	6	3
1081	6	3
1082	6	3
1083	6	3
1084	6	3
1085	6	3
1086	6	3
1087	6	3
1088	6	3
1089	6	3
1090	6	3
1091	6	3
1092	6	3
1093	6	3
1094	6	3
1095	6	3
1096	6	3
1097	6	3
1098	6	3
1099	6	3
1100	6	3
1101	6	3
1102	6	3
1103	6	3
1104	6	3
1105	6	3
1106	6	3
1107	6	3
1108	6	3
1109	6	3
1110	6	3
1111	6	3
1112	6	3
1113	6	3
1114	6	3
1115	6	3
1116	6	3
1117	6	3
1118	6	3
1119	6	3
1120	6	3
1121	6	3
1122	6	3
1123	6	3
1124	6	3
1125	6	3
1126	6	3
1127	6	3
1128	6	3
1129	6	3
1130	6	3
1131	6	3
1132	6	3
1133	6	3
1134	6	3
1135	6	3
1136	6	3
1137	6	3
1138	6	3
1139	6	3
1140	6	3
1141	6	3
1142	6	3
1143	6	3
1144	6	3
1145	6	3
1146	6	3
1147	6	3
1148	6	3
1149	6	3
1150	6	3
1151	6	3
1152	6	3
1153	6	3
1154	6	3
1155	6	3
1156	6	3
1157	6	3
1158	6	3
1159	6	3
1160	6	3
1161	6	3
1162	6	4
1163	6	4
1164	6	4
1165	6	4
1166	6	4
1167	6	4
1168	6	4
1169	6	4
1170	6	4
1171	6	4
1172	6	4
1173	6	4
1174	6	4
1175	6	4
1176	6	4
1177	6	4
1178	6	4
1179	6	4
1180	6	4
1181	6	4
1182	6	4
1183	6	4
1184	6	4
1185	6	4
1186	6	4
1187	6	4
1188	6	4
1189	6	4
1190	6	4
1191	6	4
1192	6	4
1193	6	4
1194	6	4
1195	6	4
1196	6	4
1197	6	4
1198	6	4
1199	6	4
1200	6	4
1201	6	4
1202	6	4
1203	6	4
1204	6	4
1205	6	4
1206	6	4
1207	6	4
1208	6	4
1209	6	4
1210	6	4
1211	6	4
1212	6	4
1213	6	4
1214	6	4
1215	6	4
1216	6	4
1217	6	4
1218	6	4
1219	6	4
1220	6	4
1221	6	4
1222	6	4
1223	6	4
1224	6	4
1225	6	4
1226	6	4
1227	6	4
1228	6	4
1229	6	4
1230	6	4
1231	6	4
1232	6	4
1233	6	4
1234	6	4
1235	6	4
1236	6	4
1237	6	4
1238	6	4
1239	6	4
1240	6	4
1241	6	4
1242	6	4
1243	6	4
1244	6	4
1245	6	4
1246	6	4
1247	6	4
1248	6	4
1249	6	4
1250	6	4
1251	6	4
1252	6	4
1253	6	4
1254	6	4
1255	6	4
1256	6	4
1257	6	4
1258	6	4
1259	6	4
1260	6	4
1261	6	4
1262	6	5
1263	6	5
1264	6	5
1265	6	5
1266	6	5
1267	6	5
1268	6	5
1269	6	5
1270	6	5
1271	6	5
1272	6	5
1273	6	5
1274	6	5
1275	6	5
1276	6	5
1277	6	5
1278	6	5
1279	6	5
1280	6	5
1281	6	5
1282	6	5
1283	6	5
1284	6	5
1285	6	5
1286	6	5
1287	6	5
1288	6	5
1289	6	5
1290	6	5
1291	6	5
1292	6	5
1293	6	5
1294	6	5
1295	6	5
1296	6	5
1297	6	5
1298	6	5
1299	6	5
1300	6	5
1301	6	6
1302	6	6
1303	6	6
1304	6	6
1305	6	6
1306	6	6
1307	6	6
1308	6	6
1309	6	6
1310	6	6
1311	6	6
1312	6	7
1313	6	7
1314	8	1
1315	8	1
1316	8	1
1317	8	1
1318	8	1
1319	8	1
1320	8	1
1321	8	1
1322	8	1
1323	8	1
1324	8	1
1325	8	1
1326	8	1
1327	8	1
1328	8	1
1329	8	2
1330	8	2
1331	8	2
1332	8	2
1333	8	2
1334	8	2
1335	8	2
1336	8	2
1337	8	2
1338	8	2
1339	8	2
1340	8	2
1341	8	2
1342	8	2
1343	8	2
1344	8	2
1345	8	2
1346	8	2
1347	8	2
1348	8	2
1349	8	2
1350	8	2
1351	8	2
1352	8	2
1353	8	2
1354	8	2
1355	8	2
1356	8	2
1357	8	2
1358	8	2
1359	8	2
1360	8	2
1361	8	2
1362	8	2
1363	8	2
1364	8	2
1365	8	2
1366	8	2
1367	8	2
1368	8	2
1369	8	2
1370	8	2
1371	8	2
1372	8	2
1373	8	2
1374	8	2
1375	8	2
1376	8	3
1377	8	3
1378	8	3
1379	8	3
1380	8	3
1381	8	3
1382	8	3
1383	8	3
1384	8	3
1385	8	3
1386	8	3
1387	8	3
1388	8	3
1389	8	3
1390	8	3
1391	8	3
1392	8	3
1393	8	3
1394	8	3
1395	8	3
1396	8	3
1397	8	3
1398	8	3
1399	8	3
1400	8	3
1401	8	3
1402	8	3
1403	8	3
1404	8	3
1405	8	3
1406	8	3
1407	8	3
1408	8	3
1409	8	3
1410	8	3
1411	8	3
1412	8	3
1413	8	3
1414	8	3
1415	8	3
1416	8	3
1417	8	3
1418	8	3
1419	8	3
1420	8	3
1421	8	3
1422	8	3
1423	8	3
1424	8	3
1425	8	3
1426	8	3
1427	8	3
1428	8	3
1429	8	4
1430	8	4
1431	8	4
1432	8	4
1433	8	4
1434	8	4
1435	8	4
1436	8	4
1437	8	4
1438	8	4
1439	8	4
1440	8	4
1441	8	4
1442	8	4
1443	8	4
1444	8	4
1445	8	4
1446	8	4
1447	8	4
1448	8	4
1449	8	4
1450	8	4
1451	8	4
1452	8	4
1453	8	4
1454	8	4
1455	8	5
1456	8	5
1457	8	5
1458	8	5
1459	8	5
1460	8	5
1461	10	1
1462	10	2
1463	10	2
1464	10	2
1465	10	2
1466	10	2
1467	10	3
1468	10	3
1469	10	3
1470	10	3
1471	10	3
1472	10	3
1473	10	4
